SSRL   MicroEXAFS Data Collector 2.0 
Thu Jul 04 16:42:35 2019
PTS:	205	COLS:	24
alexbox-4ch-xspress.det
RuL3_edge_cell.rgn
SSRL BEAMLINE
COMMENTS





S1VGAP: 0.800000	S1HGAP: 2.500000	TABLEHORZ: 6.000000	SAMPLEV: 41.000000	CALVERT: 4.100521	BPVRT: 46.052197	M1VERT: 6.983426	SAMPLEHOLD: 25.998010	S1HTRAN: 4.481500	

Weights:
 1.000	1.000	1.000	1.000	1.000	1.000	1.000	1.000	1.000	1.000	1.000	1.000	1.000	1.000	1.000	1.000	1.000	1.000	1.000	1.000	1.000	1.000	
Offsets:
 207.7	877.2	4819.6	0.0	125.3	562.6	0.0	0.0	0.0	0.0	0.1	2.1	0.0	1.0	0.0	0.0	0.0	0.0	79705487.8	79705487.8	79705487.8	79705487.8	
Data:
Real Time Clock
Requested Energy
I0   
I1   
I2   
I3   
MPFB1   
MPFB2   
FF1   
FF2   
FF3   
FF4   
ICR1   
ICR2   
ICR3   
ICR4   
SCA2.1   
SCA2.2   
SCA2.3   
SCA2.4   
TIME1   
TIME2   
TIME3   
TIME4   

1.0	2810.00097656	322053.3125	-43.2000007629	2430.39990234	0.0	-40.2999992371	-40.5999984741	238.0	46.0	0.0	12.0	19342.9003906	7669.89990234	0.0	1702.0	0.0	0.0	0.0	0.0	-4082241.75	-4082241.75	-4082241.75	-4082241.75	
1.0	2810.99975586	322127.3125	-44.2000007629	2456.39990234	0.0	-40.2999992371	-42.5999984741	237.0	79.0	0.0	19.0	20267.9003906	8183.89990234	0.0	1756.0	0.0	0.0	0.0	0.0	-2556639.75	-2556639.75	-2556639.75	-2556639.75	
1.0	2811.99951172	322043.3125	-44.2000007629	2429.39990234	0.0	-37.2999992371	-42.5999984741	223.0	64.0	0.0	24.0	19941.9003906	8044.89990234	0.0	1846.0	0.0	0.0	0.0	0.0	-2675917.75	-2675917.75	-2675917.75	-2675917.75	
1.0	2813.00024414	322106.3125	-47.2000007629	2423.39990234	0.0	-38.2999992371	-40.5999984741	219.0	62.0	0.0	22.0	20119.9003906	7752.89990234	0.0	1851.0	0.0	0.0	0.0	0.0	-3038733.75	-3038733.75	-3038733.75	-3038733.75	
1.0	2813.99951172	322059.3125	-47.2000007629	2429.39990234	0.0	-39.2999992371	-43.5999984741	223.0	66.0	0.0	21.0	19458.9003906	8049.89990234	0.0	1768.0	0.0	0.0	0.0	0.0	-3544905.75	-3544905.75	-3544905.75	-3544905.75	
1.0	2815.0	322099.3125	-45.2000007629	2435.39990234	0.0	-37.2999992371	-43.5999984741	212.0	75.0	0.0	21.0	19727.9003906	8192.90039062	0.0	1747.0	0.0	0.0	0.0	0.0	-2678878.75	-2678878.75	-2678878.75	-2678878.75	
1.0	2815.99902344	321964.3125	-48.2000007629	2460.39990234	0.0	-38.2999992371	-54.5999984741	221.0	63.0	0.0	29.0	20041.9003906	8129.89990234	0.0	1893.0	0.0	0.0	0.0	0.0	-2661552.75	-2661552.75	-2661552.75	-2661552.75	
1.0	2816.99902344	322081.3125	-45.2000007629	2435.39990234	0.0	-39.2999992371	-39.5999984741	223.0	57.0	0.0	22.0	20021.9003906	8081.89990234	0.0	1855.0	0.0	0.0	0.0	0.0	-2707363.75	-2707363.75	-2707363.75	-2707363.75	
1.0	2818.0	322143.3125	-46.2000007629	2435.39990234	0.0	-38.2999992371	-38.5999984741	237.0	50.0	0.0	19.0	20038.9003906	7990.89990234	0.0	1852.0	0.0	0.0	0.0	0.0	-2962999.75	-2962999.75	-2962999.75	-2962999.75	
1.0	2818.99975586	322209.3125	-47.2000007629	2445.39990234	0.0	-40.2999992371	-45.5999984741	228.0	70.0	0.0	19.0	20350.9003906	8132.89990234	0.0	1823.0	0.0	0.0	0.0	0.0	-3147466.75	-3147466.75	-3147466.75	-3147466.75	
1.0	2820.00048828	322208.3125	-47.2000007629	2456.39990234	0.0	-38.2999992371	-41.5999984741	216.0	69.0	0.0	22.0	20141.9003906	8089.89990234	0.0	1911.0	0.0	0.0	0.0	0.0	-2651887.75	-2651887.75	-2651887.75	-2651887.75	
1.0	2820.99975586	322152.3125	-46.2000007629	2433.39990234	0.0	-39.2999992371	-42.5999984741	213.0	67.0	0.0	22.0	20492.9003906	8127.89990234	0.0	1829.0	0.0	0.0	0.0	0.0	-3113265.75	-3113265.75	-3113265.75	-3113265.75	
1.0	2822.0	321913.3125	-48.2000007629	2442.39990234	0.0	-40.2999992371	-42.5999984741	227.0	59.0	0.0	23.0	20102.9003906	8104.89990234	0.0	1950.0	0.0	0.0	0.0	0.0	-3891391.75	-3891391.75	-3891391.75	-3891391.75	
1.0	2822.9987793	321962.3125	-50.2000007629	2455.39990234	0.0	-38.2999992371	-42.5999984741	263.0	83.0	0.0	13.0	20111.9003906	8053.89990234	0.0	1761.0	0.0	0.0	0.0	0.0	-3170627.75	-3170627.75	-3170627.75	-3170627.75	
1.0	2824.0012207	322022.3125	-46.2000007629	2435.39990234	0.0	-39.2999992371	-45.5999984741	255.0	79.0	0.0	26.0	20210.9003906	8201.90039062	0.0	1810.0	0.0	0.0	0.0	0.0	-2858644.75	-2858644.75	-2858644.75	-2858644.75	
1.0	2824.99951172	321837.3125	-45.2000007629	2446.39990234	0.0	-41.2999992371	-61.5999984741	241.0	72.0	0.0	27.0	20459.9003906	8054.89990234	0.0	1792.0	0.0	0.0	0.0	0.0	-3492788.75	-3492788.75	-3492788.75	-3492788.75	
1.0	2825.99902344	321718.3125	-68.1999969482	2460.39990234	0.0	-39.2999992371	-52.5999984741	244.0	71.0	0.0	24.0	20149.9003906	8295.90039062	0.0	1883.0	0.0	0.0	0.0	0.0	-2819791.75	-2819791.75	-2819791.75	-2819791.75	
1.0	2826.99951172	321553.3125	-52.2000007629	2480.39990234	0.0	-42.2999992371	-43.5999984741	235.0	87.0	0.0	22.0	20579.9003906	8137.89990234	0.0	1923.0	0.0	0.0	0.0	0.0	-3269218.75	-3269218.75	-3269218.75	-3269218.75	
1.0	2828.0012207	321732.3125	-48.2000007629	2451.39990234	0.0	-41.2999992371	-46.5999984741	263.0	87.0	0.0	23.0	20815.9003906	8150.89990234	0.0	1839.0	0.0	0.0	0.0	0.0	-3335006.75	-3335006.75	-3335006.75	-3335006.75	
1.0	2829.0012207	321952.3125	-52.2000007629	2456.39990234	0.0	-48.2999992371	-45.5999984741	262.0	85.0	0.0	21.0	20778.9003906	8463.90039062	0.0	1864.0	0.0	0.0	0.0	0.0	-2935315.75	-2935315.75	-2935315.75	-2935315.75	
1.0	2829.99975586	321893.3125	-50.2000007629	2454.39990234	0.0	-43.2999992371	-45.5999984741	248.0	87.0	0.0	20.0	20328.9003906	8330.90039062	0.0	1859.0	0.0	0.0	0.0	0.0	-3275634.75	-3275634.75	-3275634.75	-3275634.75	
1.0	2830.99951172	321878.3125	-50.2000007629	2449.39990234	0.0	-46.2999992371	-47.5999984741	244.0	95.0	0.0	22.0	21046.9003906	8276.90039062	0.0	1877.0	0.0	0.0	0.0	0.0	-2762423.75	-2762423.75	-2762423.75	-2762423.75	
1.0	2832.00024414	321838.3125	-50.2000007629	2446.39990234	0.0	-47.2999992371	-42.5999984741	273.0	91.0	0.0	19.0	21249.9003906	8236.90039062	0.0	1846.0	0.0	0.0	0.0	0.0	-3260245.75	-3260245.75	-3260245.75	-3260245.75	
1.0	2832.99926758	322050.3125	-62.2000007629	2469.39990234	0.0	-47.2999992371	-44.5999984741	242.0	105.0	0.0	26.0	20121.9003906	8474.90039062	0.0	1825.0	0.0	0.0	0.0	0.0	-2712848.75	-2712848.75	-2712848.75	-2712848.75	
1.0	2833.99951172	322131.3125	-58.2000007629	2484.39990234	0.0	-44.2999992371	-44.5999984741	239.0	109.0	0.0	20.0	20280.9003906	8426.90039062	0.0	1950.0	0.0	0.0	0.0	0.0	-3225739.75	-3225739.75	-3225739.75	-3225739.75	
1.0	2835.00073242	322382.3125	-62.2000007629	2452.39990234	0.0	-32.2999992371	-45.5999984741	240.0	94.0	0.0	17.0	21044.9003906	8334.90039062	0.0	1906.0	0.0	0.0	0.0	0.0	-3068483.75	-3068483.75	-3068483.75	-3068483.75	
1.0	2836.00073242	322168.3125	-59.2000007629	2467.39990234	0.0	-29.2999992371	-47.5999984741	269.0	139.0	0.0	21.0	20948.9003906	8716.90039062	0.0	1872.0	0.0	0.0	0.0	0.0	-2796958.75	-2796958.75	-2796958.75	-2796958.75	
1.0	2836.40039062	322089.3125	-61.2000007629	2464.39990234	0.0	-33.2999992371	-41.5999984741	257.0	133.0	0.0	20.0	20612.9003906	8598.90039062	0.0	1786.0	0.0	0.0	0.0	0.0	-2873951.75	-2873951.75	-2873951.75	-2873951.75	
1.0	2836.55053711	322242.3125	-59.2000007629	2477.39990234	0.0	-31.2999992371	-40.5999984741	309.0	158.0	0.0	24.0	20907.9003906	8604.90039062	0.0	1916.0	0.0	0.0	0.0	0.0	-3231526.75	-3231526.75	-3231526.75	-3231526.75	
1.0	2836.70092773	322027.3125	-61.2000007629	2456.39990234	0.0	-32.2999992371	-41.5999984741	283.0	140.0	0.0	20.0	21120.9003906	8621.90039062	0.0	1963.0	0.0	0.0	0.0	0.0	-2651699.75	-2651699.75	-2651699.75	-2651699.75	
1.0	2836.85107422	322100.3125	-57.2000007629	2473.39990234	0.0	-40.2999992371	-44.5999984741	293.0	143.0	0.0	15.0	20837.9003906	8461.90039062	0.0	1881.0	0.0	0.0	0.0	0.0	-3087567.75	-3087567.75	-3087567.75	-3087567.75	
1.0	2836.9987793	322061.3125	-58.2000007629	2467.39990234	0.0	-46.2999992371	-45.5999984741	295.0	170.0	0.0	23.0	20577.9003906	8621.90039062	0.0	1960.0	0.0	0.0	0.0	0.0	-2967457.75	-2967457.75	-2967457.75	-2967457.75	
1.0	2837.14916992	322203.3125	-58.2000007629	2493.39990234	0.0	-36.2999992371	-44.5999984741	279.0	173.0	0.0	23.0	20680.9003906	8689.90039062	0.0	1861.0	0.0	0.0	0.0	0.0	-2773626.75	-2773626.75	-2773626.75	-2773626.75	
1.0	2837.29956055	322066.3125	-61.2000007629	2492.39990234	0.0	-35.2999992371	-44.5999984741	337.0	198.0	0.0	29.0	20800.9003906	8771.90039062	0.0	1902.0	0.0	0.0	0.0	0.0	-3016033.75	-3016033.75	-3016033.75	-3016033.75	
1.0	2837.44995117	322017.3125	-59.2000007629	2471.39990234	0.0	-36.2999992371	-40.5999984741	323.0	222.0	0.0	19.0	20912.9003906	8562.90039062	0.0	1918.0	0.0	0.0	0.0	0.0	-2852632.75	-2852632.75	-2852632.75	-2852632.75	
1.0	2837.6003418	322205.3125	-63.2000007629	2482.39990234	0.0	-33.2999992371	-44.5999984741	318.0	230.0	0.0	15.0	20725.9003906	8611.90039062	0.0	1841.0	0.0	0.0	0.0	0.0	-3290628.75	-3290628.75	-3290628.75	-3290628.75	
1.0	2837.75073242	322081.3125	-57.2000007629	2462.39990234	0.0	-36.2999992371	-45.5999984741	341.0	235.0	0.0	19.0	21290.9003906	8826.90039062	0.0	1923.0	0.0	0.0	0.0	0.0	-2604858.75	-2604858.75	-2604858.75	-2604858.75	
1.0	2837.90136719	321759.3125	-60.2000007629	2449.39990234	0.0	-34.2999992371	-54.5999984741	371.0	249.0	0.0	16.0	20510.9003906	8695.90039062	0.0	1928.0	0.0	0.0	0.0	0.0	-2945586.75	-2945586.75	-2945586.75	-2945586.75	
1.0	2838.04907227	321833.3125	-58.2000007629	2451.39990234	0.0	-31.2999992371	-54.5999984741	382.0	270.0	0.0	21.0	20725.9003906	8741.90039062	0.0	1908.0	0.0	0.0	0.0	0.0	-2685141.75	-2685141.75	-2685141.75	-2685141.75	
1.0	2838.19970703	321902.3125	-57.2000007629	2473.39990234	0.0	-25.2999992371	-57.5999984741	398.0	290.0	0.0	23.0	20945.9003906	8844.90039062	0.0	1898.0	0.0	0.0	0.0	0.0	-2850636.75	-2850636.75	-2850636.75	-2850636.75	
1.0	2838.35009766	321734.3125	-58.2000007629	2457.39990234	0.0	-24.2999992371	-58.5999984741	413.0	333.0	0.0	13.0	20810.9003906	8715.90039062	0.0	1883.0	0.0	0.0	0.0	0.0	-3078686.75	-3078686.75	-3078686.75	-3078686.75	
1.0	2838.50073242	321807.3125	-60.2000007629	2451.39990234	0.0	-25.2999992371	-53.5999984741	446.0	346.0	0.0	16.0	21631.9003906	9012.90039062	0.0	1862.0	0.0	0.0	0.0	0.0	-2724927.75	-2724927.75	-2724927.75	-2724927.75	
1.0	2838.64868164	321960.3125	-76.1999969482	2430.39990234	0.0	-26.2999992371	-54.5999984741	419.0	350.0	0.0	22.0	21056.9003906	8856.90039062	0.0	1952.0	0.0	0.0	0.0	0.0	-2904431.75	-2904431.75	-2904431.75	-2904431.75	
1.0	2838.79931641	321742.3125	-76.1999969482	2460.39990234	0.0	-34.2999992371	-57.5999984741	471.0	417.0	0.0	21.0	20637.9003906	9004.90039062	0.0	1788.0	0.0	0.0	0.0	0.0	-3165823.75	-3165823.75	-3165823.75	-3165823.75	
1.0	2838.94995117	321650.3125	-80.1999969482	2442.39990234	0.0	-32.2999992371	-58.5999984741	510.0	415.0	0.0	19.0	21236.9003906	9202.90039062	0.0	1905.0	0.0	0.0	0.0	0.0	-2666157.75	-2666157.75	-2666157.75	-2666157.75	
1.0	2839.10058594	321714.3125	-62.2000007629	2449.39990234	0.0	-32.2999992371	-59.5999984741	535.0	474.0	0.0	31.0	20614.9003906	9181.90039062	0.0	1944.0	0.0	0.0	0.0	0.0	-2600060.75	-2600060.75	-2600060.75	-2600060.75	
1.0	2839.2487793	321754.3125	-61.2000007629	2470.39990234	0.0	-35.2999992371	-59.5999984741	584.0	493.0	0.0	21.0	21467.9003906	9146.90039062	0.0	1863.0	0.0	0.0	0.0	0.0	-3020885.75	-3020885.75	-3020885.75	-3020885.75	
1.0	2839.39941406	321730.3125	-61.2000007629	2469.39990234	0.0	-34.2999992371	-56.5999984741	635.0	546.0	0.0	23.0	21277.9003906	9307.90039062	0.0	1908.0	0.0	0.0	0.0	0.0	-3281838.75	-3281838.75	-3281838.75	-3281838.75	
1.0	2839.55004883	321535.3125	-59.2000007629	2456.39990234	0.0	-34.2999992371	-55.5999984741	679.0	601.0	0.0	24.0	20801.9003906	9300.90039062	0.0	1878.0	0.0	0.0	0.0	0.0	-3232739.75	-3232739.75	-3232739.75	-3232739.75	
1.0	2839.70092773	321424.3125	-59.2000007629	2454.39990234	0.0	-34.2999992371	-55.5999984741	724.0	694.0	0.0	15.0	21023.9003906	9513.90039062	0.0	1925.0	0.0	0.0	0.0	0.0	-3300055.75	-3300055.75	-3300055.75	-3300055.75	
1.0	2839.84912109	321721.3125	-57.2000007629	2454.39990234	0.0	-32.2999992371	-53.5999984741	833.0	758.0	0.0	24.0	21459.9003906	9618.90039062	0.0	1969.0	0.0	0.0	0.0	0.0	-2857174.75	-2857174.75	-2857174.75	-2857174.75	
1.0	2840.0	321564.3125	-57.2000007629	2467.39990234	0.0	-33.2999992371	-51.5999984741	858.0	858.0	0.0	25.0	21465.9003906	9764.90039062	0.0	1958.0	0.0	0.0	0.0	0.0	-3238378.75	-3238378.75	-3238378.75	-3238378.75	
1.0	2840.15063477	321643.3125	-53.2000007629	2447.39990234	0.0	-16.2999992371	-50.5999984741	1012.0	948.0	0.0	22.0	21640.9003906	9938.90039062	0.0	2002.0	0.0	0.0	0.0	0.0	-2811079.75	-2811079.75	-2811079.75	-2811079.75	
1.0	2840.29907227	321525.3125	-58.2000007629	2453.39990234	0.0	-17.2999992371	-67.5999984741	998.0	1035.0	0.0	16.0	21438.9003906	10175.9003906	0.0	1934.0	0.0	0.0	0.0	0.0	-3296202.75	-3296202.75	-3296202.75	-3296202.75	
1.0	2840.44970703	321488.3125	-58.2000007629	2446.39990234	0.0	-15.3000001907	-72.5999984741	1091.0	1146.0	0.0	20.0	21725.9003906	10269.9003906	0.0	1934.0	0.0	0.0	0.0	0.0	-2909523.75	-2909523.75	-2909523.75	-2909523.75	
1.0	2840.60058594	321640.3125	-58.2000007629	2431.39990234	0.0	-15.3000001907	-71.5999984741	1106.0	1284.0	0.0	19.0	21642.9003906	10553.9003906	0.0	1858.0	0.0	0.0	0.0	0.0	-2626353.75	-2626353.75	-2626353.75	-2626353.75	
1.0	2840.74902344	321340.3125	-61.2000007629	2463.39990234	0.0	-15.3000001907	-59.5999984741	1246.0	1306.0	0.0	33.0	21940.9003906	10572.9003906	0.0	1953.0	0.0	0.0	0.0	0.0	-2967926.75	-2967926.75	-2967926.75	-2967926.75	
1.0	2840.89990234	321232.3125	-61.2000007629	2458.39990234	0.0	-13.3000001907	-55.5999984741	1269.0	1307.0	0.0	21.0	21722.9003906	10355.9003906	0.0	1968.0	0.0	0.0	0.0	0.0	-2967345.75	-2967345.75	-2967345.75	-2967345.75	
1.0	2841.05102539	321404.3125	-60.2000007629	2457.39990234	0.0	-13.3000001907	-53.5999984741	1330.0	1297.0	0.0	15.0	22761.9003906	10538.9003906	0.0	1785.0	0.0	0.0	0.0	0.0	-2668496.75	-2668496.75	-2668496.75	-2668496.75	
1.0	2841.19921875	321325.3125	-60.2000007629	2452.39990234	0.0	-16.2999992371	-72.5999984741	1257.0	1289.0	0.0	17.0	21965.9003906	10476.9003906	0.0	1973.0	0.0	0.0	0.0	0.0	-2944574.75	-2944574.75	-2944574.75	-2944574.75	
1.0	2841.3503418	321519.3125	-60.2000007629	2466.39990234	0.0	-34.2999992371	-72.5999984741	1201.0	1226.0	0.0	24.0	22027.9003906	10583.9003906	0.0	1936.0	0.0	0.0	0.0	0.0	-3019713.75	-3019713.75	-3019713.75	-3019713.75	
1.0	2841.4987793	321352.3125	-59.2000007629	2474.39990234	0.0	-40.2999992371	-54.5999984741	1175.0	1231.0	0.0	17.0	21876.9003906	10394.9003906	0.0	1854.0	0.0	0.0	0.0	0.0	-2866810.75	-2866810.75	-2866810.75	-2866810.75	
1.0	2841.64990234	321123.3125	-60.2000007629	2475.39990234	0.0	-39.2999992371	-61.5999984741	1031.0	1089.0	0.0	23.0	21573.9003906	10133.9003906	0.0	1776.0	0.0	0.0	0.0	0.0	-3288785.75	-3288785.75	-3288785.75	-3288785.75	
1.0	2841.80078125	321314.3125	-51.2000007629	2471.39990234	0.0	-37.2999992371	-63.5999984741	1004.0	996.0	0.0	22.0	21697.9003906	10091.9003906	0.0	1918.0	0.0	0.0	0.0	0.0	-2981647.75	-2981647.75	-2981647.75	-2981647.75	
1.0	2841.94946289	321046.3125	-50.2000007629	2457.39990234	0.0	-37.2999992371	-62.5999984741	970.0	978.0	0.0	23.0	21779.9003906	9995.90039062	0.0	1916.0	0.0	0.0	0.0	0.0	-3114089.75	-3114089.75	-3114089.75	-3114089.75	
1.0	2842.10058594	321345.3125	-50.2000007629	2465.39990234	0.0	-38.2999992371	-62.5999984741	811.0	893.0	0.0	28.0	21558.9003906	9723.90039062	0.0	1895.0	0.0	0.0	0.0	0.0	-3253421.75	-3253421.75	-3253421.75	-3253421.75	
1.0	2842.24902344	320988.3125	-53.2000007629	2442.39990234	0.0	-37.2999992371	-55.5999984741	843.0	824.0	0.0	24.0	21866.9003906	9818.90039062	0.0	1927.0	0.0	0.0	0.0	0.0	-3003000.75	-3003000.75	-3003000.75	-3003000.75	
1.0	2842.40014648	321064.3125	-49.2000007629	2459.39990234	0.0	-37.2999992371	-50.5999984741	771.0	731.0	0.0	30.0	21291.9003906	9714.90039062	0.0	1944.0	0.0	0.0	0.0	0.0	-3021275.75	-3021275.75	-3021275.75	-3021275.75	
1.0	2842.54882812	321127.3125	-48.2000007629	2459.39990234	0.0	-36.2999992371	-54.5999984741	705.0	735.0	0.0	21.0	21220.9003906	9548.90039062	0.0	2019.0	0.0	0.0	0.0	0.0	-2891885.75	-2891885.75	-2891885.75	-2891885.75	
1.0	2842.69995117	321032.3125	-50.2000007629	2471.39990234	0.0	-34.2999992371	-51.5999984741	661.0	636.0	0.0	25.0	21454.9003906	9341.90039062	0.0	2003.0	0.0	0.0	0.0	0.0	-3279724.75	-3279724.75	-3279724.75	-3279724.75	
1.0	2842.84863281	321086.3125	-49.2000007629	2458.39990234	0.0	-34.2999992371	-60.5999984741	634.0	586.0	0.0	21.0	20984.9003906	9379.90039062	0.0	1922.0	0.0	0.0	0.0	0.0	-3298885.75	-3298885.75	-3298885.75	-3298885.75	
1.0	2843.0	320999.3125	-50.2000007629	2463.39990234	0.0	-32.2999992371	-66.5999984741	586.0	511.0	0.0	20.0	21625.9003906	9233.90039062	0.0	1893.0	0.0	0.0	0.0	0.0	-3283209.75	-3283209.75	-3283209.75	-3283209.75	
1.0	2843.15136719	320966.3125	-54.2000007629	2467.39990234	0.0	-26.2999992371	-59.5999984741	512.0	500.0	0.0	17.0	21223.9003906	9343.90039062	0.0	2009.0	0.0	0.0	0.0	0.0	-3130312.75	-3130312.75	-3130312.75	-3130312.75	
1.0	2843.30004883	321002.3125	-52.2000007629	2453.39990234	0.0	-21.2999992371	-56.5999984741	543.0	475.0	0.0	20.0	21605.9003906	9324.90039062	0.0	1926.0	0.0	0.0	0.0	0.0	-2517136.75	-2517136.75	-2517136.75	-2517136.75	
1.0	2843.44873047	321075.3125	-53.2000007629	2442.39990234	0.0	-21.2999992371	-53.5999984741	516.0	394.0	0.0	18.0	21114.9003906	9165.90039062	0.0	1891.0	0.0	0.0	0.0	0.0	-2644221.75	-2644221.75	-2644221.75	-2644221.75	
1.0	2843.60009766	320981.3125	-54.2000007629	2446.39990234	0.0	-22.2999992371	-56.5999984741	487.0	424.0	0.0	25.0	21241.9003906	9168.90039062	0.0	1941.0	0.0	0.0	0.0	0.0	-2877286.75	-2877286.75	-2877286.75	-2877286.75	
1.0	2843.74902344	320987.3125	-53.2000007629	2474.39990234	0.0	-21.2999992371	-55.5999984741	460.0	372.0	0.0	20.0	21324.9003906	9131.90039062	0.0	1973.0	0.0	0.0	0.0	0.0	-3395607.75	-3395607.75	-3395607.75	-3395607.75	
1.0	2843.90039062	320761.3125	-47.2000007629	2468.39990234	0.0	-14.3000001907	-54.5999984741	457.0	370.0	0.0	22.0	21183.9003906	9143.90039062	0.0	1956.0	0.0	0.0	0.0	0.0	-2960131.75	-2960131.75	-2960131.75	-2960131.75	
1.0	2844.04907227	320935.3125	-50.2000007629	2469.39990234	0.0	-19.2999992371	-56.5999984741	467.0	353.0	0.0	20.0	21624.9003906	9028.90039062	0.0	1940.0	0.0	0.0	0.0	0.0	-2549715.75	-2549715.75	-2549715.75	-2549715.75	
1.0	2844.20068359	320614.3125	-50.2000007629	2437.39990234	0.0	-18.2999992371	-52.5999984741	420.0	326.0	0.0	23.0	20923.9003906	9184.90039062	0.0	1965.0	0.0	0.0	0.0	0.0	-2821784.75	-2821784.75	-2821784.75	-2821784.75	
1.0	2844.34936523	320950.3125	-50.2000007629	2458.39990234	0.0	-18.2999992371	-50.5999984741	394.0	297.0	0.0	23.0	20977.9003906	8920.90039062	0.0	1917.0	0.0	0.0	0.0	0.0	-3146398.75	-3146398.75	-3146398.75	-3146398.75	
1.0	2844.50097656	320747.3125	-47.2000007629	2463.39990234	0.0	-22.2999992371	-48.5999984741	427.0	283.0	0.0	22.0	21509.9003906	8983.90039062	0.0	1984.0	0.0	0.0	0.0	0.0	-3173658.75	-3173658.75	-3173658.75	-3173658.75	
1.0	2844.64990234	320862.3125	-48.2000007629	2456.39990234	0.0	-21.2999992371	-48.5999984741	408.0	286.0	0.0	24.0	21492.9003906	8885.90039062	0.0	1958.0	0.0	0.0	0.0	0.0	-2844013.75	-2844013.75	-2844013.75	-2844013.75	
1.0	2844.79882812	320836.3125	-37.2000007629	2470.39990234	0.0	-21.2999992371	-50.5999984741	416.0	302.0	0.0	20.0	21980.9003906	9029.90039062	0.0	1849.0	0.0	0.0	0.0	0.0	-2846505.75	-2846505.75	-2846505.75	-2846505.75	
1.0	2844.95043945	320855.3125	-41.2000007629	2474.39990234	0.0	-18.2999992371	-47.5999984741	378.0	312.0	0.0	21.0	21245.9003906	9189.90039062	0.0	1940.0	0.0	0.0	0.0	0.0	-3331123.75	-3331123.75	-3331123.75	-3331123.75	
1.0	2845.09936523	320709.3125	-42.2000007629	2459.39990234	0.0	-18.2999992371	-46.5999984741	379.0	277.0	0.0	22.0	21659.9003906	8845.90039062	0.0	2007.0	0.0	0.0	0.0	0.0	-3138036.75	-3138036.75	-3138036.75	-3138036.75	
1.0	2845.25097656	320569.3125	-40.2000007629	2455.39990234	0.0	-32.2999992371	-45.5999984741	347.0	284.0	0.0	18.0	21665.9003906	9110.90039062	0.0	1724.0	0.0	0.0	0.0	0.0	-3269250.75	-3269250.75	-3269250.75	-3269250.75	
1.0	2845.40014648	320760.3125	-42.2000007629	2474.39990234	0.0	-33.2999992371	-45.5999984741	393.0	274.0	0.0	17.0	21739.9003906	8903.90039062	0.0	1846.0	0.0	0.0	0.0	0.0	-2994485.75	-2994485.75	-2994485.75	-2994485.75	
1.0	2845.54907227	320621.3125	-38.2000007629	2457.39990234	0.0	-32.2999992371	-46.5999984741	376.0	237.0	0.0	29.0	21551.9003906	8891.90039062	0.0	1903.0	0.0	0.0	0.0	0.0	-3142398.75	-3142398.75	-3142398.75	-3142398.75	
1.0	2845.70092773	320773.3125	-41.2000007629	2448.39990234	0.0	-31.2999992371	-44.5999984741	379.0	264.0	0.0	23.0	22188.9003906	9046.90039062	0.0	2091.0	0.0	0.0	0.0	0.0	-2489659.75	-2489659.75	-2489659.75	-2489659.75	
1.0	2845.85009766	320640.3125	-38.2000007629	2442.39990234	0.0	-32.2999992371	-42.5999984741	364.0	249.0	0.0	31.0	21237.9003906	9135.90039062	0.0	2045.0	0.0	0.0	0.0	0.0	-3071236.75	-3071236.75	-3071236.75	-3071236.75	
1.0	2845.99902344	320684.3125	-40.2000007629	2462.39990234	0.0	-35.2999992371	-45.5999984741	358.0	226.0	0.0	35.0	21502.9003906	8753.90039062	0.0	1887.0	0.0	0.0	0.0	0.0	-3316262.75	-3316262.75	-3316262.75	-3316262.75	
1.0	2846.15087891	320802.3125	-39.2000007629	2461.39990234	0.0	-35.2999992371	-46.5999984741	355.0	243.0	0.0	18.0	21581.9003906	9006.90039062	0.0	1913.0	0.0	0.0	0.0	0.0	-3057586.75	-3057586.75	-3057586.75	-3057586.75	
1.0	2846.30004883	320573.3125	-39.2000007629	2470.39990234	0.0	-35.2999992371	-45.5999984741	349.0	220.0	0.0	27.0	21402.9003906	8983.90039062	0.0	2013.0	0.0	0.0	0.0	0.0	-2799952.75	-2799952.75	-2799952.75	-2799952.75	
1.0	2846.44921875	320536.3125	-38.2000007629	2460.39990234	0.0	-34.2999992371	-47.5999984741	317.0	216.0	0.0	13.0	21652.9003906	8902.90039062	0.0	1976.0	0.0	0.0	0.0	0.0	-3076326.75	-3076326.75	-3076326.75	-3076326.75	
1.0	2846.60107422	320534.3125	-40.2000007629	2473.39990234	0.0	-37.2999992371	-47.5999984741	355.0	268.0	0.0	20.0	21657.9003906	9014.90039062	0.0	1904.0	0.0	0.0	0.0	0.0	-2825029.75	-2825029.75	-2825029.75	-2825029.75	
1.0	2846.75024414	320565.3125	-38.2000007629	2442.39990234	0.0	-31.2999992371	-46.5999984741	361.0	224.0	0.0	16.0	21498.9003906	8947.90039062	0.0	2000.0	0.0	0.0	0.0	0.0	-3149050.75	-3149050.75	-3149050.75	-3149050.75	
1.0	2846.8996582	320495.3125	-38.2000007629	2458.39990234	0.0	-33.2999992371	-49.5999984741	342.0	215.0	0.0	20.0	20987.9003906	9056.90039062	0.0	1951.0	0.0	0.0	0.0	0.0	-3239237.75	-3239237.75	-3239237.75	-3239237.75	
1.0	2847.04907227	320596.3125	-42.2000007629	2440.39990234	0.0	-34.2999992371	-47.5999984741	350.0	206.0	0.0	21.0	21785.9003906	8893.90039062	0.0	1953.0	0.0	0.0	0.0	0.0	-2651515.75	-2651515.75	-2651515.75	-2651515.75	
1.0	2847.20092773	320567.3125	-41.2000007629	2470.39990234	0.0	-32.2999992371	-57.5999984741	360.0	217.0	0.0	18.0	21568.9003906	8913.90039062	0.0	1911.0	0.0	0.0	0.0	0.0	-2880647.75	-2880647.75	-2880647.75	-2880647.75	
1.0	2847.3503418	320524.3125	-42.2000007629	2474.39990234	0.0	-30.2999992371	-55.5999984741	351.0	233.0	0.0	17.0	21751.9003906	8922.90039062	0.0	1925.0	0.0	0.0	0.0	0.0	-3228987.75	-3228987.75	-3228987.75	-3228987.75	
1.0	2847.49951172	320615.3125	-43.2000007629	2473.39990234	0.0	-29.2999992371	-52.5999984741	363.0	232.0	0.0	27.0	21688.9003906	9065.90039062	0.0	2004.0	0.0	0.0	0.0	0.0	-2592046.75	-2592046.75	-2592046.75	-2592046.75	
1.0	2847.64892578	320601.3125	-44.2000007629	2453.39990234	0.0	-30.2999992371	-46.5999984741	340.0	218.0	0.0	17.0	21641.9003906	8982.90039062	0.0	2054.0	0.0	0.0	0.0	0.0	-2963305.75	-2963305.75	-2963305.75	-2963305.75	
1.0	2847.80102539	320631.3125	-40.2000007629	2484.39990234	0.0	-30.2999992371	-44.5999984741	337.0	216.0	0.0	26.0	22068.9003906	8789.90039062	0.0	1883.0	0.0	0.0	0.0	0.0	-3287333.75	-3287333.75	-3287333.75	-3287333.75	
1.0	2847.95043945	320573.3125	-43.2000007629	2463.39990234	0.0	-29.2999992371	-45.5999984741	326.0	230.0	0.0	21.0	21729.9003906	8987.90039062	0.0	2011.0	0.0	0.0	0.0	0.0	-2835500.75	-2835500.75	-2835500.75	-2835500.75	
1.0	2848.09985352	320410.3125	-43.2000007629	2459.39990234	0.0	-30.2999992371	-59.5999984741	341.0	217.0	0.0	21.0	21771.9003906	8876.90039062	0.0	1935.0	0.0	0.0	0.0	0.0	-3176752.75	-3176752.75	-3176752.75	-3176752.75	
1.0	2848.24951172	320376.3125	-38.2000007629	2463.39990234	0.0	-39.2999992371	-60.5999984741	333.0	232.0	0.0	24.0	21501.9003906	9002.90039062	0.0	1908.0	0.0	0.0	0.0	0.0	-3306987.75	-3306987.75	-3306987.75	-3306987.75	
1.0	2848.39892578	320565.3125	-40.2000007629	2465.39990234	0.0	-47.2999992371	-59.5999984741	365.0	205.0	0.0	21.0	21611.9003906	8888.90039062	0.0	1983.0	0.0	0.0	0.0	0.0	-2727304.75	-2727304.75	-2727304.75	-2727304.75	
1.0	2848.55102539	320456.3125	-41.2000007629	2463.39990234	0.0	-52.2999992371	-56.5999984741	369.0	252.0	0.0	25.0	21627.9003906	9077.90039062	0.0	2004.0	0.0	0.0	0.0	0.0	-2666351.75	-2666351.75	-2666351.75	-2666351.75	
1.0	2848.70068359	320561.3125	-38.2000007629	2448.39990234	0.0	-47.2999992371	-57.5999984741	329.0	227.0	0.0	23.0	22044.9003906	8881.90039062	0.0	1968.0	0.0	0.0	0.0	0.0	-2683422.75	-2683422.75	-2683422.75	-2683422.75	
1.0	2848.85009766	320348.3125	-42.2000007629	2459.39990234	0.0	-45.2999992371	-58.5999984741	373.0	258.0	0.0	22.0	21943.9003906	9079.90039062	0.0	1981.0	0.0	0.0	0.0	0.0	-2681574.75	-2681574.75	-2681574.75	-2681574.75	
1.0	2848.99975586	320358.3125	-43.2000007629	2457.39990234	0.0	-47.2999992371	-57.5999984741	366.0	241.0	0.0	22.0	21534.9003906	9016.90039062	0.0	1850.0	0.0	0.0	0.0	0.0	-2924298.75	-2924298.75	-2924298.75	-2924298.75	
1.0	2849.14941406	320477.3125	-40.2000007629	2475.39990234	0.0	-47.2999992371	-40.5999984741	369.0	255.0	0.0	20.0	21672.9003906	9174.90039062	0.0	1946.0	0.0	0.0	0.0	0.0	-2847500.75	-2847500.75	-2847500.75	-2847500.75	
1.0	2849.29907227	320521.3125	-39.2000007629	2474.39990234	0.0	-46.2999992371	-37.5999984741	351.0	268.0	0.0	20.0	21904.9003906	9055.90039062	0.0	1921.0	0.0	0.0	0.0	0.0	-2541036.75	-2541036.75	-2541036.75	-2541036.75	
1.0	2849.44873047	320432.3125	-39.2000007629	2449.39990234	0.0	-46.2999992371	-39.5999984741	381.0	228.0	0.0	22.0	21827.9003906	9061.90039062	0.0	1895.0	0.0	0.0	0.0	0.0	-2576130.75	-2576130.75	-2576130.75	-2576130.75	
1.0	2849.60107422	320216.3125	-39.2000007629	2450.39990234	0.0	-46.2999992371	-40.5999984741	352.0	271.0	0.0	21.0	21538.9003906	9230.90039062	0.0	1934.0	0.0	0.0	0.0	0.0	-2868429.75	-2868429.75	-2868429.75	-2868429.75	
1.0	2849.75073242	320436.3125	-42.2000007629	2466.39990234	0.0	-44.2999992371	-44.5999984741	365.0	264.0	0.0	17.0	21679.9003906	9069.90039062	0.0	1928.0	0.0	0.0	0.0	0.0	-3007399.75	-3007399.75	-3007399.75	-3007399.75	
1.0	2849.90063477	320321.3125	-42.2000007629	2473.39990234	0.0	-45.2999992371	-42.5999984741	377.0	276.0	0.0	19.0	22301.9003906	9136.90039062	0.0	2069.0	0.0	0.0	0.0	0.0	-2929474.75	-2929474.75	-2929474.75	-2929474.75	
1.0	2850.05029297	320226.3125	-40.2000007629	2466.39990234	0.0	-30.2999992371	-42.5999984741	372.0	268.0	0.0	27.0	21849.9003906	9190.90039062	0.0	1956.0	0.0	0.0	0.0	0.0	-2947309.75	-2947309.75	-2947309.75	-2947309.75	
1.0	2850.20019531	320314.3125	-41.2000007629	2475.39990234	0.0	-30.2999992371	-41.5999984741	391.0	269.0	0.0	19.0	22160.9003906	9035.90039062	0.0	1896.0	0.0	0.0	0.0	0.0	-3206511.75	-3206511.75	-3206511.75	-3206511.75	
1.0	2850.34985352	320351.3125	-36.2000007629	2454.39990234	0.0	-15.3000001907	-46.5999984741	377.0	261.0	0.0	13.0	22086.9003906	9013.90039062	0.0	1926.0	0.0	0.0	0.0	0.0	-3037205.75	-3037205.75	-3037205.75	-3037205.75	
1.0	2850.49975586	320379.3125	-42.2000007629	2479.39990234	0.0	-11.3000001907	-47.5999984741	352.0	259.0	0.0	19.0	21275.9003906	9196.90039062	0.0	1876.0	0.0	0.0	0.0	0.0	-2715014.75	-2715014.75	-2715014.75	-2715014.75	
1.0	2850.6496582	320383.3125	-41.2000007629	2451.39990234	0.0	-16.2999992371	-45.5999984741	360.0	274.0	0.0	23.0	22011.9003906	9060.90039062	0.0	1973.0	0.0	0.0	0.0	0.0	-3136873.75	-3136873.75	-3136873.75	-3136873.75	
1.0	2850.79956055	320295.3125	-39.2000007629	2462.39990234	0.0	-15.3000001907	-46.5999984741	371.0	273.0	0.0	20.0	21802.9003906	9186.90039062	0.0	1918.0	0.0	0.0	0.0	0.0	-2573859.75	-2573859.75	-2573859.75	-2573859.75	
1.0	2850.94946289	320236.3125	-39.2000007629	2469.39990234	0.0	-27.2999992371	-46.5999984741	402.0	287.0	0.0	19.0	21496.9003906	9226.90039062	0.0	1987.0	0.0	0.0	0.0	0.0	-2866720.75	-2866720.75	-2866720.75	-2866720.75	
1.0	2851.09936523	319991.3125	-39.2000007629	2436.39990234	0.0	-31.2999992371	-44.5999984741	384.0	250.0	0.0	24.0	22145.9003906	9118.90039062	0.0	1834.0	0.0	0.0	0.0	0.0	-3093421.75	-3093421.75	-3093421.75	-3093421.75	
1.0	2851.24926758	320156.3125	-43.2000007629	2467.39990234	0.0	-34.2999992371	-46.5999984741	381.0	262.0	0.0	22.0	21840.9003906	9298.90039062	0.0	1912.0	0.0	0.0	0.0	0.0	-2770903.75	-2770903.75	-2770903.75	-2770903.75	
1.0	2851.39941406	320051.3125	-40.2000007629	2455.39990234	0.0	-34.2999992371	-43.5999984741	376.0	270.0	0.0	15.0	21698.9003906	9245.90039062	0.0	1897.0	0.0	0.0	0.0	0.0	-3243980.75	-3243980.75	-3243980.75	-3243980.75	
1.0	2851.54931641	320206.3125	-37.2000007629	2438.39990234	0.0	-32.2999992371	-43.5999984741	416.0	269.0	0.0	17.0	21795.9003906	8964.90039062	0.0	1946.0	0.0	0.0	0.0	0.0	-2599831.75	-2599831.75	-2599831.75	-2599831.75	
1.0	2851.69946289	320247.3125	-41.2000007629	2458.39990234	0.0	-35.2999992371	-44.5999984741	303.0	223.0	0.0	23.0	20728.9003906	8844.90039062	0.0	1941.0	0.0	0.0	0.0	0.0	-3199802.75	-3199802.75	-3199802.75	-3199802.75	
1.0	2851.84936523	320163.3125	-39.2000007629	2468.39990234	0.0	-34.2999992371	-44.5999984741	361.0	243.0	0.0	12.0	20797.9003906	8860.90039062	0.0	1962.0	0.0	0.0	0.0	0.0	-2642318.75	-2642318.75	-2642318.75	-2642318.75	
1.0	2851.99951172	320026.3125	-37.2000007629	2458.39990234	0.0	-34.2999992371	-41.5999984741	331.0	256.0	0.0	32.0	20360.9003906	8892.90039062	0.0	1977.0	0.0	0.0	0.0	0.0	-2878700.75	-2878700.75	-2878700.75	-2878700.75	
1.0	2852.1496582	319970.3125	-39.2000007629	2476.39990234	0.0	-34.2999992371	-44.5999984741	330.0	242.0	0.0	15.0	19191.9003906	8611.90039062	0.0	1908.0	0.0	0.0	0.0	0.0	-2977802.75	-2977802.75	-2977802.75	-2977802.75	
1.0	2852.29956055	320370.3125	-38.2000007629	2450.39990234	0.0	-35.2999992371	-39.5999984741	280.0	196.0	0.0	21.0	18500.9003906	8145.89990234	0.0	1913.0	0.0	0.0	0.0	0.0	-3012080.75	-3012080.75	-3012080.75	-3012080.75	
1.0	2852.44970703	321517.3125	-39.2000007629	2453.39990234	0.0	-33.2999992371	-42.5999984741	306.0	164.0	0.0	23.0	18160.9003906	7747.89990234	0.0	1891.0	0.0	0.0	0.0	0.0	-3224205.75	-3224205.75	-3224205.75	-3224205.75	
1.0	2852.60009766	322959.3125	-38.2000007629	2484.39990234	0.0	-36.2999992371	-39.5999984741	184.0	86.0	0.0	13.0	14053.9003906	6740.89990234	0.0	2069.0	0.0	0.0	0.0	0.0	-2918083.75	-2918083.75	-2918083.75	-2918083.75	
1.0	2852.75024414	323871.3125	-37.2000007629	2489.39990234	0.0	-34.2999992371	-34.5999984741	152.0	83.0	0.0	23.0	13567.9003906	6408.89990234	0.0	2019.0	0.0	0.0	0.0	0.0	-2749066.75	-2749066.75	-2749066.75	-2749066.75	
1.0	2852.90039062	324349.3125	-38.2000007629	2472.39990234	0.0	-35.2999992371	-36.5999984741	136.0	83.0	0.0	30.0	13211.9003906	6452.89990234	0.0	2019.0	0.0	0.0	0.0	0.0	-2716477.75	-2716477.75	-2716477.75	-2716477.75	
1.0	2853.05053711	324383.3125	-37.2000007629	2483.39990234	0.0	-39.2999992371	-35.5999984741	141.0	82.0	0.0	18.0	13315.9003906	6399.89990234	0.0	1904.0	0.0	0.0	0.0	0.0	-3121563.75	-3121563.75	-3121563.75	-3121563.75	
1.0	2853.20092773	324259.3125	-40.2000007629	2478.39990234	0.0	-41.2999992371	-37.5999984741	172.0	87.0	0.0	19.0	13510.9003906	6349.89990234	0.0	2049.0	0.0	0.0	0.0	0.0	-2798666.75	-2798666.75	-2798666.75	-2798666.75	
1.0	2853.35107422	324322.3125	-41.2000007629	2464.39990234	0.0	-41.2999992371	-36.5999984741	142.0	75.0	0.0	22.0	13250.9003906	6450.89990234	0.0	1944.0	0.0	0.0	0.0	0.0	-3188260.75	-3188260.75	-3188260.75	-3188260.75	
1.0	2853.4987793	324321.3125	-40.2000007629	2476.39990234	0.0	-39.2999992371	-36.5999984741	144.0	70.0	0.0	18.0	13164.9003906	6404.89990234	0.0	2061.0	0.0	0.0	0.0	0.0	-2648850.75	-2648850.75	-2648850.75	-2648850.75	
1.0	2853.64916992	324028.3125	-38.2000007629	2500.39990234	0.0	-40.2999992371	-37.5999984741	160.0	73.0	0.0	24.0	13588.9003906	6418.89990234	0.0	2023.0	0.0	0.0	0.0	0.0	-2627468.75	-2627468.75	-2627468.75	-2627468.75	
1.0	2853.79956055	324269.3125	-38.2000007629	2470.39990234	0.0	-41.2999992371	-36.5999984741	167.0	92.0	0.0	22.0	13385.9003906	6328.89990234	0.0	1954.0	0.0	0.0	0.0	0.0	-3242170.75	-3242170.75	-3242170.75	-3242170.75	
1.0	2853.94995117	324099.3125	-37.2000007629	2490.39990234	0.0	-35.2999992371	-35.5999984741	148.0	80.0	0.0	30.0	13244.9003906	6433.89990234	0.0	1973.0	0.0	0.0	0.0	0.0	-2734707.75	-2734707.75	-2734707.75	-2734707.75	
1.0	2854.1003418	324330.3125	-40.2000007629	2488.39990234	0.0	-23.2999992371	-38.5999984741	150.0	92.0	0.0	22.0	13490.9003906	6454.89990234	0.0	1974.0	0.0	0.0	0.0	0.0	-2803105.75	-2803105.75	-2803105.75	-2803105.75	
1.0	2854.25073242	324319.3125	-39.2000007629	2491.39990234	0.0	-24.2999992371	-39.5999984741	165.0	92.0	0.0	25.0	13648.9003906	6355.89990234	0.0	2023.0	0.0	0.0	0.0	0.0	-3103698.75	-3103698.75	-3103698.75	-3103698.75	
1.0	2854.40112305	324420.3125	-42.2000007629	2475.39990234	0.0	-24.2999992371	-41.5999984741	180.0	74.0	0.0	13.0	13902.9003906	6245.89990234	0.0	1963.0	0.0	0.0	0.0	0.0	-3267969.75	-3267969.75	-3267969.75	-3267969.75	
1.0	2854.54907227	324194.3125	-40.2000007629	2486.39990234	0.0	-22.2999992371	-38.5999984741	158.0	92.0	0.0	23.0	13461.9003906	6335.89990234	0.0	1972.0	0.0	0.0	0.0	0.0	-3108697.75	-3108697.75	-3108697.75	-3108697.75	
1.0	2854.69946289	324143.3125	-39.2000007629	2473.39990234	0.0	-24.2999992371	-38.5999984741	146.0	89.0	0.0	19.0	13241.9003906	6359.89990234	0.0	1910.0	0.0	0.0	0.0	0.0	-2898614.75	-2898614.75	-2898614.75	-2898614.75	
1.0	2854.85009766	324257.3125	-36.2000007629	2479.39990234	0.0	-26.2999992371	-36.5999984741	166.0	73.0	0.0	16.0	13057.9003906	6415.89990234	0.0	2069.0	0.0	0.0	0.0	0.0	-3127045.75	-3127045.75	-3127045.75	-3127045.75	
1.0	2855.00048828	324213.3125	-38.2000007629	2496.39990234	0.0	-16.2999992371	-37.5999984741	157.0	80.0	0.0	25.0	13568.9003906	6416.89990234	0.0	2009.0	0.0	0.0	0.0	0.0	-2676135.75	-2676135.75	-2676135.75	-2676135.75	
1.0	2855.49902344	324275.3125	-38.2000007629	2507.39990234	0.0	-15.3000001907	-36.5999984741	131.0	92.0	0.0	26.0	13224.9003906	6351.89990234	0.0	1894.0	0.0	0.0	0.0	0.0	-3069261.75	-3069261.75	-3069261.75	-3069261.75	
1.0	2856.00048828	324148.3125	-36.2000007629	2494.39990234	0.0	-14.3000001907	-36.5999984741	135.0	92.0	0.0	16.0	13446.9003906	6377.89990234	0.0	1981.0	0.0	0.0	0.0	0.0	-3119641.75	-3119641.75	-3119641.75	-3119641.75	
1.0	2856.49926758	323988.3125	-40.2000007629	2490.39990234	0.0	-13.3000001907	-38.5999984741	154.0	70.0	0.0	23.0	13656.9003906	6336.89990234	0.0	1972.0	0.0	0.0	0.0	0.0	-3229904.75	-3229904.75	-3229904.75	-3229904.75	
1.0	2857.0012207	324161.3125	-42.2000007629	2502.39990234	0.0	-13.3000001907	-41.5999984741	162.0	72.0	0.0	25.0	13556.9003906	6569.89990234	0.0	2061.0	0.0	0.0	0.0	0.0	-2863191.75	-2863191.75	-2863191.75	-2863191.75	
1.0	2857.50073242	323966.3125	-41.2000007629	2481.39990234	0.0	-14.3000001907	-41.5999984741	152.0	86.0	0.0	20.0	13654.9003906	6585.89990234	0.0	1983.0	0.0	0.0	0.0	0.0	-2504193.75	-2504193.75	-2504193.75	-2504193.75	
1.0	2858.00048828	324213.3125	-40.2000007629	2482.39990234	0.0	-13.3000001907	-42.5999984741	172.0	80.0	0.0	22.0	13514.9003906	6455.89990234	0.0	1950.0	0.0	0.0	0.0	0.0	-2984536.75	-2984536.75	-2984536.75	-2984536.75	
1.0	2858.50048828	324151.3125	-38.2000007629	2486.39990234	0.0	-13.3000001907	-44.5999984741	164.0	78.0	0.0	23.0	13419.9003906	6245.89990234	0.0	1982.0	0.0	0.0	0.0	0.0	-2601034.75	-2601034.75	-2601034.75	-2601034.75	
1.0	2859.00073242	324266.3125	-40.2000007629	2505.39990234	0.0	-13.3000001907	-43.5999984741	132.0	77.0	0.0	23.0	13097.9003906	6259.89990234	0.0	1967.0	0.0	0.0	0.0	0.0	-3771529.75	-3771529.75	-3771529.75	-3771529.75	
1.0	2859.4987793	324214.3125	-40.2000007629	2488.39990234	0.0	-15.3000001907	-42.5999984741	150.0	83.0	0.0	19.0	13506.9003906	6304.89990234	0.0	2024.0	0.0	0.0	0.0	0.0	-3067062.75	-3067062.75	-3067062.75	-3067062.75	
1.0	2859.99951172	324088.3125	-40.2000007629	2506.39990234	0.0	-13.3000001907	-53.5999984741	155.0	69.0	0.0	17.0	13565.9003906	6503.89990234	0.0	2070.0	0.0	0.0	0.0	0.0	-3154671.75	-3154671.75	-3154671.75	-3154671.75	
1.0	2860.50048828	324099.3125	-42.2000007629	2505.39990234	0.0	-15.3000001907	-50.5999984741	158.0	80.0	0.0	20.0	13710.9003906	6373.89990234	0.0	2046.0	0.0	0.0	0.0	0.0	-2892095.75	-2892095.75	-2892095.75	-2892095.75	
1.0	2860.99926758	324092.3125	-36.2000007629	2463.39990234	0.0	-14.3000001907	-44.5999984741	166.0	84.0	0.0	18.0	13651.9003906	6419.89990234	0.0	2026.0	0.0	0.0	0.0	0.0	-3235707.75	-3235707.75	-3235707.75	-3235707.75	
1.0	2861.50073242	324114.3125	-37.2000007629	2497.39990234	0.0	-19.2999992371	-46.5999984741	147.0	74.0	0.0	21.0	13444.9003906	6547.89990234	0.0	1955.0	0.0	0.0	0.0	0.0	-2692836.75	-2692836.75	-2692836.75	-2692836.75	
1.0	2862.0	324200.3125	-40.2000007629	2508.39990234	0.0	-19.2999992371	-43.5999984741	147.0	91.0	0.0	19.0	13282.9003906	6381.89990234	0.0	2013.0	0.0	0.0	0.0	0.0	-2916105.75	-2916105.75	-2916105.75	-2916105.75	
1.0	2862.49926758	324017.3125	-37.2000007629	2513.39990234	0.0	-20.2999992371	-41.5999984741	146.0	74.0	0.0	20.0	13717.9003906	6342.89990234	0.0	2036.0	0.0	0.0	0.0	0.0	-3074200.75	-3074200.75	-3074200.75	-3074200.75	
1.0	2862.99902344	324125.3125	-37.2000007629	2503.39990234	0.0	-21.2999992371	-44.5999984741	136.0	61.0	0.0	22.0	13636.9003906	6438.89990234	0.0	2026.0	0.0	0.0	0.0	0.0	-2545775.75	-2545775.75	-2545775.75	-2545775.75	
1.0	2863.49902344	324017.3125	-40.2000007629	2511.39990234	0.0	-22.2999992371	-43.5999984741	161.0	71.0	0.0	24.0	13858.9003906	6516.89990234	0.0	2072.0	0.0	0.0	0.0	0.0	-2657442.75	-2657442.75	-2657442.75	-2657442.75	
1.0	2863.99926758	324017.3125	-39.2000007629	2509.39990234	0.0	-23.2999992371	-43.5999984741	168.0	70.0	0.0	16.0	13654.9003906	6388.89990234	0.0	2013.0	0.0	0.0	0.0	0.0	-3146044.75	-3146044.75	-3146044.75	-3146044.75	
1.0	2864.49975586	324218.3125	-40.2000007629	2472.39990234	0.0	-22.2999992371	-44.5999984741	153.0	81.0	0.0	23.0	13462.9003906	6475.89990234	0.0	2113.0	0.0	0.0	0.0	0.0	-2827952.75	-2827952.75	-2827952.75	-2827952.75	
1.0	2865.00048828	324288.3125	-38.2000007629	2528.39990234	0.0	-21.2999992371	-44.5999984741	127.0	69.0	0.0	16.0	13534.9003906	6569.89990234	0.0	1991.0	0.0	0.0	0.0	0.0	-2798360.75	-2798360.75	-2798360.75	-2798360.75	
1.0	2865.4987793	324152.3125	-36.2000007629	2510.39990234	0.0	-21.2999992371	-42.5999984741	146.0	73.0	0.0	24.0	13533.9003906	6428.89990234	0.0	1925.0	0.0	0.0	0.0	0.0	-3135084.75	-3135084.75	-3135084.75	-3135084.75	
1.0	2866.0	324176.3125	-37.2000007629	2505.39990234	0.0	-18.2999992371	-43.5999984741	144.0	84.0	0.0	21.0	13627.9003906	6338.89990234	0.0	2027.0	0.0	0.0	0.0	0.0	-2736344.75	-2736344.75	-2736344.75	-2736344.75	
1.0	2866.4987793	324057.3125	-41.2000007629	2524.39990234	0.0	-19.2999992371	-42.5999984741	140.0	85.0	0.0	26.0	13369.9003906	6553.89990234	0.0	2100.0	0.0	0.0	0.0	0.0	-3153374.75	-3153374.75	-3153374.75	-3153374.75	
1.0	2867.00048828	324139.3125	-38.2000007629	2526.39990234	0.0	-23.2999992371	-42.5999984741	132.0	87.0	0.0	17.0	13286.9003906	6478.89990234	0.0	1958.0	0.0	0.0	0.0	0.0	-2689471.75	-2689471.75	-2689471.75	-2689471.75	
1.0	2867.5	324163.3125	-36.2000007629	2490.39990234	0.0	-21.2999992371	-43.5999984741	133.0	70.0	0.0	20.0	13364.9003906	6323.89990234	0.0	2058.0	0.0	0.0	0.0	0.0	-3268312.75	-3268312.75	-3268312.75	-3268312.75	
1.0	2867.99951172	324109.3125	-39.2000007629	2511.39990234	0.0	-21.2999992371	-44.5999984741	122.0	76.0	0.0	23.0	13820.9003906	6448.89990234	0.0	2028.0	0.0	0.0	0.0	0.0	-2732211.75	-2732211.75	-2732211.75	-2732211.75	
1.0	2868.49951172	323963.3125	-34.2000007629	2522.39990234	0.0	-20.2999992371	-43.5999984741	171.0	86.0	0.0	13.0	14169.9003906	6550.89990234	0.0	1941.0	0.0	0.0	0.0	0.0	-3162778.75	-3162778.75	-3162778.75	-3162778.75	
1.0	2868.99951172	324049.3125	-37.2000007629	2512.39990234	0.0	-19.2999992371	-43.5999984741	145.0	84.0	0.0	28.0	13660.9003906	6436.89990234	0.0	2116.0	0.0	0.0	0.0	0.0	-2684728.75	-2684728.75	-2684728.75	-2684728.75	
1.0	2869.5	324075.3125	-38.2000007629	2525.39990234	0.0	-21.2999992371	-61.5999984741	134.0	84.0	0.0	18.0	13355.9003906	6388.89990234	0.0	2064.0	0.0	0.0	0.0	0.0	-3118530.75	-3118530.75	-3118530.75	-3118530.75	
1.0	2870.00048828	323956.3125	-35.2000007629	2524.39990234	0.0	-21.2999992371	-42.5999984741	150.0	76.0	0.0	24.0	13785.9003906	6534.89990234	0.0	2101.0	0.0	0.0	0.0	0.0	-2752134.75	-2752134.75	-2752134.75	-2752134.75	
1.0	2870.99975586	324034.3125	-35.2000007629	2495.39990234	0.0	-17.2999992371	-42.5999984741	156.0	73.0	0.0	19.0	13785.9003906	6498.89990234	0.0	2110.0	0.0	0.0	0.0	0.0	-2646963.75	-2646963.75	-2646963.75	-2646963.75	
1.0	2872.00024414	324069.3125	-40.2000007629	2527.39990234	0.0	-22.2999992371	-59.5999984741	153.0	89.0	0.0	16.0	13753.9003906	6590.89990234	0.0	1980.0	0.0	0.0	0.0	0.0	-2672877.75	-2672877.75	-2672877.75	-2672877.75	
1.0	2872.99902344	324163.3125	-40.2000007629	2515.39990234	0.0	-22.2999992371	-56.5999984741	142.0	76.0	0.0	18.0	13670.9003906	6421.89990234	0.0	2036.0	0.0	0.0	0.0	0.0	-2815866.75	-2815866.75	-2815866.75	-2815866.75	
1.0	2873.9987793	323997.3125	-38.2000007629	2527.39990234	0.0	-21.2999992371	-47.5999984741	151.0	68.0	0.0	15.0	13846.9003906	6443.89990234	0.0	2155.0	0.0	0.0	0.0	0.0	-2806505.75	-2806505.75	-2806505.75	-2806505.75	
1.0	2874.99951172	324148.3125	-37.2000007629	2511.39990234	0.0	-23.2999992371	-44.5999984741	148.0	81.0	0.0	21.0	13709.9003906	6617.89990234	0.0	2086.0	0.0	0.0	0.0	0.0	-2519006.75	-2519006.75	-2519006.75	-2519006.75	
1.0	2876.0012207	324294.3125	-45.2000007629	2545.39990234	0.0	-22.2999992371	-49.5999984741	136.0	93.0	0.0	17.0	13803.9003906	6514.89990234	0.0	2094.0	0.0	0.0	0.0	0.0	-3273509.75	-3273509.75	-3273509.75	-3273509.75	
1.0	2876.9987793	324075.3125	-39.2000007629	2525.39990234	0.0	-21.2999992371	-47.5999984741	132.0	80.0	0.0	12.0	13399.9003906	6446.89990234	0.0	2151.0	0.0	0.0	0.0	0.0	-2979602.75	-2979602.75	-2979602.75	-2979602.75	
1.0	2878.0	324182.3125	-38.2000007629	2532.39990234	0.0	-24.2999992371	-41.5999984741	167.0	81.0	0.0	10.0	14163.9003906	6760.89990234	0.0	2081.0	0.0	0.0	0.0	0.0	-2580491.75	-2580491.75	-2580491.75	-2580491.75	
1.0	2878.99951172	324102.3125	-48.2000007629	2535.39990234	0.0	-22.2999992371	-43.5999984741	157.0	102.0	0.0	12.0	13593.9003906	6540.89990234	0.0	2157.0	0.0	0.0	0.0	0.0	-2900888.75	-2900888.75	-2900888.75	-2900888.75	
1.0	2880.0	324099.3125	-37.2000007629	2526.39990234	0.0	-31.2999992371	-41.5999984741	175.0	89.0	0.0	20.0	13855.9003906	6658.89990234	0.0	1922.0	0.0	0.0	0.0	0.0	-2628767.75	-2628767.75	-2628767.75	-2628767.75	
1.0	2880.9987793	324151.3125	-40.2000007629	2513.39990234	0.0	-30.2999992371	-41.5999984741	155.0	96.0	0.0	15.0	13853.9003906	6418.89990234	0.0	2129.0	0.0	0.0	0.0	0.0	-3231300.75	-3231300.75	-3231300.75	-3231300.75	
1.0	2882.0012207	324299.3125	-40.2000007629	2533.39990234	0.0	-31.2999992371	-43.5999984741	151.0	83.0	0.0	28.0	13841.9003906	6475.89990234	0.0	2050.0	0.0	0.0	0.0	0.0	-2813066.75	-2813066.75	-2813066.75	-2813066.75	
1.0	2882.99951172	324270.3125	-42.2000007629	2529.39990234	0.0	-12.3000001907	-43.5999984741	149.0	87.0	0.0	15.0	13478.9003906	6560.89990234	0.0	2034.0	0.0	0.0	0.0	0.0	-3249200.75	-3249200.75	-3249200.75	-3249200.75	
1.0	2884.0012207	324134.3125	-38.2000007629	2555.39990234	0.0	-10.3000001907	-42.5999984741	144.0	82.0	0.0	21.0	13324.9003906	6577.89990234	0.0	2089.0	0.0	0.0	0.0	0.0	-2624750.75	-2624750.75	-2624750.75	-2624750.75	
1.0	2884.9987793	324330.3125	-42.2000007629	2535.39990234	0.0	-3.29999995232	-55.5999984741	141.0	77.0	0.0	23.0	13875.9003906	6701.89990234	0.0	2201.0	0.0	0.0	0.0	0.0	-2832726.75	-2832726.75	-2832726.75	-2832726.75	
1.0	2886.0	324309.3125	-40.2000007629	2527.39990234	0.0	-4.30000019073	-59.5999984741	139.0	87.0	0.0	17.0	13857.9003906	6688.89990234	0.0	2089.0	0.0	0.0	0.0	0.0	-2567211.75	-2567211.75	-2567211.75	-2567211.75	
1.0	2886.99951172	324213.3125	-38.2000007629	2539.39990234	0.0	-1.29999995232	-57.5999984741	139.0	78.0	0.0	19.0	14114.9003906	6658.89990234	0.0	2056.0	0.0	0.0	0.0	0.0	-2592401.75	-2592401.75	-2592401.75	-2592401.75	
1.0	2890.0012207	324296.3125	-38.2000007629	2539.39990234	0.0	-4.30000019073	-52.5999984741	149.0	75.0	0.0	16.0	13553.9003906	6477.89990234	0.0	2066.0	0.0	0.0	0.0	0.0	-3241134.75	-3241134.75	-3241134.75	-3241134.75	
1.0	2893.0012207	324444.3125	-37.2000007629	2534.39990234	0.0	-3.29999995232	-51.5999984741	143.0	91.0	0.0	18.0	13651.9003906	6688.89990234	0.0	2125.0	0.0	0.0	0.0	0.0	-3120634.75	-3120634.75	-3120634.75	-3120634.75	
1.0	2895.99926758	324457.3125	-37.2000007629	2556.39990234	0.0	-0.300000011921	-50.5999984741	152.0	75.0	0.0	18.0	13951.9003906	6581.89990234	0.0	2105.0	0.0	0.0	0.0	0.0	-2630568.75	-2630568.75	-2630568.75	-2630568.75	
1.0	2899.00097656	324463.3125	-37.2000007629	2557.39990234	0.0	-14.3000001907	-48.5999984741	126.0	78.0	0.0	18.0	13858.9003906	6592.89990234	0.0	2154.0	0.0	0.0	0.0	0.0	-3293798.75	-3293798.75	-3293798.75	-3293798.75	
1.0	2902.00073242	324617.3125	-41.2000007629	2572.39990234	0.0	-18.2999992371	-48.5999984741	140.0	76.0	0.0	16.0	13366.9003906	6910.89990234	0.0	2004.0	0.0	0.0	0.0	0.0	-2626569.75	-2626569.75	-2626569.75	-2626569.75	
1.0	2905.0012207	324832.3125	-48.2000007629	2574.39990234	0.0	-16.2999992371	-47.5999984741	149.0	69.0	0.0	19.0	13840.9003906	6730.89990234	0.0	2190.0	0.0	0.0	0.0	0.0	-3041445.75	-3041445.75	-3041445.75	-3041445.75	
