SSRL   MicroEXAFS Data Collector 2.0 
Thu Jul 04 16:28:30 2019
PTS:	205	COLS:	24
alexbox-4ch-xspress.det
RuL3_edge_cell.rgn
SSRL BEAMLINE
COMMENTS





S1VGAP: 0.800000	S1HGAP: 2.500000	TABLEHORZ: 6.000000	SAMPLEV: 41.000000	CALVERT: 4.100521	BPVRT: 46.052197	M1VERT: 6.983426	SAMPLEHOLD: 25.998010	S1HTRAN: 4.481500	

Weights:
 1.000	1.000	1.000	1.000	1.000	1.000	1.000	1.000	1.000	1.000	1.000	1.000	1.000	1.000	1.000	1.000	1.000	1.000	1.000	1.000	1.000	1.000	
Offsets:
 207.7	877.2	4819.6	0.0	125.3	562.6	0.0	0.0	0.0	0.0	0.1	2.1	0.0	1.0	0.0	0.0	0.0	0.0	79705487.8	79705487.8	79705487.8	79705487.8	
Data:
Real Time Clock
Requested Energy
I0   
I1   
I2   
I3   
MPFB1   
MPFB2   
FF1   
FF2   
FF3   
FF4   
ICR1   
ICR2   
ICR3   
ICR4   
SCA2.1   
SCA2.2   
SCA2.3   
SCA2.4   
TIME1   
TIME2   
TIME3   
TIME4   

1.0	2810.00097656	320434.3125	-66.1999969482	2422.39990234	0.0	-47.2999992371	-53.5999984741	168.0	70.0	0.0	35.0	14496.9003906	7449.89990234	0.0	3733.0	0.0	0.0	0.0	0.0	-3598353.75	-3598353.75	-3598353.75	-3598353.75	
1.0	2810.99975586	320655.3125	-59.2000007629	2427.39990234	0.0	-45.2999992371	-54.5999984741	181.0	55.0	0.0	44.0	14696.9003906	7664.89990234	0.0	3600.0	0.0	0.0	0.0	0.0	-2803129.75	-2803129.75	-2803129.75	-2803129.75	
1.0	2811.99951172	320569.3125	-57.2000007629	2439.39990234	0.0	-40.2999992371	-54.5999984741	177.0	70.0	0.0	40.0	13955.9003906	7426.89990234	0.0	3647.0	0.0	0.0	0.0	0.0	-2987125.75	-2987125.75	-2987125.75	-2987125.75	
1.0	2813.00024414	320359.3125	-56.2000007629	2418.39990234	0.0	-46.2999992371	-52.5999984741	194.0	68.0	0.0	43.0	14600.9003906	7370.89990234	0.0	3430.0	0.0	0.0	0.0	0.0	-3227337.75	-3227337.75	-3227337.75	-3227337.75	
1.0	2813.99951172	320362.3125	-55.2000007629	2407.39990234	0.0	-48.2999992371	-62.5999984741	164.0	65.0	0.0	45.0	14611.9003906	7600.89990234	0.0	3382.0	0.0	0.0	0.0	0.0	-2874853.75	-2874853.75	-2874853.75	-2874853.75	
1.0	2815.0	320478.3125	-72.1999969482	2426.39990234	0.0	-48.2999992371	-60.5999984741	157.0	60.0	0.0	37.0	14063.9003906	7251.89990234	0.0	3420.0	0.0	0.0	0.0	0.0	-3211140.75	-3211140.75	-3211140.75	-3211140.75	
1.0	2815.99902344	320691.3125	-55.2000007629	2433.39990234	0.0	-44.2999992371	-51.5999984741	156.0	73.0	0.0	42.0	14135.9003906	7252.89990234	0.0	3377.0	0.0	0.0	0.0	0.0	-3005079.75	-3005079.75	-3005079.75	-3005079.75	
1.0	2816.99902344	320632.3125	-55.2000007629	2445.39990234	0.0	-47.2999992371	-51.5999984741	152.0	58.0	0.0	51.0	14301.9003906	7311.89990234	0.0	3260.0	0.0	0.0	0.0	0.0	-2735257.75	-2735257.75	-2735257.75	-2735257.75	
1.0	2818.0	320696.3125	-53.2000007629	2432.39990234	0.0	-45.2999992371	-50.5999984741	137.0	68.0	0.0	39.0	14155.9003906	7210.89990234	0.0	3346.0	0.0	0.0	0.0	0.0	-2999855.75	-2999855.75	-2999855.75	-2999855.75	
1.0	2818.99975586	320796.3125	-53.2000007629	2428.39990234	0.0	-44.2999992371	-55.5999984741	157.0	59.0	0.0	39.0	14139.9003906	7157.89990234	0.0	3235.0	0.0	0.0	0.0	0.0	-2729310.75	-2729310.75	-2729310.75	-2729310.75	
1.0	2820.00048828	320367.3125	-51.2000007629	2421.39990234	0.0	-45.2999992371	-53.5999984741	169.0	65.0	0.0	37.0	14441.9003906	7256.89990234	0.0	3231.0	0.0	0.0	0.0	0.0	-3259450.75	-3259450.75	-3259450.75	-3259450.75	
1.0	2820.99975586	320601.3125	-51.2000007629	2439.39990234	0.0	-54.2999992371	-55.5999984741	141.0	61.0	0.0	32.0	14691.9003906	7120.89990234	0.0	3140.0	0.0	0.0	0.0	0.0	-3099729.75	-3099729.75	-3099729.75	-3099729.75	
1.0	2822.0	320497.3125	-52.2000007629	2435.39990234	0.0	-55.2999992371	-54.5999984741	161.0	51.0	0.0	33.0	14226.9003906	7063.89990234	0.0	3094.0	0.0	0.0	0.0	0.0	-2908830.75	-2908830.75	-2908830.75	-2908830.75	
1.0	2822.9987793	320763.3125	-55.2000007629	2430.39990234	0.0	-41.2999992371	-56.5999984741	164.0	86.0	0.0	36.0	14786.9003906	7439.89990234	0.0	3105.0	0.0	0.0	0.0	0.0	-2525253.75	-2525253.75	-2525253.75	-2525253.75	
1.0	2824.0012207	320536.3125	-52.2000007629	2432.39990234	0.0	-42.2999992371	-57.5999984741	169.0	57.0	0.0	41.0	14299.9003906	7187.89990234	0.0	3056.0	0.0	0.0	0.0	0.0	-3021141.75	-3021141.75	-3021141.75	-3021141.75	
1.0	2824.99951172	320302.3125	-52.2000007629	2440.39990234	0.0	-43.2999992371	-56.5999984741	178.0	59.0	0.0	37.0	14275.9003906	7274.89990234	0.0	2868.0	0.0	0.0	0.0	0.0	-3461999.75	-3461999.75	-3461999.75	-3461999.75	
1.0	2825.99902344	320257.3125	-52.2000007629	2436.39990234	0.0	-43.2999992371	-56.5999984741	165.0	77.0	0.0	34.0	14433.9003906	6882.89990234	0.0	2918.0	0.0	0.0	0.0	0.0	-2933966.75	-2933966.75	-2933966.75	-2933966.75	
1.0	2826.99951172	320191.3125	-52.2000007629	2416.39990234	0.0	-44.2999992371	-69.5999984741	156.0	60.0	0.0	24.0	14306.9003906	7231.89990234	0.0	2667.0	0.0	0.0	0.0	0.0	-3157030.75	-3157030.75	-3157030.75	-3157030.75	
1.0	2828.0012207	320369.3125	-50.2000007629	2413.39990234	0.0	-44.2999992371	-70.5999984741	162.0	58.0	0.0	32.0	14855.9003906	7082.89990234	0.0	2795.0	0.0	0.0	0.0	0.0	-3315583.75	-3315583.75	-3315583.75	-3315583.75	
1.0	2829.0012207	320322.3125	-50.2000007629	2434.39990234	0.0	-46.2999992371	-71.5999984741	161.0	71.0	0.0	29.0	14851.9003906	7065.89990234	0.0	2729.0	0.0	0.0	0.0	0.0	-2738188.75	-2738188.75	-2738188.75	-2738188.75	
1.0	2829.99975586	320390.3125	-49.2000007629	2423.39990234	0.0	-43.2999992371	-57.5999984741	178.0	73.0	0.0	35.0	14889.9003906	6992.89990234	0.0	2853.0	0.0	0.0	0.0	0.0	-3002949.75	-3002949.75	-3002949.75	-3002949.75	
1.0	2830.99951172	320500.3125	-51.2000007629	2428.39990234	0.0	-43.2999992371	-53.5999984741	144.0	63.0	0.0	29.0	14877.9003906	6975.89990234	0.0	2775.0	0.0	0.0	0.0	0.0	-2700261.75	-2700261.75	-2700261.75	-2700261.75	
1.0	2832.00024414	320465.3125	-49.2000007629	2418.39990234	0.0	-46.2999992371	-54.5999984741	182.0	57.0	0.0	28.0	14785.9003906	7125.89990234	0.0	2779.0	0.0	0.0	0.0	0.0	-2591188.75	-2591188.75	-2591188.75	-2591188.75	
1.0	2832.99926758	320431.3125	-51.2000007629	2426.39990234	0.0	-56.2999992371	-56.5999984741	162.0	87.0	0.0	28.0	14509.9003906	7012.89990234	0.0	2659.0	0.0	0.0	0.0	0.0	-3215600.75	-3215600.75	-3215600.75	-3215600.75	
1.0	2833.99951172	320613.3125	-50.2000007629	2422.39990234	0.0	-57.2999992371	-58.5999984741	190.0	81.0	0.0	38.0	14708.9003906	7282.89990234	0.0	2708.0	0.0	0.0	0.0	0.0	-2763891.75	-2763891.75	-2763891.75	-2763891.75	
1.0	2835.00073242	320732.3125	-48.2000007629	2450.39990234	0.0	-52.2999992371	-56.5999984741	188.0	94.0	0.0	27.0	14852.9003906	6966.89990234	0.0	2547.0	0.0	0.0	0.0	0.0	-2524961.75	-2524961.75	-2524961.75	-2524961.75	
1.0	2836.00073242	320797.3125	-51.2000007629	2423.39990234	0.0	-46.2999992371	-57.5999984741	155.0	96.0	0.0	35.0	14764.9003906	6991.89990234	0.0	2639.0	0.0	0.0	0.0	0.0	-3011802.75	-3011802.75	-3011802.75	-3011802.75	
1.0	2836.40039062	320754.3125	-49.2000007629	2431.39990234	0.0	-35.2999992371	-58.5999984741	173.0	103.0	0.0	17.0	15076.9003906	7046.89990234	0.0	2569.0	0.0	0.0	0.0	0.0	-2729121.75	-2729121.75	-2729121.75	-2729121.75	
1.0	2836.55053711	320733.3125	-50.2000007629	2437.39990234	0.0	-33.2999992371	-55.5999984741	213.0	109.0	0.0	32.0	15024.9003906	6977.89990234	0.0	2484.0	0.0	0.0	0.0	0.0	-2535123.75	-2535123.75	-2535123.75	-2535123.75	
1.0	2836.70092773	320706.3125	-49.2000007629	2440.39990234	0.0	-47.2999992371	-56.5999984741	202.0	109.0	0.0	27.0	14966.9003906	7001.89990234	0.0	2436.0	0.0	0.0	0.0	0.0	-2843831.75	-2843831.75	-2843831.75	-2843831.75	
1.0	2836.85107422	320638.3125	-49.2000007629	2431.39990234	0.0	-48.2999992371	-57.5999984741	196.0	121.0	0.0	23.0	15272.9003906	6919.89990234	0.0	2487.0	0.0	0.0	0.0	0.0	-3088994.75	-3088994.75	-3088994.75	-3088994.75	
1.0	2836.9987793	320664.3125	-51.2000007629	2430.39990234	0.0	-45.2999992371	-56.5999984741	213.0	114.0	0.0	26.0	15243.9003906	7036.89990234	0.0	2378.0	0.0	0.0	0.0	0.0	-3236166.75	-3236166.75	-3236166.75	-3236166.75	
1.0	2837.14916992	320803.3125	-49.2000007629	2431.39990234	0.0	-35.2999992371	-56.5999984741	226.0	125.0	0.0	23.0	15237.9003906	7074.89990234	0.0	2449.0	0.0	0.0	0.0	0.0	-3137685.75	-3137685.75	-3137685.75	-3137685.75	
1.0	2837.29956055	320730.3125	-49.2000007629	2443.39990234	0.0	-36.2999992371	-53.5999984741	226.0	140.0	0.0	17.0	15098.9003906	7077.89990234	0.0	2416.0	0.0	0.0	0.0	0.0	-2518024.75	-2518024.75	-2518024.75	-2518024.75	
1.0	2837.44995117	320691.3125	-50.2000007629	2439.39990234	0.0	-34.2999992371	-54.5999984741	228.0	151.0	0.0	21.0	15436.9003906	7074.89990234	0.0	2372.0	0.0	0.0	0.0	0.0	-3197012.75	-3197012.75	-3197012.75	-3197012.75	
1.0	2837.6003418	320695.3125	-50.2000007629	2447.39990234	0.0	-31.2999992371	-55.5999984741	233.0	139.0	0.0	24.0	15259.9003906	7085.89990234	0.0	2367.0	0.0	0.0	0.0	0.0	-2681211.75	-2681211.75	-2681211.75	-2681211.75	
1.0	2837.75073242	320471.3125	-49.2000007629	2428.39990234	0.0	-33.2999992371	-55.5999984741	240.0	165.0	0.0	22.0	15055.9003906	6897.89990234	0.0	2193.0	0.0	0.0	0.0	0.0	-2794573.75	-2794573.75	-2794573.75	-2794573.75	
1.0	2837.90136719	320603.3125	-50.2000007629	2445.39990234	0.0	-32.2999992371	-54.5999984741	255.0	184.0	0.0	26.0	15270.9003906	7160.89990234	0.0	2333.0	0.0	0.0	0.0	0.0	-2925701.75	-2925701.75	-2925701.75	-2925701.75	
1.0	2838.04907227	320651.3125	-52.2000007629	2441.39990234	0.0	-34.2999992371	-54.5999984741	288.0	172.0	0.0	30.0	15378.9003906	7094.89990234	0.0	2337.0	0.0	0.0	0.0	0.0	-2636146.75	-2636146.75	-2636146.75	-2636146.75	
1.0	2838.19970703	320657.3125	-54.2000007629	2435.39990234	0.0	-36.2999992371	-56.5999984741	228.0	220.0	0.0	24.0	15113.9003906	7130.89990234	0.0	2313.0	0.0	0.0	0.0	0.0	-3088700.75	-3088700.75	-3088700.75	-3088700.75	
1.0	2838.35009766	320525.3125	-50.2000007629	2463.39990234	0.0	-36.2999992371	-55.5999984741	269.0	199.0	0.0	24.0	15175.9003906	7238.89990234	0.0	2228.0	0.0	0.0	0.0	0.0	-2545159.75	-2545159.75	-2545159.75	-2545159.75	
1.0	2838.50073242	320518.3125	-69.1999969482	2446.39990234	0.0	-32.2999992371	-55.5999984741	304.0	243.0	0.0	27.0	15223.9003906	7253.89990234	0.0	2232.0	0.0	0.0	0.0	0.0	-2693055.75	-2693055.75	-2693055.75	-2693055.75	
1.0	2838.64868164	320697.3125	-72.1999969482	2433.39990234	0.0	-31.2999992371	-56.5999984741	323.0	250.0	0.0	26.0	15158.9003906	7214.89990234	0.0	2282.0	0.0	0.0	0.0	0.0	-2873670.75	-2873670.75	-2873670.75	-2873670.75	
1.0	2838.79931641	320582.3125	-55.2000007629	2436.39990234	0.0	-34.2999992371	-57.5999984741	313.0	248.0	0.0	32.0	15332.9003906	7121.89990234	0.0	2283.0	0.0	0.0	0.0	0.0	-2988876.75	-2988876.75	-2988876.75	-2988876.75	
1.0	2838.94995117	320612.3125	-52.2000007629	2427.39990234	0.0	-31.2999992371	-54.5999984741	345.0	303.0	0.0	14.0	15523.9003906	7219.89990234	0.0	2208.0	0.0	0.0	0.0	0.0	-2602147.75	-2602147.75	-2602147.75	-2602147.75	
1.0	2839.10058594	320409.3125	-49.2000007629	2434.39990234	0.0	-19.2999992371	-56.5999984741	374.0	324.0	0.0	31.0	15612.9003906	7127.89990234	0.0	2225.0	0.0	0.0	0.0	0.0	-2684664.75	-2684664.75	-2684664.75	-2684664.75	
1.0	2839.2487793	320473.3125	-45.2000007629	2450.39990234	0.0	-16.2999992371	-55.5999984741	352.0	341.0	0.0	24.0	15370.9003906	7311.89990234	0.0	2127.0	0.0	0.0	0.0	0.0	-3137938.75	-3137938.75	-3137938.75	-3137938.75	
1.0	2839.39941406	320300.3125	-47.2000007629	2448.39990234	0.0	-17.2999992371	-55.5999984741	468.0	421.0	0.0	29.0	15545.9003906	7319.89990234	0.0	2150.0	0.0	0.0	0.0	0.0	-3016571.75	-3016571.75	-3016571.75	-3016571.75	
1.0	2839.55004883	320387.3125	-48.2000007629	2447.39990234	0.0	-31.2999992371	-54.5999984741	465.0	445.0	0.0	28.0	15698.9003906	7433.89990234	0.0	2096.0	0.0	0.0	0.0	0.0	-2524466.75	-2524466.75	-2524466.75	-2524466.75	
1.0	2839.70092773	320383.3125	-48.2000007629	2432.39990234	0.0	-33.2999992371	-55.5999984741	555.0	468.0	0.0	21.0	16091.9003906	7591.89990234	0.0	2110.0	0.0	0.0	0.0	0.0	-2847919.75	-2847919.75	-2847919.75	-2847919.75	
1.0	2839.84912109	320496.3125	-46.2000007629	2432.39990234	0.0	-33.2999992371	-55.5999984741	571.0	525.0	0.0	23.0	15658.9003906	7592.89990234	0.0	2045.0	0.0	0.0	0.0	0.0	-3237313.75	-3237313.75	-3237313.75	-3237313.75	
1.0	2840.0	320279.3125	-51.2000007629	2447.39990234	0.0	-33.2999992371	-55.5999984741	643.0	566.0	0.0	18.0	16209.9003906	7534.89990234	0.0	1986.0	0.0	0.0	0.0	0.0	-2688147.75	-2688147.75	-2688147.75	-2688147.75	
1.0	2840.15063477	320435.3125	-54.2000007629	2443.39990234	0.0	-31.2999992371	-57.5999984741	707.0	656.0	0.0	26.0	16280.9003906	7771.89990234	0.0	2015.0	0.0	0.0	0.0	0.0	-2808470.75	-2808470.75	-2808470.75	-2808470.75	
1.0	2840.29907227	320490.3125	-51.2000007629	2461.39990234	0.0	-34.2999992371	-53.5999984741	728.0	734.0	0.0	29.0	16034.9003906	7860.89990234	0.0	1946.0	0.0	0.0	0.0	0.0	-2650030.75	-2650030.75	-2650030.75	-2650030.75	
1.0	2840.44970703	320284.3125	-52.2000007629	2460.39990234	0.0	-33.2999992371	-54.5999984741	837.0	829.0	0.0	17.0	15915.9003906	8045.89990234	0.0	1978.0	0.0	0.0	0.0	0.0	-3127060.75	-3127060.75	-3127060.75	-3127060.75	
1.0	2840.60058594	320280.3125	-53.2000007629	2438.39990234	0.0	-20.2999992371	-54.5999984741	885.0	866.0	0.0	17.0	16588.9003906	8216.90039062	0.0	1985.0	0.0	0.0	0.0	0.0	-2587510.75	-2587510.75	-2587510.75	-2587510.75	
1.0	2840.74902344	320440.3125	-53.2000007629	2441.39990234	0.0	-16.2999992371	-54.5999984741	869.0	925.0	0.0	17.0	16060.9003906	8298.90039062	0.0	2063.0	0.0	0.0	0.0	0.0	-2491368.75	-2491368.75	-2491368.75	-2491368.75	
1.0	2840.89990234	320498.3125	-53.2000007629	2459.39990234	0.0	-17.2999992371	-56.5999984741	900.0	909.0	0.0	24.0	16307.9003906	8301.90039062	0.0	2026.0	0.0	0.0	0.0	0.0	-2848712.75	-2848712.75	-2848712.75	-2848712.75	
1.0	2841.05102539	320556.3125	-50.2000007629	2453.39990234	0.0	-18.2999992371	-56.5999984741	917.0	877.0	0.0	23.0	16516.9003906	8106.89990234	0.0	1969.0	0.0	0.0	0.0	0.0	-2590331.75	-2590331.75	-2590331.75	-2590331.75	
1.0	2841.19921875	320235.3125	-44.2000007629	2434.39990234	0.0	-18.2999992371	-53.5999984741	890.0	870.0	0.0	20.0	16398.9003906	8187.89990234	0.0	1924.0	0.0	0.0	0.0	0.0	-2771007.75	-2771007.75	-2771007.75	-2771007.75	
1.0	2841.3503418	320339.3125	-38.2000007629	2443.39990234	0.0	-17.2999992371	-52.5999984741	874.0	857.0	0.0	20.0	16304.9003906	8123.89990234	0.0	2004.0	0.0	0.0	0.0	0.0	-3160613.75	-3160613.75	-3160613.75	-3160613.75	
1.0	2841.4987793	320252.3125	-45.2000007629	2443.39990234	0.0	-28.2999992371	-54.5999984741	787.0	865.0	0.0	20.0	16372.9003906	8028.89990234	0.0	2030.0	0.0	0.0	0.0	0.0	-3279220.75	-3279220.75	-3279220.75	-3279220.75	
1.0	2841.64990234	320242.3125	-40.2000007629	2450.39990234	0.0	-24.2999992371	-54.5999984741	714.0	732.0	0.0	12.0	16365.9003906	7986.89990234	0.0	1950.0	0.0	0.0	0.0	0.0	-2841715.75	-2841715.75	-2841715.75	-2841715.75	
1.0	2841.80078125	320242.3125	-46.2000007629	2437.39990234	0.0	-32.2999992371	-55.5999984741	739.0	727.0	0.0	26.0	16317.9003906	7912.89990234	0.0	1893.0	0.0	0.0	0.0	0.0	-2908457.75	-2908457.75	-2908457.75	-2908457.75	
1.0	2841.94946289	320033.3125	-52.2000007629	2447.39990234	0.0	-29.2999992371	-54.5999984741	645.0	693.0	0.0	24.0	16103.9003906	8065.89990234	0.0	1923.0	0.0	0.0	0.0	0.0	-2578818.75	-2578818.75	-2578818.75	-2578818.75	
1.0	2842.10058594	320066.3125	-52.2000007629	2452.39990234	0.0	-43.2999992371	-57.5999984741	621.0	617.0	0.0	16.0	16233.9003906	7672.89990234	0.0	1911.0	0.0	0.0	0.0	0.0	-3105485.75	-3105485.75	-3105485.75	-3105485.75	
1.0	2842.24902344	320368.3125	-53.2000007629	2456.39990234	0.0	-43.2999992371	-59.5999984741	555.0	557.0	0.0	23.0	16193.9003906	7545.89990234	0.0	1890.0	0.0	0.0	0.0	0.0	-3317292.75	-3317292.75	-3317292.75	-3317292.75	
1.0	2842.40014648	320391.3125	-55.2000007629	2443.39990234	0.0	-45.2999992371	-58.5999984741	560.0	498.0	0.0	27.0	16302.9003906	7681.89990234	0.0	1852.0	0.0	0.0	0.0	0.0	-2826542.75	-2826542.75	-2826542.75	-2826542.75	
1.0	2842.54882812	320321.3125	-52.2000007629	2448.39990234	0.0	-44.2999992371	-58.5999984741	501.0	491.0	0.0	24.0	16223.9003906	7570.89990234	0.0	1980.0	0.0	0.0	0.0	0.0	-2949608.75	-2949608.75	-2949608.75	-2949608.75	
1.0	2842.69995117	320495.3125	-52.2000007629	2434.39990234	0.0	-46.2999992371	-54.5999984741	492.0	446.0	0.0	21.0	16130.9003906	7446.89990234	0.0	1945.0	0.0	0.0	0.0	0.0	-3112815.75	-3112815.75	-3112815.75	-3112815.75	
1.0	2842.84863281	320279.3125	-54.2000007629	2457.39990234	0.0	-44.2999992371	-56.5999984741	465.0	381.0	0.0	18.0	16288.9003906	7417.89990234	0.0	1909.0	0.0	0.0	0.0	0.0	-2735020.75	-2735020.75	-2735020.75	-2735020.75	
1.0	2843.0	320438.3125	-50.2000007629	2485.39990234	0.0	-47.2999992371	-54.5999984741	425.0	358.0	0.0	20.0	15948.9003906	7360.89990234	0.0	1885.0	0.0	0.0	0.0	0.0	-2932016.75	-2932016.75	-2932016.75	-2932016.75	
1.0	2843.15136719	320163.3125	-52.2000007629	2467.39990234	0.0	-45.2999992371	-59.5999984741	419.0	354.0	0.0	17.0	16023.9003906	7430.89990234	0.0	1909.0	0.0	0.0	0.0	0.0	-3103376.75	-3103376.75	-3103376.75	-3103376.75	
1.0	2843.30004883	320231.3125	-52.2000007629	2450.39990234	0.0	-32.2999992371	-57.5999984741	379.0	308.0	0.0	16.0	16086.9003906	7241.89990234	0.0	1964.0	0.0	0.0	0.0	0.0	-2724765.75	-2724765.75	-2724765.75	-2724765.75	
1.0	2843.44873047	320264.3125	-50.2000007629	2461.39990234	0.0	-31.2999992371	-57.5999984741	379.0	327.0	0.0	18.0	16367.9003906	7168.89990234	0.0	1876.0	0.0	0.0	0.0	0.0	-3017292.75	-3017292.75	-3017292.75	-3017292.75	
1.0	2843.60009766	320206.3125	-52.2000007629	2453.39990234	0.0	-31.2999992371	-61.5999984741	363.0	254.0	0.0	18.0	16085.9003906	7131.89990234	0.0	1871.0	0.0	0.0	0.0	0.0	-2805827.75	-2805827.75	-2805827.75	-2805827.75	
1.0	2843.74902344	320065.3125	-45.2000007629	2463.39990234	0.0	-33.2999992371	-78.5999984741	327.0	253.0	0.0	19.0	16095.9003906	7214.89990234	0.0	1822.0	0.0	0.0	0.0	0.0	-3193779.75	-3193779.75	-3193779.75	-3193779.75	
1.0	2843.90039062	320145.3125	-48.2000007629	2467.39990234	0.0	-32.2999992371	-77.5999984741	339.0	268.0	0.0	22.0	16300.9003906	7222.89990234	0.0	1908.0	0.0	0.0	0.0	0.0	-2502603.75	-2502603.75	-2502603.75	-2502603.75	
1.0	2844.04907227	320172.3125	-52.2000007629	2455.39990234	0.0	-33.2999992371	-74.5999984741	370.0	244.0	0.0	22.0	16463.9003906	7205.89990234	0.0	1870.0	0.0	0.0	0.0	0.0	-2857383.75	-2857383.75	-2857383.75	-2857383.75	
1.0	2844.20068359	320121.3125	-51.2000007629	2465.39990234	0.0	-32.2999992371	-76.5999984741	300.0	267.0	0.0	34.0	16161.9003906	7111.89990234	0.0	1851.0	0.0	0.0	0.0	0.0	-3149431.75	-3149431.75	-3149431.75	-3149431.75	
1.0	2844.34936523	320197.3125	-48.2000007629	2487.39990234	0.0	-32.2999992371	-76.5999984741	292.0	212.0	0.0	15.0	16674.9003906	7046.89990234	0.0	1768.0	0.0	0.0	0.0	0.0	-2698223.75	-2698223.75	-2698223.75	-2698223.75	
1.0	2844.50097656	320267.3125	-56.2000007629	2468.39990234	0.0	-30.2999992371	-74.5999984741	273.0	227.0	0.0	19.0	15976.9003906	7119.89990234	0.0	1841.0	0.0	0.0	0.0	0.0	-3023603.75	-3023603.75	-3023603.75	-3023603.75	
1.0	2844.64990234	319975.3125	-52.2000007629	2480.39990234	0.0	-34.2999992371	-76.5999984741	300.0	223.0	0.0	24.0	16603.9003906	7340.89990234	0.0	1826.0	0.0	0.0	0.0	0.0	-2562882.75	-2562882.75	-2562882.75	-2562882.75	
1.0	2844.79882812	319844.3125	-50.2000007629	2463.39990234	0.0	-35.2999992371	-74.5999984741	295.0	222.0	0.0	20.0	16328.9003906	7124.89990234	0.0	1896.0	0.0	0.0	0.0	0.0	-2800400.75	-2800400.75	-2800400.75	-2800400.75	
1.0	2844.95043945	320000.3125	-53.2000007629	2472.39990234	0.0	-35.2999992371	-73.5999984741	289.0	211.0	0.0	17.0	16979.9003906	7234.89990234	0.0	1897.0	0.0	0.0	0.0	0.0	-2534185.75	-2534185.75	-2534185.75	-2534185.75	
1.0	2845.09936523	319936.3125	-52.2000007629	2460.39990234	0.0	-36.2999992371	-75.5999984741	282.0	217.0	0.0	21.0	16322.9003906	7190.89990234	0.0	1890.0	0.0	0.0	0.0	0.0	-2956289.75	-2956289.75	-2956289.75	-2956289.75	
1.0	2845.25097656	320082.3125	-52.2000007629	2488.39990234	0.0	-32.2999992371	-74.5999984741	274.0	211.0	0.0	25.0	16640.9003906	7313.89990234	0.0	1822.0	0.0	0.0	0.0	0.0	-2883342.75	-2883342.75	-2883342.75	-2883342.75	
1.0	2845.40014648	319957.3125	-51.2000007629	2462.39990234	0.0	-33.2999992371	-73.5999984741	266.0	197.0	0.0	16.0	16215.9003906	7021.89990234	0.0	1841.0	0.0	0.0	0.0	0.0	-3111199.75	-3111199.75	-3111199.75	-3111199.75	
1.0	2845.54907227	319871.3125	-52.2000007629	2462.39990234	0.0	-39.2999992371	-74.5999984741	284.0	199.0	0.0	14.0	16395.9003906	7255.89990234	0.0	1815.0	0.0	0.0	0.0	0.0	-2500241.75	-2500241.75	-2500241.75	-2500241.75	
1.0	2845.70092773	320190.3125	-51.2000007629	2465.39990234	0.0	-28.2999992371	-70.5999984741	258.0	180.0	0.0	17.0	16291.9003906	7116.89990234	0.0	1797.0	0.0	0.0	0.0	0.0	-3130532.75	-3130532.75	-3130532.75	-3130532.75	
1.0	2845.85009766	319919.3125	-50.2000007629	2480.39990234	0.0	-25.2999992371	-73.5999984741	259.0	183.0	0.0	17.0	16665.9003906	7120.89990234	0.0	1855.0	0.0	0.0	0.0	0.0	-2976699.75	-2976699.75	-2976699.75	-2976699.75	
1.0	2845.99902344	319960.3125	-53.2000007629	2463.39990234	0.0	-25.2999992371	-75.5999984741	231.0	182.0	0.0	17.0	16143.9003906	7078.89990234	0.0	1735.0	0.0	0.0	0.0	0.0	-2814919.75	-2814919.75	-2814919.75	-2814919.75	
1.0	2846.15087891	320072.3125	-48.2000007629	2460.39990234	0.0	-19.2999992371	-76.5999984741	264.0	171.0	0.0	21.0	16292.9003906	7164.89990234	0.0	1743.0	0.0	0.0	0.0	0.0	-2979434.75	-2979434.75	-2979434.75	-2979434.75	
1.0	2846.30004883	319887.3125	-48.2000007629	2460.39990234	0.0	-20.2999992371	-75.5999984741	275.0	191.0	0.0	20.0	16404.9003906	7199.89990234	0.0	1694.0	0.0	0.0	0.0	0.0	-3018839.75	-3018839.75	-3018839.75	-3018839.75	
1.0	2846.44921875	319843.3125	-51.2000007629	2456.39990234	0.0	-27.2999992371	-74.5999984741	243.0	176.0	0.0	20.0	16429.9003906	7074.89990234	0.0	1770.0	0.0	0.0	0.0	0.0	-2688919.75	-2688919.75	-2688919.75	-2688919.75	
1.0	2846.60107422	320009.3125	-50.2000007629	2473.39990234	0.0	-42.2999992371	-73.5999984741	255.0	172.0	0.0	24.0	16281.9003906	7069.89990234	0.0	1824.0	0.0	0.0	0.0	0.0	-2949081.75	-2949081.75	-2949081.75	-2949081.75	
1.0	2846.75024414	319974.3125	-50.2000007629	2488.39990234	0.0	-42.2999992371	-72.5999984741	238.0	159.0	0.0	15.0	16169.9003906	7216.89990234	0.0	1688.0	0.0	0.0	0.0	0.0	-3337466.75	-3337466.75	-3337466.75	-3337466.75	
1.0	2846.8996582	320188.3125	-52.2000007629	2473.39990234	0.0	-45.2999992371	-73.5999984741	252.0	177.0	0.0	15.0	16655.9003906	7352.89990234	0.0	1787.0	0.0	0.0	0.0	0.0	-2852856.75	-2852856.75	-2852856.75	-2852856.75	
1.0	2847.04907227	319983.3125	-46.2000007629	2464.39990234	0.0	-44.2999992371	-76.5999984741	280.0	181.0	0.0	15.0	16812.9003906	7156.89990234	0.0	1804.0	0.0	0.0	0.0	0.0	-2468188.75	-2468188.75	-2468188.75	-2468188.75	
1.0	2847.20092773	319815.3125	-46.2000007629	2450.39990234	0.0	-42.2999992371	-75.5999984741	268.0	162.0	0.0	18.0	16862.9003906	7101.89990234	0.0	1768.0	0.0	0.0	0.0	0.0	-2696293.75	-2696293.75	-2696293.75	-2696293.75	
1.0	2847.3503418	319727.3125	-47.2000007629	2481.39990234	0.0	-43.2999992371	-84.5999984741	264.0	155.0	0.0	19.0	16334.9003906	7181.89990234	0.0	1821.0	0.0	0.0	0.0	0.0	-3021238.75	-3021238.75	-3021238.75	-3021238.75	
1.0	2847.49951172	319771.3125	-51.2000007629	2479.39990234	0.0	-42.2999992371	-82.5999984741	256.0	162.0	0.0	27.0	16595.9003906	7253.89990234	0.0	1851.0	0.0	0.0	0.0	0.0	-2763401.75	-2763401.75	-2763401.75	-2763401.75	
1.0	2847.64892578	319854.3125	-50.2000007629	2473.39990234	0.0	-42.2999992371	-59.5999984741	247.0	186.0	0.0	17.0	16521.9003906	7118.89990234	0.0	1812.0	0.0	0.0	0.0	0.0	-3105116.75	-3105116.75	-3105116.75	-3105116.75	
1.0	2847.80102539	319777.3125	-49.2000007629	2473.39990234	0.0	-41.2999992371	-59.5999984741	258.0	180.0	0.0	17.0	16531.9003906	7191.89990234	0.0	1806.0	0.0	0.0	0.0	0.0	-2588773.75	-2588773.75	-2588773.75	-2588773.75	
1.0	2847.95043945	320678.3125	-51.2000007629	2492.39990234	0.0	-39.2999992371	-46.5999984741	266.0	174.0	0.0	22.0	16672.9003906	7283.89990234	0.0	1817.0	0.0	0.0	0.0	0.0	-3011347.75	-3011347.75	-3011347.75	-3011347.75	
1.0	2848.09985352	321931.3125	-48.2000007629	2489.39990234	0.0	-39.2999992371	-46.5999984741	275.0	185.0	0.0	14.0	17061.9003906	7124.89990234	0.0	1774.0	0.0	0.0	0.0	0.0	-2858169.75	-2858169.75	-2858169.75	-2858169.75	
1.0	2848.24951172	323079.3125	-54.2000007629	2515.39990234	0.0	-45.2999992371	-50.5999984741	264.0	162.0	0.0	20.0	16835.9003906	7286.89990234	0.0	1713.0	0.0	0.0	0.0	0.0	-3302576.75	-3302576.75	-3302576.75	-3302576.75	
1.0	2848.39892578	323867.3125	-52.2000007629	2498.39990234	0.0	-35.2999992371	-47.5999984741	281.0	196.0	0.0	14.0	17183.9003906	7412.89990234	0.0	1705.0	0.0	0.0	0.0	0.0	-2971951.75	-2971951.75	-2971951.75	-2971951.75	
1.0	2848.55102539	324022.3125	-47.2000007629	2500.39990234	0.0	-35.2999992371	-47.5999984741	297.0	184.0	0.0	24.0	16781.9003906	7344.89990234	0.0	1858.0	0.0	0.0	0.0	0.0	-2713651.75	-2713651.75	-2713651.75	-2713651.75	
1.0	2848.70068359	323953.3125	-50.2000007629	2515.39990234	0.0	-20.2999992371	-47.5999984741	266.0	177.0	0.0	26.0	16891.9003906	7368.89990234	0.0	1808.0	0.0	0.0	0.0	0.0	-2722070.75	-2722070.75	-2722070.75	-2722070.75	
1.0	2848.85009766	324194.3125	-49.2000007629	2536.39990234	0.0	-18.2999992371	-48.5999984741	286.0	184.0	0.0	15.0	17010.9003906	7327.89990234	0.0	1742.0	0.0	0.0	0.0	0.0	-3320815.75	-3320815.75	-3320815.75	-3320815.75	
1.0	2848.99975586	323888.3125	-50.2000007629	2518.39990234	0.0	-20.2999992371	-48.5999984741	283.0	182.0	0.0	13.0	17031.9003906	7479.89990234	0.0	1841.0	0.0	0.0	0.0	0.0	-2869631.75	-2869631.75	-2869631.75	-2869631.75	
1.0	2849.14941406	323865.3125	-70.1999969482	2511.39990234	0.0	-20.2999992371	-45.5999984741	300.0	183.0	0.0	15.0	17419.9003906	7370.89990234	0.0	1886.0	0.0	0.0	0.0	0.0	-2994266.75	-2994266.75	-2994266.75	-2994266.75	
1.0	2849.29907227	323958.3125	-53.2000007629	2514.39990234	0.0	-21.2999992371	-46.5999984741	281.0	198.0	0.0	18.0	17236.9003906	7334.89990234	0.0	1824.0	0.0	0.0	0.0	0.0	-3141002.75	-3141002.75	-3141002.75	-3141002.75	
1.0	2849.44873047	323771.3125	-52.2000007629	2495.39990234	0.0	-21.2999992371	-45.5999984741	274.0	200.0	0.0	24.0	16899.9003906	7480.89990234	0.0	1828.0	0.0	0.0	0.0	0.0	-2867243.75	-2867243.75	-2867243.75	-2867243.75	
1.0	2849.60107422	323852.3125	-50.2000007629	2514.39990234	0.0	-19.2999992371	-47.5999984741	301.0	205.0	0.0	19.0	17570.9003906	7412.89990234	0.0	1663.0	0.0	0.0	0.0	0.0	-3289157.75	-3289157.75	-3289157.75	-3289157.75	
1.0	2849.75073242	323877.3125	-51.2000007629	2503.39990234	0.0	-16.2999992371	-46.5999984741	280.0	222.0	0.0	18.0	17334.9003906	7360.89990234	0.0	1852.0	0.0	0.0	0.0	0.0	-2812591.75	-2812591.75	-2812591.75	-2812591.75	
1.0	2849.90063477	324000.3125	-48.2000007629	2495.39990234	0.0	-19.2999992371	-49.5999984741	271.0	200.0	0.0	13.0	17235.9003906	7368.89990234	0.0	1900.0	0.0	0.0	0.0	0.0	-3031007.75	-3031007.75	-3031007.75	-3031007.75	
1.0	2850.05029297	323719.3125	-54.2000007629	2505.39990234	0.0	-20.2999992371	-46.5999984741	269.0	198.0	0.0	18.0	17572.9003906	7492.89990234	0.0	1773.0	0.0	0.0	0.0	0.0	-3324359.75	-3324359.75	-3324359.75	-3324359.75	
1.0	2850.20019531	323757.3125	-66.1999969482	2513.39990234	0.0	-19.2999992371	-45.5999984741	301.0	205.0	0.0	21.0	16858.9003906	7516.89990234	0.0	1768.0	0.0	0.0	0.0	0.0	-3251665.75	-3251665.75	-3251665.75	-3251665.75	
1.0	2850.34985352	324050.3125	-54.2000007629	2516.39990234	0.0	-18.2999992371	-56.5999984741	298.0	193.0	0.0	16.0	17651.9003906	7433.89990234	0.0	1832.0	0.0	0.0	0.0	0.0	-3278729.75	-3278729.75	-3278729.75	-3278729.75	
1.0	2850.49975586	323830.3125	-49.2000007629	2512.39990234	0.0	-16.2999992371	-45.5999984741	308.0	194.0	0.0	16.0	17571.9003906	7581.89990234	0.0	1884.0	0.0	0.0	0.0	0.0	-2498151.75	-2498151.75	-2498151.75	-2498151.75	
1.0	2850.6496582	323604.3125	-52.2000007629	2505.39990234	0.0	-15.3000001907	-42.5999984741	315.0	234.0	0.0	22.0	17374.9003906	7484.89990234	0.0	1792.0	0.0	0.0	0.0	0.0	-3207731.75	-3207731.75	-3207731.75	-3207731.75	
1.0	2850.79956055	323492.3125	-54.2000007629	2513.39990234	0.0	-19.2999992371	-43.5999984741	296.0	209.0	0.0	18.0	17595.9003906	7595.89990234	0.0	1753.0	0.0	0.0	0.0	0.0	-2658081.75	-2658081.75	-2658081.75	-2658081.75	
1.0	2850.94946289	323520.3125	-52.2000007629	2513.39990234	0.0	-28.2999992371	-40.5999984741	279.0	202.0	0.0	27.0	17049.9003906	7409.89990234	0.0	1849.0	0.0	0.0	0.0	0.0	-2999190.75	-2999190.75	-2999190.75	-2999190.75	
1.0	2851.09936523	323723.3125	-55.2000007629	2481.39990234	0.0	-27.2999992371	-46.5999984741	323.0	218.0	0.0	29.0	17223.9003906	7558.89990234	0.0	1807.0	0.0	0.0	0.0	0.0	-3194434.75	-3194434.75	-3194434.75	-3194434.75	
1.0	2851.24926758	323787.3125	-55.2000007629	2491.39990234	0.0	-25.2999992371	-44.5999984741	334.0	217.0	0.0	19.0	17179.9003906	7462.89990234	0.0	1841.0	0.0	0.0	0.0	0.0	-2935924.75	-2935924.75	-2935924.75	-2935924.75	
1.0	2851.39941406	323586.3125	-55.2000007629	2516.39990234	0.0	-25.2999992371	-45.5999984741	287.0	220.0	0.0	9.0	17365.9003906	7573.89990234	0.0	1817.0	0.0	0.0	0.0	0.0	-3100141.75	-3100141.75	-3100141.75	-3100141.75	
1.0	2851.54931641	323407.3125	-53.2000007629	2517.39990234	0.0	-24.2999992371	-43.5999984741	320.0	218.0	0.0	20.0	17897.9003906	7550.89990234	0.0	1785.0	0.0	0.0	0.0	0.0	-2634764.75	-2634764.75	-2634764.75	-2634764.75	
1.0	2851.69946289	323589.3125	-54.2000007629	2505.39990234	0.0	-16.2999992371	-42.5999984741	286.0	209.0	0.0	17.0	17543.9003906	7483.89990234	0.0	1828.0	0.0	0.0	0.0	0.0	-2926846.75	-2926846.75	-2926846.75	-2926846.75	
1.0	2851.84936523	323617.3125	-52.2000007629	2519.39990234	0.0	-16.2999992371	-39.5999984741	313.0	218.0	0.0	18.0	17351.9003906	7516.89990234	0.0	1845.0	0.0	0.0	0.0	0.0	-2525004.75	-2525004.75	-2525004.75	-2525004.75	
1.0	2851.99951172	323773.3125	-50.2000007629	2493.39990234	0.0	-22.2999992371	-41.5999984741	296.0	218.0	0.0	18.0	17851.9003906	7505.89990234	0.0	1804.0	0.0	0.0	0.0	0.0	-2543965.75	-2543965.75	-2543965.75	-2543965.75	
1.0	2852.1496582	323605.3125	-50.2000007629	2515.39990234	0.0	-27.2999992371	-43.5999984741	315.0	191.0	0.0	16.0	17827.9003906	7615.89990234	0.0	1673.0	0.0	0.0	0.0	0.0	-2787311.75	-2787311.75	-2787311.75	-2787311.75	
1.0	2852.29956055	323535.3125	-50.2000007629	2498.39990234	0.0	-26.2999992371	-41.5999984741	319.0	227.0	0.0	18.0	17381.9003906	7517.89990234	0.0	1678.0	0.0	0.0	0.0	0.0	-3186916.75	-3186916.75	-3186916.75	-3186916.75	
1.0	2852.44970703	323363.3125	-49.2000007629	2516.39990234	0.0	-25.2999992371	-42.5999984741	290.0	200.0	0.0	25.0	17642.9003906	7724.89990234	0.0	1873.0	0.0	0.0	0.0	0.0	-3234878.75	-3234878.75	-3234878.75	-3234878.75	
1.0	2852.60009766	323441.3125	-49.2000007629	2532.39990234	0.0	-26.2999992371	-46.5999984741	320.0	223.0	0.0	20.0	17868.9003906	7650.89990234	0.0	1761.0	0.0	0.0	0.0	0.0	-2726445.75	-2726445.75	-2726445.75	-2726445.75	
1.0	2852.75024414	323238.3125	-32.2000007629	2495.39990234	0.0	-24.2999992371	-41.5999984741	323.0	168.0	0.0	15.0	17557.9003906	7645.89990234	0.0	1844.0	0.0	0.0	0.0	0.0	-2758337.75	-2758337.75	-2758337.75	-2758337.75	
1.0	2852.90039062	323565.3125	-31.2000007629	2514.39990234	0.0	-25.2999992371	-44.5999984741	299.0	230.0	0.0	24.0	17197.9003906	7570.89990234	0.0	1784.0	0.0	0.0	0.0	0.0	-3096889.75	-3096889.75	-3096889.75	-3096889.75	
1.0	2853.05053711	323368.3125	-29.2000007629	2495.39990234	0.0	-24.2999992371	-42.5999984741	314.0	214.0	0.0	19.0	17442.9003906	7668.89990234	0.0	1772.0	0.0	0.0	0.0	0.0	-3163252.75	-3163252.75	-3163252.75	-3163252.75	
1.0	2853.20092773	323460.3125	-32.2000007629	2513.39990234	0.0	-25.2999992371	-41.5999984741	298.0	192.0	0.0	20.0	17581.9003906	7492.89990234	0.0	1833.0	0.0	0.0	0.0	0.0	-3298536.75	-3298536.75	-3298536.75	-3298536.75	
1.0	2853.35107422	323188.3125	-30.2000007629	2505.39990234	0.0	-25.2999992371	-40.5999984741	279.0	210.0	0.0	18.0	17673.9003906	7491.89990234	0.0	1764.0	0.0	0.0	0.0	0.0	-2665750.75	-2665750.75	-2665750.75	-2665750.75	
1.0	2853.4987793	323344.3125	-29.2000007629	2511.39990234	0.0	-23.2999992371	-40.5999984741	254.0	214.0	0.0	26.0	17903.9003906	7553.89990234	0.0	1880.0	0.0	0.0	0.0	0.0	-2958419.75	-2958419.75	-2958419.75	-2958419.75	
1.0	2853.64916992	323344.3125	-33.2000007629	2492.39990234	0.0	-25.2999992371	-41.5999984741	260.0	211.0	0.0	16.0	17841.9003906	7605.89990234	0.0	1889.0	0.0	0.0	0.0	0.0	-3042991.75	-3042991.75	-3042991.75	-3042991.75	
1.0	2853.79956055	323416.3125	-32.2000007629	2508.39990234	0.0	-27.2999992371	-41.5999984741	288.0	201.0	0.0	19.0	17674.9003906	7612.89990234	0.0	1840.0	0.0	0.0	0.0	0.0	-2945298.75	-2945298.75	-2945298.75	-2945298.75	
1.0	2853.94995117	323189.3125	-34.2000007629	2508.39990234	0.0	-25.2999992371	-42.5999984741	276.0	209.0	0.0	18.0	17660.9003906	7557.89990234	0.0	1740.0	0.0	0.0	0.0	0.0	-3099483.75	-3099483.75	-3099483.75	-3099483.75	
1.0	2854.1003418	323318.3125	-34.2000007629	2518.39990234	0.0	-27.2999992371	-41.5999984741	320.0	203.0	0.0	15.0	17933.9003906	7718.89990234	0.0	1709.0	0.0	0.0	0.0	0.0	-3314830.75	-3314830.75	-3314830.75	-3314830.75	
1.0	2854.25073242	323320.3125	-38.2000007629	2501.39990234	0.0	-28.2999992371	-38.5999984741	277.0	180.0	0.0	12.0	17559.9003906	7745.89990234	0.0	1802.0	0.0	0.0	0.0	0.0	-2836736.75	-2836736.75	-2836736.75	-2836736.75	
1.0	2854.40112305	323323.3125	-34.2000007629	2508.39990234	0.0	-26.2999992371	-38.5999984741	276.0	177.0	0.0	18.0	17891.9003906	7603.89990234	0.0	1727.0	0.0	0.0	0.0	0.0	-3024684.75	-3024684.75	-3024684.75	-3024684.75	
1.0	2854.54907227	323282.3125	-32.2000007629	2522.39990234	0.0	-37.2999992371	-37.5999984741	270.0	220.0	0.0	20.0	18024.9003906	7621.89990234	0.0	1740.0	0.0	0.0	0.0	0.0	-2677376.75	-2677376.75	-2677376.75	-2677376.75	
1.0	2854.69946289	323038.3125	-33.2000007629	2495.39990234	0.0	-39.2999992371	-39.5999984741	274.0	205.0	0.0	14.0	17684.9003906	7608.89990234	0.0	1853.0	0.0	0.0	0.0	0.0	-3031981.75	-3031981.75	-3031981.75	-3031981.75	
1.0	2854.85009766	323233.3125	-30.2000007629	2503.39990234	0.0	-37.2999992371	-49.5999984741	314.0	182.0	0.0	19.0	18488.9003906	7642.89990234	0.0	1868.0	0.0	0.0	0.0	0.0	-2959026.75	-2959026.75	-2959026.75	-2959026.75	
1.0	2855.00048828	323237.3125	-31.2000007629	2493.39990234	0.0	-39.2999992371	-51.5999984741	317.0	192.0	0.0	19.0	18109.9003906	7581.89990234	0.0	1818.0	0.0	0.0	0.0	0.0	-3252839.75	-3252839.75	-3252839.75	-3252839.75	
1.0	2855.49902344	323298.3125	-30.2000007629	2486.39990234	0.0	-39.2999992371	-44.5999984741	268.0	180.0	0.0	12.0	18070.9003906	7613.89990234	0.0	1782.0	0.0	0.0	0.0	0.0	-2660436.75	-2660436.75	-2660436.75	-2660436.75	
1.0	2856.00048828	323261.3125	-31.2000007629	2504.39990234	0.0	-38.2999992371	-50.5999984741	281.0	203.0	0.0	19.0	18235.9003906	7950.89990234	0.0	1710.0	0.0	0.0	0.0	0.0	-2859473.75	-2859473.75	-2859473.75	-2859473.75	
1.0	2856.49926758	323222.3125	-31.2000007629	2505.39990234	0.0	-38.2999992371	-56.5999984741	281.0	178.0	0.0	20.0	18190.9003906	7672.89990234	0.0	1836.0	0.0	0.0	0.0	0.0	-3193893.75	-3193893.75	-3193893.75	-3193893.75	
1.0	2857.0012207	323118.3125	-32.2000007629	2519.39990234	0.0	-37.2999992371	-59.5999984741	276.0	188.0	0.0	16.0	18104.9003906	7838.89990234	0.0	1785.0	0.0	0.0	0.0	0.0	-2808808.75	-2808808.75	-2808808.75	-2808808.75	
1.0	2857.50073242	323163.3125	-33.2000007629	2513.39990234	0.0	-37.2999992371	-39.5999984741	288.0	182.0	0.0	17.0	18486.9003906	7635.89990234	0.0	1760.0	0.0	0.0	0.0	0.0	-2557457.75	-2557457.75	-2557457.75	-2557457.75	
1.0	2858.00048828	323200.3125	-30.2000007629	2512.39990234	0.0	-36.2999992371	-39.5999984741	283.0	216.0	0.0	19.0	18029.9003906	7901.89990234	0.0	1886.0	0.0	0.0	0.0	0.0	-2730689.75	-2730689.75	-2730689.75	-2730689.75	
1.0	2858.50048828	323271.3125	-33.2000007629	2506.39990234	0.0	-34.2999992371	-42.5999984741	263.0	201.0	0.0	18.0	18483.9003906	7783.89990234	0.0	1841.0	0.0	0.0	0.0	0.0	-3019040.75	-3019040.75	-3019040.75	-3019040.75	
1.0	2859.00073242	323220.3125	-50.2000007629	2506.39990234	0.0	-36.2999992371	-43.5999984741	285.0	195.0	0.0	17.0	17653.9003906	7693.89990234	0.0	1844.0	0.0	0.0	0.0	0.0	-3509277.75	-3509277.75	-3509277.75	-3509277.75	
1.0	2859.4987793	323164.3125	-29.2000007629	2506.39990234	0.0	-29.2999992371	-43.5999984741	290.0	195.0	0.0	23.0	17777.9003906	7780.89990234	0.0	1825.0	0.0	0.0	0.0	0.0	-3221309.75	-3221309.75	-3221309.75	-3221309.75	
1.0	2859.99951172	323307.3125	-32.2000007629	2514.39990234	0.0	-31.2999992371	-50.5999984741	257.0	203.0	0.0	17.0	18144.9003906	7923.89990234	0.0	1820.0	0.0	0.0	0.0	0.0	-2724448.75	-2724448.75	-2724448.75	-2724448.75	
1.0	2860.50048828	323235.3125	-31.2000007629	2521.39990234	0.0	-28.2999992371	-50.5999984741	279.0	187.0	0.0	24.0	18550.9003906	7740.89990234	0.0	1888.0	0.0	0.0	0.0	0.0	-2851830.75	-2851830.75	-2851830.75	-2851830.75	
1.0	2860.99926758	323161.3125	-28.2000007629	2512.39990234	0.0	-28.2999992371	-40.5999984741	298.0	203.0	0.0	20.0	18585.9003906	7778.89990234	0.0	1757.0	0.0	0.0	0.0	0.0	-3186662.75	-3186662.75	-3186662.75	-3186662.75	
1.0	2861.50073242	323328.3125	-31.2000007629	2521.39990234	0.0	-28.2999992371	-39.5999984741	286.0	189.0	0.0	15.0	18503.9003906	7872.89990234	0.0	1767.0	0.0	0.0	0.0	0.0	-3108810.75	-3108810.75	-3108810.75	-3108810.75	
1.0	2862.0	323263.3125	-26.2000007629	2512.39990234	0.0	-27.2999992371	-41.5999984741	291.0	208.0	0.0	19.0	18680.9003906	7835.89990234	0.0	1820.0	0.0	0.0	0.0	0.0	-2532646.75	-2532646.75	-2532646.75	-2532646.75	
1.0	2862.49926758	323174.3125	-31.2000007629	2512.39990234	0.0	-28.2999992371	-37.5999984741	274.0	205.0	0.0	18.0	18657.9003906	7883.89990234	0.0	1788.0	0.0	0.0	0.0	0.0	-3070417.75	-3070417.75	-3070417.75	-3070417.75	
1.0	2862.99902344	323001.3125	-32.2000007629	2513.39990234	0.0	-30.2999992371	-38.5999984741	287.0	197.0	0.0	20.0	18745.9003906	7752.89990234	0.0	1930.0	0.0	0.0	0.0	0.0	-2993789.75	-2993789.75	-2993789.75	-2993789.75	
1.0	2863.49902344	323199.3125	-30.2000007629	2497.39990234	0.0	-27.2999992371	-38.5999984741	279.0	193.0	0.0	16.0	18847.9003906	7875.89990234	0.0	1735.0	0.0	0.0	0.0	0.0	-2561506.75	-2561506.75	-2561506.75	-2561506.75	
1.0	2863.99926758	323091.3125	-31.2000007629	2515.39990234	0.0	-18.2999992371	-54.5999984741	275.0	212.0	0.0	21.0	18364.9003906	8097.89990234	0.0	1823.0	0.0	0.0	0.0	0.0	-3152556.75	-3152556.75	-3152556.75	-3152556.75	
1.0	2864.49975586	323233.3125	-31.2000007629	2513.39990234	0.0	-14.3000001907	-53.5999984741	281.0	197.0	0.0	19.0	18513.9003906	7845.89990234	0.0	1789.0	0.0	0.0	0.0	0.0	-2680142.75	-2680142.75	-2680142.75	-2680142.75	
1.0	2865.00048828	322963.3125	-30.2000007629	2532.39990234	0.0	-14.3000001907	-47.5999984741	297.0	205.0	0.0	20.0	19075.9003906	7989.89990234	0.0	1812.0	0.0	0.0	0.0	0.0	-2940053.75	-2940053.75	-2940053.75	-2940053.75	
1.0	2865.4987793	323011.3125	-28.2000007629	2510.39990234	0.0	-14.3000001907	-42.5999984741	284.0	214.0	0.0	23.0	18986.9003906	8027.89990234	0.0	1937.0	0.0	0.0	0.0	0.0	-2460086.75	-2460086.75	-2460086.75	-2460086.75	
1.0	2866.0	323255.3125	-29.2000007629	2513.39990234	0.0	-15.3000001907	-43.5999984741	306.0	199.0	0.0	25.0	18670.9003906	8178.89990234	0.0	1831.0	0.0	0.0	0.0	0.0	-2708666.75	-2708666.75	-2708666.75	-2708666.75	
1.0	2866.4987793	323297.3125	-27.2000007629	2528.39990234	0.0	-13.3000001907	-43.5999984741	284.0	203.0	0.0	13.0	19634.9003906	8056.89990234	0.0	1821.0	0.0	0.0	0.0	0.0	-2867143.75	-2867143.75	-2867143.75	-2867143.75	
1.0	2867.00048828	323072.3125	-29.2000007629	2519.39990234	0.0	-12.3000001907	-44.5999984741	283.0	212.0	0.0	23.0	19055.9003906	7854.89990234	0.0	1854.0	0.0	0.0	0.0	0.0	-3332892.75	-3332892.75	-3332892.75	-3332892.75	
1.0	2867.5	323173.3125	-32.2000007629	2520.39990234	0.0	-14.3000001907	-46.5999984741	289.0	209.0	0.0	15.0	18743.9003906	8089.89990234	0.0	1737.0	0.0	0.0	0.0	0.0	-2551654.75	-2551654.75	-2551654.75	-2551654.75	
1.0	2867.99951172	323238.3125	-34.2000007629	2529.39990234	0.0	-12.3000001907	-42.5999984741	283.0	197.0	0.0	24.0	18999.9003906	8041.89990234	0.0	1819.0	0.0	0.0	0.0	0.0	-2936804.75	-2936804.75	-2936804.75	-2936804.75	
1.0	2868.49951172	323190.3125	-40.2000007629	2533.39990234	0.0	-26.2999992371	-45.5999984741	320.0	199.0	0.0	20.0	19052.9003906	8046.89990234	0.0	1894.0	0.0	0.0	0.0	0.0	-2743139.75	-2743139.75	-2743139.75	-2743139.75	
1.0	2868.99951172	323038.3125	-47.2000007629	2519.39990234	0.0	-28.2999992371	-45.5999984741	256.0	198.0	0.0	11.0	19171.9003906	8074.89990234	0.0	1830.0	0.0	0.0	0.0	0.0	-2838080.75	-2838080.75	-2838080.75	-2838080.75	
1.0	2869.5	323146.3125	-67.1999969482	2508.39990234	0.0	-28.2999992371	-42.5999984741	280.0	222.0	0.0	15.0	18858.9003906	8141.89990234	0.0	1863.0	0.0	0.0	0.0	0.0	-3213283.75	-3213283.75	-3213283.75	-3213283.75	
1.0	2870.00048828	323271.3125	-55.2000007629	2532.39990234	0.0	-34.2999992371	-45.5999984741	279.0	201.0	0.0	18.0	18551.9003906	7973.89990234	0.0	1821.0	0.0	0.0	0.0	0.0	-3233192.75	-3233192.75	-3233192.75	-3233192.75	
1.0	2870.99975586	323398.3125	-50.2000007629	2564.39990234	0.0	-36.2999992371	-44.5999984741	306.0	199.0	0.0	24.0	19124.9003906	7951.89990234	0.0	1771.0	0.0	0.0	0.0	0.0	-3058443.75	-3058443.75	-3058443.75	-3058443.75	
1.0	2872.00024414	323007.3125	-49.2000007629	2542.39990234	0.0	-33.2999992371	-41.5999984741	314.0	215.0	0.0	26.0	19386.9003906	8185.89990234	0.0	1897.0	0.0	0.0	0.0	0.0	-3077296.75	-3077296.75	-3077296.75	-3077296.75	
1.0	2872.99902344	323246.3125	-49.2000007629	2543.39990234	0.0	-35.2999992371	-41.5999984741	283.0	207.0	0.0	19.0	19272.9003906	8300.90039062	0.0	1872.0	0.0	0.0	0.0	0.0	-2853847.75	-2853847.75	-2853847.75	-2853847.75	
1.0	2873.9987793	323192.3125	-52.2000007629	2544.39990234	0.0	-34.2999992371	-40.5999984741	294.0	219.0	0.0	21.0	19247.9003906	8371.90039062	0.0	1877.0	0.0	0.0	0.0	0.0	-3089498.75	-3089498.75	-3089498.75	-3089498.75	
1.0	2874.99951172	323211.3125	-57.2000007629	2534.39990234	0.0	-36.2999992371	-42.5999984741	328.0	240.0	0.0	19.0	19557.9003906	8139.89990234	0.0	1947.0	0.0	0.0	0.0	0.0	-2786543.75	-2786543.75	-2786543.75	-2786543.75	
1.0	2876.0012207	323127.3125	-59.2000007629	2552.39990234	0.0	-38.2999992371	-39.5999984741	296.0	242.0	0.0	14.0	19256.9003906	8286.90039062	0.0	1807.0	0.0	0.0	0.0	0.0	-3260050.75	-3260050.75	-3260050.75	-3260050.75	
1.0	2876.9987793	323089.3125	-57.2000007629	2542.39990234	0.0	-38.2999992371	-41.5999984741	334.0	244.0	0.0	11.0	19115.9003906	8094.89990234	0.0	1786.0	0.0	0.0	0.0	0.0	-3197351.75	-3197351.75	-3197351.75	-3197351.75	
1.0	2878.0	323187.3125	-58.2000007629	2528.39990234	0.0	-37.2999992371	-52.5999984741	327.0	235.0	0.0	17.0	19412.9003906	8367.90039062	0.0	1908.0	0.0	0.0	0.0	0.0	-2959293.75	-2959293.75	-2959293.75	-2959293.75	
1.0	2878.99951172	323121.3125	-58.2000007629	2561.39990234	0.0	-38.2999992371	-60.5999984741	291.0	283.0	0.0	14.0	19424.9003906	8456.90039062	0.0	1848.0	0.0	0.0	0.0	0.0	-2752681.75	-2752681.75	-2752681.75	-2752681.75	
1.0	2880.0	323332.3125	-57.2000007629	2559.39990234	0.0	-31.2999992371	-57.5999984741	300.0	255.0	0.0	15.0	19742.9003906	8262.90039062	0.0	1778.0	0.0	0.0	0.0	0.0	-2514740.75	-2514740.75	-2514740.75	-2514740.75	
1.0	2880.9987793	323233.3125	-46.2000007629	2565.39990234	0.0	-28.2999992371	-57.5999984741	294.0	241.0	0.0	18.0	19142.9003906	8186.89990234	0.0	1927.0	0.0	0.0	0.0	0.0	-3731319.75	-3731319.75	-3731319.75	-3731319.75	
1.0	2882.0012207	323301.3125	-45.2000007629	2554.39990234	0.0	-31.2999992371	-57.5999984741	286.0	253.0	0.0	12.0	20022.9003906	8421.90039062	0.0	1845.0	0.0	0.0	0.0	0.0	-2770942.75	-2770942.75	-2770942.75	-2770942.75	
1.0	2882.99951172	323175.3125	-46.2000007629	2535.39990234	0.0	-28.2999992371	-72.5999984741	356.0	263.0	0.0	22.0	20007.9003906	8480.90039062	0.0	1878.0	0.0	0.0	0.0	0.0	-2740769.75	-2740769.75	-2740769.75	-2740769.75	
1.0	2884.0012207	323400.3125	-49.2000007629	2554.39990234	0.0	-27.2999992371	-73.5999984741	337.0	250.0	0.0	18.0	19908.9003906	8501.90039062	0.0	1951.0	0.0	0.0	0.0	0.0	-3052763.75	-3052763.75	-3052763.75	-3052763.75	
1.0	2884.9987793	323292.3125	-48.2000007629	2572.39990234	0.0	-31.2999992371	-50.5999984741	349.0	251.0	0.0	17.0	20139.9003906	8498.90039062	0.0	1775.0	0.0	0.0	0.0	0.0	-3276081.75	-3276081.75	-3276081.75	-3276081.75	
1.0	2886.0	323432.3125	-44.2000007629	2556.39990234	0.0	-14.3000001907	-55.5999984741	287.0	240.0	0.0	13.0	19902.9003906	8449.90039062	0.0	1759.0	0.0	0.0	0.0	0.0	-3005881.75	-3005881.75	-3005881.75	-3005881.75	
1.0	2886.99951172	323263.3125	-45.2000007629	2570.39990234	0.0	-10.3000001907	-53.5999984741	338.0	273.0	0.0	23.0	19620.9003906	8709.90039062	0.0	2022.0	0.0	0.0	0.0	0.0	-2988627.75	-2988627.75	-2988627.75	-2988627.75	
1.0	2890.0012207	323350.3125	-48.2000007629	2561.39990234	0.0	-10.3000001907	-42.5999984741	322.0	244.0	0.0	8.0	20666.9003906	8559.90039062	0.0	1972.0	0.0	0.0	0.0	0.0	-2627060.75	-2627060.75	-2627060.75	-2627060.75	
1.0	2893.0012207	323482.3125	-50.2000007629	2562.39990234	0.0	-11.3000001907	-43.5999984741	319.0	218.0	0.0	20.0	20493.9003906	8596.90039062	0.0	1993.0	0.0	0.0	0.0	0.0	-3001260.75	-3001260.75	-3001260.75	-3001260.75	
1.0	2895.99926758	323550.3125	-49.2000007629	2579.39990234	0.0	-14.3000001907	-57.5999984741	279.0	228.0	0.0	17.0	20346.9003906	8654.90039062	0.0	1979.0	0.0	0.0	0.0	0.0	-3040621.75	-3040621.75	-3040621.75	-3040621.75	
1.0	2899.00097656	323629.3125	-48.2000007629	2580.39990234	0.0	-12.3000001907	-61.5999984741	296.0	217.0	0.0	13.0	20806.9003906	8698.90039062	0.0	1832.0	0.0	0.0	0.0	0.0	-2615656.75	-2615656.75	-2615656.75	-2615656.75	
1.0	2902.00073242	323630.3125	-46.2000007629	2602.39990234	0.0	-13.3000001907	-63.5999984741	296.0	197.0	0.0	18.0	20835.9003906	8797.90039062	0.0	1981.0	0.0	0.0	0.0	0.0	-2892658.75	-2892658.75	-2892658.75	-2892658.75	
1.0	2905.0012207	323773.3125	-47.2000007629	2588.39990234	0.0	-13.3000001907	-59.5999984741	270.0	220.0	0.0	19.0	20654.9003906	8743.90039062	0.0	1952.0	0.0	0.0	0.0	0.0	-2746805.75	-2746805.75	-2746805.75	-2746805.75	
