SSRL   MicroEXAFS Data Collector 2.0 
Thu Jul 04 16:35:33 2019
PTS:	205	COLS:	24
alexbox-4ch-xspress.det
RuL3_edge_cell.rgn
SSRL BEAMLINE
COMMENTS





S1VGAP: 0.800000	S1HGAP: 2.500000	TABLEHORZ: 6.000000	SAMPLEV: 41.000000	CALVERT: 4.100521	BPVRT: 46.052197	M1VERT: 6.983426	SAMPLEHOLD: 25.998010	S1HTRAN: 4.481500	

Weights:
 1.000	1.000	1.000	1.000	1.000	1.000	1.000	1.000	1.000	1.000	1.000	1.000	1.000	1.000	1.000	1.000	1.000	1.000	1.000	1.000	1.000	1.000	
Offsets:
 207.7	877.2	4819.6	0.0	125.3	562.6	0.0	0.0	0.0	0.0	0.1	2.1	0.0	1.0	0.0	0.0	0.0	0.0	79705487.8	79705487.8	79705487.8	79705487.8	
Data:
Real Time Clock
Requested Energy
I0   
I1   
I2   
I3   
MPFB1   
MPFB2   
FF1   
FF2   
FF3   
FF4   
ICR1   
ICR2   
ICR3   
ICR4   
SCA2.1   
SCA2.2   
SCA2.3   
SCA2.4   
TIME1   
TIME2   
TIME3   
TIME4   

1.0	2810.00097656	319523.3125	-44.2000007629	2413.39990234	0.0	-23.2999992371	-61.5999984741	230.0	63.0	0.0	33.0	17807.9003906	6974.89990234	0.0	1738.0	0.0	0.0	0.0	0.0	-2672949.75	-2672949.75	-2672949.75	-2672949.75	
1.0	2810.99975586	319489.3125	-43.2000007629	2424.39990234	0.0	-5.30000019073	-60.5999984741	218.0	62.0	0.0	23.0	17155.9003906	7060.89990234	0.0	1710.0	0.0	0.0	0.0	0.0	-2845657.75	-2845657.75	-2845657.75	-2845657.75	
1.0	2811.99951172	319589.3125	-46.2000007629	2412.39990234	0.0	-5.30000019073	-59.5999984741	219.0	53.0	0.0	14.0	17284.9003906	7124.89990234	0.0	1774.0	0.0	0.0	0.0	0.0	-2938156.75	-2938156.75	-2938156.75	-2938156.75	
1.0	2813.00024414	319467.3125	-48.2000007629	2428.39990234	0.0	-14.3000001907	-60.5999984741	174.0	58.0	0.0	22.0	17776.9003906	7215.89990234	0.0	1644.0	0.0	0.0	0.0	0.0	-2570216.75	-2570216.75	-2570216.75	-2570216.75	
1.0	2813.99951172	319450.3125	-47.2000007629	2439.39990234	0.0	-21.2999992371	-70.5999984741	185.0	59.0	0.0	15.0	17760.9003906	7228.89990234	0.0	1687.0	0.0	0.0	0.0	0.0	-2818724.75	-2818724.75	-2818724.75	-2818724.75	
1.0	2815.0	319441.3125	-48.2000007629	2427.39990234	0.0	-24.2999992371	-69.5999984741	197.0	57.0	0.0	11.0	17409.9003906	7242.89990234	0.0	1711.0	0.0	0.0	0.0	0.0	-3026783.75	-3026783.75	-3026783.75	-3026783.75	
1.0	2815.99902344	319665.3125	-59.2000007629	2431.39990234	0.0	-19.2999992371	-72.5999984741	198.0	57.0	0.0	29.0	17445.9003906	7190.89990234	0.0	1776.0	0.0	0.0	0.0	0.0	-3110299.75	-3110299.75	-3110299.75	-3110299.75	
1.0	2816.99902344	319447.3125	-47.2000007629	2424.39990234	0.0	-12.3000001907	-73.5999984741	199.0	61.0	0.0	18.0	17237.9003906	7250.89990234	0.0	1741.0	0.0	0.0	0.0	0.0	-2723784.75	-2723784.75	-2723784.75	-2723784.75	
1.0	2818.0	319494.3125	-46.2000007629	2415.39990234	0.0	-12.3000001907	-70.5999984741	206.0	68.0	0.0	21.0	18124.9003906	7114.89990234	0.0	1758.0	0.0	0.0	0.0	0.0	-3156857.75	-3156857.75	-3156857.75	-3156857.75	
1.0	2818.99975586	319602.3125	-46.2000007629	2432.39990234	0.0	-6.30000019073	-72.5999984741	199.0	59.0	0.0	18.0	17968.9003906	7245.89990234	0.0	1748.0	0.0	0.0	0.0	0.0	-3013962.75	-3013962.75	-3013962.75	-3013962.75	
1.0	2820.00048828	319731.3125	-45.2000007629	2429.39990234	0.0	-7.30000019073	-71.5999984741	183.0	65.0	0.0	18.0	17746.9003906	7367.89990234	0.0	1723.0	0.0	0.0	0.0	0.0	-2743515.75	-2743515.75	-2743515.75	-2743515.75	
1.0	2820.99975586	319551.3125	-49.2000007629	2438.39990234	0.0	-8.30000019073	-69.5999984741	189.0	54.0	0.0	18.0	17738.9003906	7370.89990234	0.0	1818.0	0.0	0.0	0.0	0.0	-3283060.75	-3283060.75	-3283060.75	-3283060.75	
1.0	2822.0	319439.3125	-49.2000007629	2431.39990234	0.0	-5.30000019073	-73.5999984741	201.0	59.0	0.0	20.0	17509.9003906	7323.89990234	0.0	1727.0	0.0	0.0	0.0	0.0	-2840928.75	-2840928.75	-2840928.75	-2840928.75	
1.0	2822.9987793	319604.3125	-48.2000007629	2429.39990234	0.0	-7.30000019073	-75.5999984741	190.0	74.0	0.0	14.0	18227.9003906	7468.89990234	0.0	1652.0	0.0	0.0	0.0	0.0	-3330021.75	-3330021.75	-3330021.75	-3330021.75	
1.0	2824.0012207	319581.3125	-49.2000007629	2449.39990234	0.0	-21.2999992371	-75.5999984741	200.0	83.0	0.0	31.0	18021.9003906	7541.89990234	0.0	1781.0	0.0	0.0	0.0	0.0	-2608588.75	-2608588.75	-2608588.75	-2608588.75	
1.0	2824.99951172	319260.3125	-51.2000007629	2443.39990234	0.0	-21.2999992371	-75.5999984741	179.0	90.0	0.0	23.0	17697.9003906	7462.89990234	0.0	1726.0	0.0	0.0	0.0	0.0	-2727631.75	-2727631.75	-2727631.75	-2727631.75	
1.0	2825.99902344	319254.3125	-51.2000007629	2443.39990234	0.0	-21.2999992371	-76.5999984741	205.0	65.0	0.0	29.0	18312.9003906	7438.89990234	0.0	1718.0	0.0	0.0	0.0	0.0	-2658716.75	-2658716.75	-2658716.75	-2658716.75	
1.0	2826.99951172	319255.3125	-47.2000007629	2452.39990234	0.0	-22.2999992371	-75.5999984741	229.0	84.0	0.0	15.0	18267.9003906	7261.89990234	0.0	1694.0	0.0	0.0	0.0	0.0	-3762459.75	-3762459.75	-3762459.75	-3762459.75	
1.0	2828.0012207	319066.3125	-47.2000007629	2443.39990234	0.0	-8.30000019073	-76.5999984741	232.0	86.0	0.0	17.0	18282.9003906	7481.89990234	0.0	1730.0	0.0	0.0	0.0	0.0	-3251710.75	-3251710.75	-3251710.75	-3251710.75	
1.0	2829.0012207	319331.3125	-49.2000007629	2443.39990234	0.0	-6.30000019073	-75.5999984741	218.0	67.0	0.0	28.0	18151.9003906	7582.89990234	0.0	1689.0	0.0	0.0	0.0	0.0	-3128847.75	-3128847.75	-3128847.75	-3128847.75	
1.0	2829.99975586	319348.3125	-45.2000007629	2476.39990234	0.0	-6.30000019073	-78.5999984741	189.0	80.0	0.0	13.0	17687.9003906	7552.89990234	0.0	1703.0	0.0	0.0	0.0	0.0	-3227699.75	-3227699.75	-3227699.75	-3227699.75	
1.0	2830.99951172	319503.3125	-49.2000007629	2445.39990234	0.0	-6.30000019073	-77.5999984741	239.0	73.0	0.0	22.0	18687.9003906	7473.89990234	0.0	1772.0	0.0	0.0	0.0	0.0	-3213455.75	-3213455.75	-3213455.75	-3213455.75	
1.0	2832.00024414	319451.3125	-47.2000007629	2467.39990234	0.0	-7.30000019073	-75.5999984741	195.0	82.0	0.0	23.0	18723.9003906	7597.89990234	0.0	1780.0	0.0	0.0	0.0	0.0	-2875180.75	-2875180.75	-2875180.75	-2875180.75	
1.0	2832.99926758	319553.3125	-46.2000007629	2461.39990234	0.0	-6.30000019073	-74.5999984741	209.0	91.0	0.0	23.0	18011.9003906	7708.89990234	0.0	1682.0	0.0	0.0	0.0	0.0	-3252314.75	-3252314.75	-3252314.75	-3252314.75	
1.0	2833.99951172	319751.3125	-49.2000007629	2450.39990234	0.0	-3.29999995232	-46.5999984741	217.0	99.0	0.0	28.0	18323.9003906	7783.89990234	0.0	1887.0	0.0	0.0	0.0	0.0	-2933422.75	-2933422.75	-2933422.75	-2933422.75	
1.0	2835.00073242	319618.3125	-50.2000007629	2477.39990234	0.0	-6.30000019073	-42.5999984741	223.0	105.0	0.0	15.0	18531.9003906	7582.89990234	0.0	1743.0	0.0	0.0	0.0	0.0	-3172375.75	-3172375.75	-3172375.75	-3172375.75	
1.0	2836.00073242	319761.3125	-47.2000007629	2478.39990234	0.0	-8.30000019073	-45.5999984741	269.0	98.0	0.0	19.0	18478.9003906	7648.89990234	0.0	1776.0	0.0	0.0	0.0	0.0	-2612685.75	-2612685.75	-2612685.75	-2612685.75	
1.0	2836.40039062	319750.3125	-48.2000007629	2474.39990234	0.0	-7.30000019073	-45.5999984741	242.0	120.0	0.0	19.0	18705.9003906	7860.89990234	0.0	1774.0	0.0	0.0	0.0	0.0	-3141353.75	-3141353.75	-3141353.75	-3141353.75	
1.0	2836.55053711	319824.3125	-49.2000007629	2457.39990234	0.0	-8.30000019073	-45.5999984741	253.0	115.0	0.0	16.0	18347.9003906	7824.89990234	0.0	1655.0	0.0	0.0	0.0	0.0	-2842329.75	-2842329.75	-2842329.75	-2842329.75	
1.0	2836.70092773	319697.3125	-47.2000007629	2458.39990234	0.0	-6.30000019073	-42.5999984741	263.0	154.0	0.0	22.0	18699.9003906	7716.89990234	0.0	1806.0	0.0	0.0	0.0	0.0	-3157856.75	-3157856.75	-3157856.75	-3157856.75	
1.0	2836.85107422	319631.3125	-47.2000007629	2481.39990234	0.0	-6.30000019073	-43.5999984741	270.0	155.0	0.0	14.0	18729.9003906	7784.89990234	0.0	1748.0	0.0	0.0	0.0	0.0	-3160895.75	-3160895.75	-3160895.75	-3160895.75	
1.0	2836.9987793	319790.3125	-46.2000007629	2481.39990234	0.0	-7.30000019073	-42.5999984741	262.0	142.0	0.0	19.0	19397.9003906	7853.89990234	0.0	1827.0	0.0	0.0	0.0	0.0	-2830763.75	-2830763.75	-2830763.75	-2830763.75	
1.0	2837.14916992	319724.3125	-46.2000007629	2480.39990234	0.0	-8.30000019073	-42.5999984741	281.0	157.0	0.0	16.0	18721.9003906	7847.89990234	0.0	1827.0	0.0	0.0	0.0	0.0	-2952454.75	-2952454.75	-2952454.75	-2952454.75	
1.0	2837.29956055	319675.3125	-48.2000007629	2466.39990234	0.0	-8.30000019073	-43.5999984741	295.0	163.0	0.0	19.0	18644.9003906	7904.89990234	0.0	1775.0	0.0	0.0	0.0	0.0	-3148920.75	-3148920.75	-3148920.75	-3148920.75	
1.0	2837.44995117	319914.3125	-49.2000007629	2484.39990234	0.0	-5.30000019073	-43.5999984741	294.0	155.0	0.0	24.0	18583.9003906	7876.89990234	0.0	1852.0	0.0	0.0	0.0	0.0	-2898713.75	-2898713.75	-2898713.75	-2898713.75	
1.0	2837.6003418	319631.3125	-47.2000007629	2465.39990234	0.0	-5.30000019073	-42.5999984741	275.0	220.0	0.0	16.0	18284.9003906	7899.89990234	0.0	1785.0	0.0	0.0	0.0	0.0	-2672225.75	-2672225.75	-2672225.75	-2672225.75	
1.0	2837.75073242	319796.3125	-46.2000007629	2483.39990234	0.0	-12.3000001907	-59.5999984741	337.0	226.0	0.0	21.0	18768.9003906	7707.89990234	0.0	1682.0	0.0	0.0	0.0	0.0	-3109882.75	-3109882.75	-3109882.75	-3109882.75	
1.0	2837.90136719	320150.3125	-47.2000007629	2470.39990234	0.0	-22.2999992371	-47.5999984741	325.0	267.0	0.0	22.0	18757.9003906	8093.89990234	0.0	1812.0	0.0	0.0	0.0	0.0	-2851435.75	-2851435.75	-2851435.75	-2851435.75	
1.0	2838.04907227	321373.3125	-46.2000007629	2481.39990234	0.0	-27.2999992371	-45.5999984741	322.0	214.0	0.0	24.0	18774.9003906	8054.89990234	0.0	1863.0	0.0	0.0	0.0	0.0	-3272421.75	-3272421.75	-3272421.75	-3272421.75	
1.0	2838.19970703	322455.3125	-48.2000007629	2486.39990234	0.0	-26.2999992371	-43.5999984741	355.0	276.0	0.0	26.0	19198.9003906	8151.89990234	0.0	1801.0	0.0	0.0	0.0	0.0	-2749236.75	-2749236.75	-2749236.75	-2749236.75	
1.0	2838.35009766	323597.3125	-47.2000007629	2507.39990234	0.0	-24.2999992371	-47.5999984741	367.0	285.0	0.0	16.0	19059.9003906	8157.89990234	0.0	1874.0	0.0	0.0	0.0	0.0	-3074623.75	-3074623.75	-3074623.75	-3074623.75	
1.0	2838.50073242	323884.3125	-49.2000007629	2505.39990234	0.0	-24.2999992371	-43.5999984741	410.0	290.0	0.0	24.0	19251.9003906	8204.90039062	0.0	1888.0	0.0	0.0	0.0	0.0	-2772913.75	-2772913.75	-2772913.75	-2772913.75	
1.0	2838.64868164	323843.3125	-47.2000007629	2474.39990234	0.0	-33.2999992371	-40.5999984741	420.0	369.0	0.0	23.0	19090.9003906	8101.89990234	0.0	1922.0	0.0	0.0	0.0	0.0	-2999211.75	-2999211.75	-2999211.75	-2999211.75	
1.0	2838.79931641	323907.3125	-46.2000007629	2527.39990234	0.0	-37.2999992371	-39.5999984741	457.0	350.0	0.0	23.0	19118.9003906	8385.90039062	0.0	1856.0	0.0	0.0	0.0	0.0	-2993491.75	-2993491.75	-2993491.75	-2993491.75	
1.0	2838.94995117	323886.3125	-45.2000007629	2502.39990234	0.0	-37.2999992371	-35.5999984741	470.0	352.0	0.0	21.0	19135.9003906	8489.90039062	0.0	1868.0	0.0	0.0	0.0	0.0	-2804501.75	-2804501.75	-2804501.75	-2804501.75	
1.0	2839.10058594	323854.3125	-47.2000007629	2513.39990234	0.0	-36.2999992371	-43.5999984741	496.0	426.0	0.0	21.0	18982.9003906	8483.90039062	0.0	1896.0	0.0	0.0	0.0	0.0	-2683343.75	-2683343.75	-2683343.75	-2683343.75	
1.0	2839.2487793	323710.3125	-45.2000007629	2489.39990234	0.0	-35.2999992371	-42.5999984741	540.0	500.0	0.0	18.0	19192.9003906	8455.90039062	0.0	1851.0	0.0	0.0	0.0	0.0	-3116479.75	-3116479.75	-3116479.75	-3116479.75	
1.0	2839.39941406	323748.3125	-45.2000007629	2505.39990234	0.0	-34.2999992371	-44.5999984741	555.0	516.0	0.0	18.0	19221.9003906	8616.90039062	0.0	1894.0	0.0	0.0	0.0	0.0	-2841332.75	-2841332.75	-2841332.75	-2841332.75	
1.0	2839.55004883	323620.3125	-44.2000007629	2501.39990234	0.0	-35.2999992371	-41.5999984741	569.0	531.0	0.0	26.0	19339.9003906	8608.90039062	0.0	1819.0	0.0	0.0	0.0	0.0	-2671988.75	-2671988.75	-2671988.75	-2671988.75	
1.0	2839.70092773	323651.3125	-42.2000007629	2504.39990234	0.0	-34.2999992371	-45.5999984741	659.0	663.0	0.0	24.0	19723.9003906	8853.90039062	0.0	1896.0	0.0	0.0	0.0	0.0	-3027675.75	-3027675.75	-3027675.75	-3027675.75	
1.0	2839.84912109	323541.3125	-46.2000007629	2502.39990234	0.0	-37.2999992371	-43.5999984741	658.0	707.0	0.0	13.0	19775.9003906	9016.90039062	0.0	1918.0	0.0	0.0	0.0	0.0	-3264330.75	-3264330.75	-3264330.75	-3264330.75	
1.0	2840.0	323709.3125	-47.2000007629	2505.39990234	0.0	-38.2999992371	-44.5999984741	804.0	816.0	0.0	13.0	19751.9003906	9059.90039062	0.0	1859.0	0.0	0.0	0.0	0.0	-3137346.75	-3137346.75	-3137346.75	-3137346.75	
1.0	2840.15063477	323818.3125	-44.2000007629	2500.39990234	0.0	-30.2999992371	-45.5999984741	876.0	855.0	0.0	20.0	19996.9003906	9079.90039062	0.0	1845.0	0.0	0.0	0.0	0.0	-2813428.75	-2813428.75	-2813428.75	-2813428.75	
1.0	2840.29907227	323481.3125	-44.2000007629	2510.39990234	0.0	-36.2999992371	-47.5999984741	936.0	938.0	0.0	28.0	19868.9003906	9393.90039062	0.0	1796.0	0.0	0.0	0.0	0.0	-3298773.75	-3298773.75	-3298773.75	-3298773.75	
1.0	2840.44970703	323563.3125	-43.2000007629	2513.39990234	0.0	-24.2999992371	-46.5999984741	1077.0	1004.0	0.0	16.0	20345.9003906	9401.90039062	0.0	1846.0	0.0	0.0	0.0	0.0	-2741660.75	-2741660.75	-2741660.75	-2741660.75	
1.0	2840.60058594	323702.3125	-46.2000007629	2511.39990234	0.0	-22.2999992371	-46.5999984741	1028.0	1038.0	0.0	16.0	20032.9003906	9377.90039062	0.0	1799.0	0.0	0.0	0.0	0.0	-3033638.75	-3033638.75	-3033638.75	-3033638.75	
1.0	2840.74902344	323661.3125	-39.2000007629	2492.39990234	0.0	-22.2999992371	-44.5999984741	1158.0	1175.0	0.0	12.0	20373.9003906	9696.90039062	0.0	1793.0	0.0	0.0	0.0	0.0	-3222267.75	-3222267.75	-3222267.75	-3222267.75	
1.0	2840.89990234	323469.3125	-40.2000007629	2487.39990234	0.0	-21.2999992371	-43.5999984741	1180.0	1221.0	0.0	18.0	20287.9003906	9830.90039062	0.0	1783.0	0.0	0.0	0.0	0.0	-2601537.75	-2601537.75	-2601537.75	-2601537.75	
1.0	2841.05102539	323474.3125	-45.2000007629	2515.39990234	0.0	-23.2999992371	-46.5999984741	1189.0	1243.0	0.0	21.0	20438.9003906	9802.90039062	0.0	1810.0	0.0	0.0	0.0	0.0	-2981524.75	-2981524.75	-2981524.75	-2981524.75	
1.0	2841.19921875	323448.3125	-49.2000007629	2516.39990234	0.0	-24.2999992371	-43.5999984741	1171.0	1178.0	0.0	22.0	20369.9003906	9762.90039062	0.0	1790.0	0.0	0.0	0.0	0.0	-2587832.75	-2587832.75	-2587832.75	-2587832.75	
1.0	2841.3503418	323371.3125	-45.2000007629	2520.39990234	0.0	-25.2999992371	-41.5999984741	1114.0	1104.0	0.0	25.0	20267.9003906	9592.90039062	0.0	1800.0	0.0	0.0	0.0	0.0	-3119645.75	-3119645.75	-3119645.75	-3119645.75	
1.0	2841.4987793	323426.3125	-44.2000007629	2501.39990234	0.0	-18.2999992371	-43.5999984741	1007.0	1062.0	0.0	15.0	20192.9003906	9683.90039062	0.0	1796.0	0.0	0.0	0.0	0.0	-3038628.75	-3038628.75	-3038628.75	-3038628.75	
1.0	2841.64990234	323553.3125	-42.2000007629	2490.39990234	0.0	-17.2999992371	-43.5999984741	1012.0	1030.0	0.0	18.0	20561.9003906	9498.90039062	0.0	1838.0	0.0	0.0	0.0	0.0	-2530605.75	-2530605.75	-2530605.75	-2530605.75	
1.0	2841.80078125	323287.3125	-43.2000007629	2512.39990234	0.0	-17.2999992371	-43.5999984741	934.0	894.0	0.0	27.0	20125.9003906	9305.90039062	0.0	1881.0	0.0	0.0	0.0	0.0	-3080971.75	-3080971.75	-3080971.75	-3080971.75	
1.0	2841.94946289	323253.3125	-46.2000007629	2496.39990234	0.0	-15.3000001907	-45.5999984741	901.0	841.0	0.0	14.0	19854.9003906	9336.90039062	0.0	1851.0	0.0	0.0	0.0	0.0	-2758872.75	-2758872.75	-2758872.75	-2758872.75	
1.0	2842.10058594	323076.3125	-43.2000007629	2497.39990234	0.0	-16.2999992371	-46.5999984741	825.0	774.0	0.0	16.0	19812.9003906	9070.90039062	0.0	1848.0	0.0	0.0	0.0	0.0	-2954680.75	-2954680.75	-2954680.75	-2954680.75	
1.0	2842.24902344	323315.3125	-47.2000007629	2502.39990234	0.0	-18.2999992371	-46.5999984741	739.0	699.0	0.0	32.0	19732.9003906	8999.90039062	0.0	1886.0	0.0	0.0	0.0	0.0	-3196427.75	-3196427.75	-3196427.75	-3196427.75	
1.0	2842.40014648	323313.3125	-41.2000007629	2511.39990234	0.0	-27.2999992371	-44.5999984741	670.0	685.0	0.0	19.0	19621.9003906	8980.90039062	0.0	1792.0	0.0	0.0	0.0	0.0	-2647057.75	-2647057.75	-2647057.75	-2647057.75	
1.0	2842.54882812	323238.3125	-44.2000007629	2499.39990234	0.0	-30.2999992371	-46.5999984741	639.0	604.0	0.0	19.0	19886.9003906	8941.90039062	0.0	1800.0	0.0	0.0	0.0	0.0	-2711096.75	-2711096.75	-2711096.75	-2711096.75	
1.0	2842.69995117	323125.3125	-47.2000007629	2491.39990234	0.0	-29.2999992371	-61.5999984741	607.0	568.0	0.0	19.0	19462.9003906	8681.90039062	0.0	1804.0	0.0	0.0	0.0	0.0	-2988444.75	-2988444.75	-2988444.75	-2988444.75	
1.0	2842.84863281	323255.3125	-44.2000007629	2484.39990234	0.0	-26.2999992371	-64.5999984741	547.0	470.0	0.0	22.0	19215.9003906	8689.90039062	0.0	1857.0	0.0	0.0	0.0	0.0	-3120312.75	-3120312.75	-3120312.75	-3120312.75	
1.0	2843.0	323145.3125	-45.2000007629	2481.39990234	0.0	-27.2999992371	-47.5999984741	505.0	465.0	0.0	24.0	19523.9003906	8598.90039062	0.0	1892.0	0.0	0.0	0.0	0.0	-2549001.75	-2549001.75	-2549001.75	-2549001.75	
1.0	2843.15136719	323249.3125	-43.2000007629	2490.39990234	0.0	-30.2999992371	-43.5999984741	534.0	438.0	0.0	9.0	20637.9003906	8460.90039062	0.0	1841.0	0.0	0.0	0.0	0.0	-2913016.75	-2913016.75	-2913016.75	-2913016.75	
1.0	2843.30004883	323187.3125	-44.2000007629	2508.39990234	0.0	-29.2999992371	-40.5999984741	475.0	390.0	0.0	22.0	19366.9003906	8639.90039062	0.0	1933.0	0.0	0.0	0.0	0.0	-2824180.75	-2824180.75	-2824180.75	-2824180.75	
1.0	2843.44873047	323083.3125	-44.2000007629	2506.39990234	0.0	-29.2999992371	-41.5999984741	468.0	368.0	0.0	31.0	19598.9003906	8549.90039062	0.0	1885.0	0.0	0.0	0.0	0.0	-3276842.75	-3276842.75	-3276842.75	-3276842.75	
1.0	2843.60009766	323002.3125	-45.2000007629	2494.39990234	0.0	-30.2999992371	-41.5999984741	469.0	353.0	0.0	29.0	19912.9003906	8489.90039062	0.0	1831.0	0.0	0.0	0.0	0.0	-2986857.75	-2986857.75	-2986857.75	-2986857.75	
1.0	2843.74902344	323020.3125	-43.2000007629	2507.39990234	0.0	-30.2999992371	-39.5999984741	396.0	348.0	0.0	18.0	19746.9003906	8616.90039062	0.0	1874.0	0.0	0.0	0.0	0.0	-2463165.75	-2463165.75	-2463165.75	-2463165.75	
1.0	2843.90039062	323123.3125	-44.2000007629	2501.39990234	0.0	-31.2999992371	-41.5999984741	422.0	339.0	0.0	24.0	20388.9003906	8540.90039062	0.0	1832.0	0.0	0.0	0.0	0.0	-2819849.75	-2819849.75	-2819849.75	-2819849.75	
1.0	2844.04907227	323031.3125	-47.2000007629	2507.39990234	0.0	-33.2999992371	-38.5999984741	402.0	280.0	0.0	25.0	19575.9003906	8528.90039062	0.0	1836.0	0.0	0.0	0.0	0.0	-2984135.75	-2984135.75	-2984135.75	-2984135.75	
1.0	2844.20068359	323022.3125	-45.2000007629	2496.39990234	0.0	-29.2999992371	-42.5999984741	349.0	304.0	0.0	13.0	19174.9003906	8226.90039062	0.0	1854.0	0.0	0.0	0.0	0.0	-3856310.75	-3856310.75	-3856310.75	-3856310.75	
1.0	2844.34936523	323121.3125	-47.2000007629	2506.39990234	0.0	-28.2999992371	-40.5999984741	393.0	305.0	0.0	14.0	19981.9003906	8472.90039062	0.0	1793.0	0.0	0.0	0.0	0.0	-2556434.75	-2556434.75	-2556434.75	-2556434.75	
1.0	2844.50097656	323053.3125	-48.2000007629	2500.39990234	0.0	-29.2999992371	-42.5999984741	373.0	279.0	0.0	27.0	19679.9003906	8332.90039062	0.0	1839.0	0.0	0.0	0.0	0.0	-3010934.75	-3010934.75	-3010934.75	-3010934.75	
1.0	2844.64990234	323027.3125	-43.2000007629	2515.39990234	0.0	-29.2999992371	-42.5999984741	390.0	297.0	0.0	14.0	19789.9003906	8392.90039062	0.0	1923.0	0.0	0.0	0.0	0.0	-3151117.75	-3151117.75	-3151117.75	-3151117.75	
1.0	2844.79882812	322860.3125	-45.2000007629	2509.39990234	0.0	-27.2999992371	-57.5999984741	366.0	232.0	0.0	17.0	19848.9003906	8453.90039062	0.0	1864.0	0.0	0.0	0.0	0.0	-2724498.75	-2724498.75	-2724498.75	-2724498.75	
1.0	2844.95043945	322776.3125	-43.2000007629	2511.39990234	0.0	-35.2999992371	-60.5999984741	338.0	225.0	0.0	24.0	19940.9003906	8450.90039062	0.0	1810.0	0.0	0.0	0.0	0.0	-2901249.75	-2901249.75	-2901249.75	-2901249.75	
1.0	2845.09936523	322809.3125	-49.2000007629	2511.39990234	0.0	-26.2999992371	-57.5999984741	361.0	260.0	0.0	21.0	19738.9003906	8381.90039062	0.0	1799.0	0.0	0.0	0.0	0.0	-3130152.75	-3130152.75	-3130152.75	-3130152.75	
1.0	2845.25097656	322803.3125	-47.2000007629	2482.39990234	0.0	-23.2999992371	-58.5999984741	378.0	228.0	0.0	23.0	20206.9003906	8395.90039062	0.0	1840.0	0.0	0.0	0.0	0.0	-2904191.75	-2904191.75	-2904191.75	-2904191.75	
1.0	2845.40014648	322810.3125	-47.2000007629	2498.39990234	0.0	-21.2999992371	-62.5999984741	371.0	265.0	0.0	19.0	19901.9003906	8439.90039062	0.0	1848.0	0.0	0.0	0.0	0.0	-3103836.75	-3103836.75	-3103836.75	-3103836.75	
1.0	2845.54907227	322752.3125	-47.2000007629	2480.39990234	0.0	-23.2999992371	-62.5999984741	357.0	216.0	0.0	16.0	20119.9003906	8354.90039062	0.0	1870.0	0.0	0.0	0.0	0.0	-2757759.75	-2757759.75	-2757759.75	-2757759.75	
1.0	2845.70092773	322724.3125	-47.2000007629	2498.39990234	0.0	-21.2999992371	-64.5999984741	359.0	227.0	0.0	28.0	20035.9003906	8474.90039062	0.0	1916.0	0.0	0.0	0.0	0.0	-2514877.75	-2514877.75	-2514877.75	-2514877.75	
1.0	2845.85009766	322784.3125	-46.2000007629	2508.39990234	0.0	-19.2999992371	-62.5999984741	333.0	221.0	0.0	20.0	19770.9003906	8528.90039062	0.0	1854.0	0.0	0.0	0.0	0.0	-2871876.75	-2871876.75	-2871876.75	-2871876.75	
1.0	2845.99902344	322569.3125	-46.2000007629	2519.39990234	0.0	-29.2999992371	-58.5999984741	342.0	230.0	0.0	21.0	19682.9003906	8480.90039062	0.0	1877.0	0.0	0.0	0.0	0.0	-3002946.75	-3002946.75	-3002946.75	-3002946.75	
1.0	2846.15087891	322595.3125	-48.2000007629	2503.39990234	0.0	-40.2999992371	-62.5999984741	281.0	211.0	0.0	21.0	19559.9003906	8526.90039062	0.0	1940.0	0.0	0.0	0.0	0.0	-2953780.75	-2953780.75	-2953780.75	-2953780.75	
1.0	2846.30004883	322605.3125	-44.2000007629	2472.39990234	0.0	-37.2999992371	-63.5999984741	323.0	239.0	0.0	16.0	19945.9003906	8547.90039062	0.0	1862.0	0.0	0.0	0.0	0.0	-2543508.75	-2543508.75	-2543508.75	-2543508.75	
1.0	2846.44921875	322673.3125	-46.2000007629	2502.39990234	0.0	-37.2999992371	-62.5999984741	327.0	193.0	0.0	17.0	20137.9003906	8305.90039062	0.0	1841.0	0.0	0.0	0.0	0.0	-2812135.75	-2812135.75	-2812135.75	-2812135.75	
1.0	2846.60107422	322535.3125	-46.2000007629	2498.39990234	0.0	-36.2999992371	-64.5999984741	313.0	209.0	0.0	17.0	20405.9003906	8288.90039062	0.0	1883.0	0.0	0.0	0.0	0.0	-2513630.75	-2513630.75	-2513630.75	-2513630.75	
1.0	2846.75024414	322711.3125	-39.2000007629	2515.39990234	0.0	-39.2999992371	-66.5999984741	291.0	176.0	0.0	15.0	20194.9003906	8381.90039062	0.0	1939.0	0.0	0.0	0.0	0.0	-2757494.75	-2757494.75	-2757494.75	-2757494.75	
1.0	2846.8996582	322531.3125	-42.2000007629	2513.39990234	0.0	-39.2999992371	-56.5999984741	326.0	234.0	0.0	23.0	20023.9003906	8441.90039062	0.0	1863.0	0.0	0.0	0.0	0.0	-3114647.75	-3114647.75	-3114647.75	-3114647.75	
1.0	2847.04907227	322502.3125	-39.2000007629	2506.39990234	0.0	-40.2999992371	-44.5999984741	300.0	226.0	0.0	24.0	19703.9003906	8467.90039062	0.0	1857.0	0.0	0.0	0.0	0.0	-2856500.75	-2856500.75	-2856500.75	-2856500.75	
1.0	2847.20092773	322496.3125	-31.2000007629	2514.39990234	0.0	-52.2999992371	-42.5999984741	341.0	192.0	0.0	19.0	20870.9003906	8147.89990234	0.0	1947.0	0.0	0.0	0.0	0.0	-3020681.75	-3020681.75	-3020681.75	-3020681.75	
1.0	2847.3503418	322452.3125	-30.2000007629	2509.39990234	0.0	-51.2999992371	-43.5999984741	332.0	215.0	0.0	19.0	20021.9003906	8376.90039062	0.0	1951.0	0.0	0.0	0.0	0.0	-2729744.75	-2729744.75	-2729744.75	-2729744.75	
1.0	2847.49951172	322335.3125	-32.2000007629	2525.39990234	0.0	-50.2999992371	-46.5999984741	326.0	192.0	0.0	17.0	20201.9003906	8362.90039062	0.0	1847.0	0.0	0.0	0.0	0.0	-3166096.75	-3166096.75	-3166096.75	-3166096.75	
1.0	2847.64892578	322408.3125	-32.2000007629	2509.39990234	0.0	-49.2999992371	-48.5999984741	326.0	196.0	0.0	19.0	20130.9003906	8513.90039062	0.0	1990.0	0.0	0.0	0.0	0.0	-2650626.75	-2650626.75	-2650626.75	-2650626.75	
1.0	2847.80102539	322576.3125	-39.2000007629	2493.39990234	0.0	-37.2999992371	-46.5999984741	334.0	197.0	0.0	16.0	19887.9003906	8318.90039062	0.0	1831.0	0.0	0.0	0.0	0.0	-2910637.75	-2910637.75	-2910637.75	-2910637.75	
1.0	2847.95043945	322326.3125	-37.2000007629	2496.39990234	0.0	-36.2999992371	-48.5999984741	294.0	222.0	0.0	18.0	20518.9003906	8341.90039062	0.0	1914.0	0.0	0.0	0.0	0.0	-2870182.75	-2870182.75	-2870182.75	-2870182.75	
1.0	2848.09985352	322517.3125	-38.2000007629	2513.39990234	0.0	-38.2999992371	-50.5999984741	316.0	207.0	0.0	20.0	19915.9003906	8425.90039062	0.0	1865.0	0.0	0.0	0.0	0.0	-2741273.75	-2741273.75	-2741273.75	-2741273.75	
1.0	2848.24951172	322534.3125	-38.2000007629	2497.39990234	0.0	-35.2999992371	-48.5999984741	351.0	198.0	0.0	19.0	20353.9003906	8426.90039062	0.0	1826.0	0.0	0.0	0.0	0.0	-2920777.75	-2920777.75	-2920777.75	-2920777.75	
1.0	2848.39892578	322402.3125	-39.2000007629	2506.39990234	0.0	-37.2999992371	-48.5999984741	313.0	172.0	0.0	20.0	19773.9003906	8532.90039062	0.0	1868.0	0.0	0.0	0.0	0.0	-2621277.75	-2621277.75	-2621277.75	-2621277.75	
1.0	2848.55102539	322387.3125	-38.2000007629	2483.39990234	0.0	-35.2999992371	-47.5999984741	350.0	211.0	0.0	27.0	20022.9003906	8560.90039062	0.0	1920.0	0.0	0.0	0.0	0.0	-2824958.75	-2824958.75	-2824958.75	-2824958.75	
1.0	2848.70068359	322418.3125	-37.2000007629	2482.39990234	0.0	-35.2999992371	-46.5999984741	338.0	224.0	0.0	23.0	19964.9003906	8559.90039062	0.0	1932.0	0.0	0.0	0.0	0.0	-2929614.75	-2929614.75	-2929614.75	-2929614.75	
1.0	2848.85009766	322305.3125	-37.2000007629	2497.39990234	0.0	-38.2999992371	-44.5999984741	319.0	211.0	0.0	18.0	19842.9003906	8530.90039062	0.0	1968.0	0.0	0.0	0.0	0.0	-2527953.75	-2527953.75	-2527953.75	-2527953.75	
1.0	2848.99975586	322410.3125	-39.2000007629	2476.39990234	0.0	-36.2999992371	-43.5999984741	320.0	224.0	0.0	17.0	20118.9003906	8552.90039062	0.0	1867.0	0.0	0.0	0.0	0.0	-2747401.75	-2747401.75	-2747401.75	-2747401.75	
1.0	2849.14941406	322317.3125	-38.2000007629	2485.39990234	0.0	-39.2999992371	-48.5999984741	319.0	253.0	0.0	23.0	20141.9003906	8374.90039062	0.0	1879.0	0.0	0.0	0.0	0.0	-3073098.75	-3073098.75	-3073098.75	-3073098.75	
1.0	2849.29907227	322214.3125	-35.2000007629	2494.39990234	0.0	-40.2999992371	-45.5999984741	347.0	241.0	0.0	15.0	19892.9003906	8568.90039062	0.0	1838.0	0.0	0.0	0.0	0.0	-2581527.75	-2581527.75	-2581527.75	-2581527.75	
1.0	2849.44873047	322241.3125	-38.2000007629	2503.39990234	0.0	-30.2999992371	-47.5999984741	341.0	235.0	0.0	22.0	20433.9003906	8597.90039062	0.0	1899.0	0.0	0.0	0.0	0.0	-2673080.75	-2673080.75	-2673080.75	-2673080.75	
1.0	2849.60107422	322228.3125	-35.2000007629	2500.39990234	0.0	-20.2999992371	-45.5999984741	315.0	250.0	0.0	21.0	20334.9003906	8535.90039062	0.0	1886.0	0.0	0.0	0.0	0.0	-2997917.75	-2997917.75	-2997917.75	-2997917.75	
1.0	2849.75073242	322193.3125	-37.2000007629	2510.39990234	0.0	-23.2999992371	-42.5999984741	333.0	224.0	0.0	20.0	20298.9003906	8304.90039062	0.0	1928.0	0.0	0.0	0.0	0.0	-3178321.75	-3178321.75	-3178321.75	-3178321.75	
1.0	2849.90063477	321976.3125	-37.2000007629	2479.39990234	0.0	-19.2999992371	-42.5999984741	377.0	241.0	0.0	29.0	20654.9003906	8439.90039062	0.0	1927.0	0.0	0.0	0.0	0.0	-3078215.75	-3078215.75	-3078215.75	-3078215.75	
1.0	2850.05029297	322177.3125	-35.2000007629	2475.39990234	0.0	-22.2999992371	-43.5999984741	346.0	228.0	0.0	13.0	20173.9003906	8539.90039062	0.0	1940.0	0.0	0.0	0.0	0.0	-3052025.75	-3052025.75	-3052025.75	-3052025.75	
1.0	2850.20019531	321917.3125	-37.2000007629	2497.39990234	0.0	-20.2999992371	-44.5999984741	349.0	290.0	0.0	22.0	19930.9003906	8557.90039062	0.0	1877.0	0.0	0.0	0.0	0.0	-2955044.75	-2955044.75	-2955044.75	-2955044.75	
1.0	2850.34985352	322114.3125	-33.2000007629	2502.39990234	0.0	-26.2999992371	-43.5999984741	363.0	247.0	0.0	18.0	20299.9003906	8606.90039062	0.0	1866.0	0.0	0.0	0.0	0.0	-2816771.75	-2816771.75	-2816771.75	-2816771.75	
1.0	2850.49975586	322079.3125	-32.2000007629	2479.39990234	0.0	-23.2999992371	-40.5999984741	323.0	256.0	0.0	13.0	19664.9003906	8442.90039062	0.0	1916.0	0.0	0.0	0.0	0.0	-4037349.75	-4037349.75	-4037349.75	-4037349.75	
1.0	2850.6496582	321952.3125	-31.2000007629	2485.39990234	0.0	-15.3000001907	-43.5999984741	372.0	234.0	0.0	25.0	20535.9003906	8344.90039062	0.0	1947.0	0.0	0.0	0.0	0.0	-3075197.75	-3075197.75	-3075197.75	-3075197.75	
1.0	2850.79956055	322264.3125	-35.2000007629	2501.39990234	0.0	-15.3000001907	-43.5999984741	352.0	283.0	0.0	17.0	20093.9003906	8658.90039062	0.0	1827.0	0.0	0.0	0.0	0.0	-2664569.75	-2664569.75	-2664569.75	-2664569.75	
1.0	2850.94946289	321903.3125	-31.2000007629	2487.39990234	0.0	-16.2999992371	-44.5999984741	345.0	249.0	0.0	21.0	20602.9003906	8470.90039062	0.0	1962.0	0.0	0.0	0.0	0.0	-2739843.75	-2739843.75	-2739843.75	-2739843.75	
1.0	2851.09936523	321880.3125	-34.2000007629	2496.39990234	0.0	-17.2999992371	-44.5999984741	350.0	253.0	0.0	18.0	20126.9003906	8483.90039062	0.0	1822.0	0.0	0.0	0.0	0.0	-3290317.75	-3290317.75	-3290317.75	-3290317.75	
1.0	2851.24926758	322092.3125	-32.2000007629	2482.39990234	0.0	-11.3000001907	-46.5999984741	365.0	248.0	0.0	18.0	19922.9003906	8537.90039062	0.0	1914.0	0.0	0.0	0.0	0.0	-3007864.75	-3007864.75	-3007864.75	-3007864.75	
1.0	2851.39941406	321978.3125	-29.2000007629	2504.39990234	0.0	-14.3000001907	-48.5999984741	381.0	251.0	0.0	15.0	20554.9003906	8501.90039062	0.0	1819.0	0.0	0.0	0.0	0.0	-3526019.75	-3526019.75	-3526019.75	-3526019.75	
1.0	2851.54931641	321840.3125	-34.2000007629	2496.39990234	0.0	-16.2999992371	-44.5999984741	347.0	249.0	0.0	17.0	20634.9003906	8604.90039062	0.0	1865.0	0.0	0.0	0.0	0.0	-2806410.75	-2806410.75	-2806410.75	-2806410.75	
1.0	2851.69946289	321878.3125	-34.2000007629	2497.39990234	0.0	-28.2999992371	-48.5999984741	346.0	272.0	0.0	23.0	20233.9003906	8742.90039062	0.0	1867.0	0.0	0.0	0.0	0.0	-2826484.75	-2826484.75	-2826484.75	-2826484.75	
1.0	2851.84936523	321877.3125	-33.2000007629	2468.39990234	0.0	-26.2999992371	-47.5999984741	357.0	261.0	0.0	19.0	20738.9003906	8521.90039062	0.0	1772.0	0.0	0.0	0.0	0.0	-2687522.75	-2687522.75	-2687522.75	-2687522.75	
1.0	2851.99951172	321920.3125	-33.2000007629	2467.39990234	0.0	-28.2999992371	-45.5999984741	350.0	226.0	0.0	14.0	20526.9003906	8696.90039062	0.0	1855.0	0.0	0.0	0.0	0.0	-3068936.75	-3068936.75	-3068936.75	-3068936.75	
1.0	2852.1496582	321815.3125	-31.2000007629	2463.39990234	0.0	-33.2999992371	-44.5999984741	345.0	228.0	0.0	22.0	19954.9003906	8539.90039062	0.0	1897.0	0.0	0.0	0.0	0.0	-3596541.75	-3596541.75	-3596541.75	-3596541.75	
1.0	2852.29956055	321899.3125	-31.2000007629	2486.39990234	0.0	-38.2999992371	-47.5999984741	350.0	250.0	0.0	28.0	20598.9003906	8539.90039062	0.0	1955.0	0.0	0.0	0.0	0.0	-2964001.75	-2964001.75	-2964001.75	-2964001.75	
1.0	2852.44970703	321762.3125	-30.2000007629	2480.39990234	0.0	-43.2999992371	-44.5999984741	322.0	234.0	0.0	23.0	20797.9003906	8471.90039062	0.0	1943.0	0.0	0.0	0.0	0.0	-2836645.75	-2836645.75	-2836645.75	-2836645.75	
1.0	2852.60009766	321845.3125	-30.2000007629	2478.39990234	0.0	-42.2999992371	-44.5999984741	356.0	219.0	0.0	18.0	20718.9003906	8657.90039062	0.0	1863.0	0.0	0.0	0.0	0.0	-3204607.75	-3204607.75	-3204607.75	-3204607.75	
1.0	2852.75024414	321718.3125	-28.2000007629	2481.39990234	0.0	-42.2999992371	-42.5999984741	362.0	267.0	0.0	23.0	20635.9003906	8675.90039062	0.0	1997.0	0.0	0.0	0.0	0.0	-3071448.75	-3071448.75	-3071448.75	-3071448.75	
1.0	2852.90039062	321662.3125	-31.2000007629	2490.39990234	0.0	-40.2999992371	-51.5999984741	325.0	234.0	0.0	12.0	20546.9003906	8536.90039062	0.0	1978.0	0.0	0.0	0.0	0.0	-3267732.75	-3267732.75	-3267732.75	-3267732.75	
1.0	2853.05053711	321558.3125	-33.2000007629	2488.39990234	0.0	-38.2999992371	-50.5999984741	352.0	245.0	0.0	19.0	21328.9003906	8509.90039062	0.0	1900.0	0.0	0.0	0.0	0.0	-2751765.75	-2751765.75	-2751765.75	-2751765.75	
1.0	2853.20092773	321836.3125	-29.2000007629	2501.39990234	0.0	-39.2999992371	-49.5999984741	311.0	266.0	0.0	15.0	20364.9003906	8714.90039062	0.0	1874.0	0.0	0.0	0.0	0.0	-3155551.75	-3155551.75	-3155551.75	-3155551.75	
1.0	2853.35107422	321556.3125	-33.2000007629	2499.39990234	0.0	-40.2999992371	-56.5999984741	357.0	259.0	0.0	19.0	20649.9003906	8609.90039062	0.0	1921.0	0.0	0.0	0.0	0.0	-3159425.75	-3159425.75	-3159425.75	-3159425.75	
1.0	2853.4987793	321492.3125	-33.2000007629	2500.39990234	0.0	-40.2999992371	-50.5999984741	341.0	222.0	0.0	22.0	20667.9003906	8670.90039062	0.0	1883.0	0.0	0.0	0.0	0.0	-2733166.75	-2733166.75	-2733166.75	-2733166.75	
1.0	2853.64916992	321480.3125	-34.2000007629	2510.39990234	0.0	-43.2999992371	-56.5999984741	360.0	236.0	0.0	19.0	20445.9003906	8718.90039062	0.0	1819.0	0.0	0.0	0.0	0.0	-2619508.75	-2619508.75	-2619508.75	-2619508.75	
1.0	2853.79956055	321484.3125	-31.2000007629	2509.39990234	0.0	-43.2999992371	-63.5999984741	369.0	231.0	0.0	22.0	21111.9003906	8528.90039062	0.0	1951.0	0.0	0.0	0.0	0.0	-3226646.75	-3226646.75	-3226646.75	-3226646.75	
1.0	2853.94995117	321664.3125	-31.2000007629	2491.39990234	0.0	-41.2999992371	-63.5999984741	361.0	231.0	0.0	14.0	20755.9003906	8590.90039062	0.0	1911.0	0.0	0.0	0.0	0.0	-3001211.75	-3001211.75	-3001211.75	-3001211.75	
1.0	2854.1003418	321691.3125	-28.2000007629	2492.39990234	0.0	-45.2999992371	-66.5999984741	319.0	241.0	0.0	25.0	20189.9003906	8607.90039062	0.0	1872.0	0.0	0.0	0.0	0.0	-4069709.75	-4069709.75	-4069709.75	-4069709.75	
1.0	2854.25073242	321508.3125	-31.2000007629	2500.39990234	0.0	-57.2999992371	-64.5999984741	355.0	229.0	0.0	22.0	21099.9003906	8759.90039062	0.0	1880.0	0.0	0.0	0.0	0.0	-2601723.75	-2601723.75	-2601723.75	-2601723.75	
1.0	2854.40112305	321593.3125	-29.2000007629	2475.39990234	0.0	-56.2999992371	-58.5999984741	331.0	268.0	0.0	16.0	20502.9003906	8683.90039062	0.0	1879.0	0.0	0.0	0.0	0.0	-2894353.75	-2894353.75	-2894353.75	-2894353.75	
1.0	2854.54907227	321598.3125	-31.2000007629	2505.39990234	0.0	-54.2999992371	-56.5999984741	332.0	229.0	0.0	16.0	20695.9003906	8875.90039062	0.0	1994.0	0.0	0.0	0.0	0.0	-2564054.75	-2564054.75	-2564054.75	-2564054.75	
1.0	2854.69946289	321419.3125	-34.2000007629	2494.39990234	0.0	-56.2999992371	-55.5999984741	301.0	228.0	0.0	26.0	20689.9003906	8682.90039062	0.0	1954.0	0.0	0.0	0.0	0.0	-3113727.75	-3113727.75	-3113727.75	-3113727.75	
1.0	2854.85009766	321476.3125	-30.2000007629	2508.39990234	0.0	-54.2999992371	-57.5999984741	314.0	230.0	0.0	27.0	20293.9003906	8683.90039062	0.0	1942.0	0.0	0.0	0.0	0.0	-2542057.75	-2542057.75	-2542057.75	-2542057.75	
1.0	2855.00048828	321559.3125	-35.2000007629	2477.39990234	0.0	-64.3000030518	-60.5999984741	320.0	243.0	0.0	27.0	20805.9003906	8693.90039062	0.0	1944.0	0.0	0.0	0.0	0.0	-3076226.75	-3076226.75	-3076226.75	-3076226.75	
1.0	2855.49902344	321498.3125	-40.2000007629	2490.39990234	0.0	-72.3000030518	-58.5999984741	310.0	233.0	0.0	13.0	20604.9003906	8648.90039062	0.0	1938.0	0.0	0.0	0.0	0.0	-3259885.75	-3259885.75	-3259885.75	-3259885.75	
1.0	2856.00048828	321354.3125	-43.2000007629	2484.39990234	0.0	-52.2999992371	-59.5999984741	335.0	230.0	0.0	24.0	20818.9003906	8866.90039062	0.0	1846.0	0.0	0.0	0.0	0.0	-2651818.75	-2651818.75	-2651818.75	-2651818.75	
1.0	2856.49926758	321551.3125	-45.2000007629	2486.39990234	0.0	-48.2999992371	-59.5999984741	313.0	192.0	0.0	15.0	21039.9003906	8596.90039062	0.0	1829.0	0.0	0.0	0.0	0.0	-2947819.75	-2947819.75	-2947819.75	-2947819.75	
1.0	2857.0012207	321392.3125	-43.2000007629	2477.39990234	0.0	-50.2999992371	-60.5999984741	288.0	219.0	0.0	21.0	20875.9003906	8754.90039062	0.0	1872.0	0.0	0.0	0.0	0.0	-2790114.75	-2790114.75	-2790114.75	-2790114.75	
1.0	2857.50073242	321461.3125	-42.2000007629	2490.39990234	0.0	-51.2999992371	-57.5999984741	347.0	200.0	0.0	25.0	21012.9003906	8739.90039062	0.0	1968.0	0.0	0.0	0.0	0.0	-3030132.75	-3030132.75	-3030132.75	-3030132.75	
1.0	2858.00048828	321444.3125	-42.2000007629	2502.39990234	0.0	-49.2999992371	-59.5999984741	330.0	207.0	0.0	21.0	20914.9003906	8634.90039062	0.0	1893.0	0.0	0.0	0.0	0.0	-3141669.75	-3141669.75	-3141669.75	-3141669.75	
1.0	2858.50048828	321442.3125	-42.2000007629	2476.39990234	0.0	-49.2999992371	-58.5999984741	309.0	228.0	0.0	25.0	20708.9003906	8840.90039062	0.0	1875.0	0.0	0.0	0.0	0.0	-2619174.75	-2619174.75	-2619174.75	-2619174.75	
1.0	2859.00073242	321392.3125	-43.2000007629	2496.39990234	0.0	-53.2999992371	-57.5999984741	338.0	220.0	0.0	21.0	20570.9003906	8862.90039062	0.0	2012.0	0.0	0.0	0.0	0.0	-3323839.75	-3323839.75	-3323839.75	-3323839.75	
1.0	2859.4987793	321341.3125	-38.2000007629	2490.39990234	0.0	-44.2999992371	-55.5999984741	319.0	242.0	0.0	22.0	21137.9003906	8864.90039062	0.0	1938.0	0.0	0.0	0.0	0.0	-2701091.75	-2701091.75	-2701091.75	-2701091.75	
1.0	2859.99951172	321375.3125	-42.2000007629	2503.39990234	0.0	-41.2999992371	-58.5999984741	316.0	209.0	0.0	24.0	21312.9003906	8716.90039062	0.0	1885.0	0.0	0.0	0.0	0.0	-3301836.75	-3301836.75	-3301836.75	-3301836.75	
1.0	2860.50048828	321419.3125	-45.2000007629	2511.39990234	0.0	-25.2999992371	-59.5999984741	347.0	202.0	0.0	17.0	21411.9003906	8826.90039062	0.0	2000.0	0.0	0.0	0.0	0.0	-2709866.75	-2709866.75	-2709866.75	-2709866.75	
1.0	2860.99926758	321549.3125	-42.2000007629	2495.39990234	0.0	-24.2999992371	-62.5999984741	354.0	255.0	0.0	17.0	21513.9003906	8683.90039062	0.0	1949.0	0.0	0.0	0.0	0.0	-2530651.75	-2530651.75	-2530651.75	-2530651.75	
1.0	2861.50073242	321409.3125	-44.2000007629	2500.39990234	0.0	-22.2999992371	-59.5999984741	324.0	247.0	0.0	19.0	21803.9003906	8942.90039062	0.0	2028.0	0.0	0.0	0.0	0.0	-2822100.75	-2822100.75	-2822100.75	-2822100.75	
1.0	2862.0	321345.3125	-43.2000007629	2505.39990234	0.0	-23.2999992371	-58.5999984741	308.0	225.0	0.0	25.0	21105.9003906	8731.90039062	0.0	1918.0	0.0	0.0	0.0	0.0	-3094195.75	-3094195.75	-3094195.75	-3094195.75	
1.0	2862.49926758	321650.3125	-43.2000007629	2511.39990234	0.0	-15.3000001907	-57.5999984741	338.0	227.0	0.0	20.0	21051.9003906	8826.90039062	0.0	1901.0	0.0	0.0	0.0	0.0	-3043344.75	-3043344.75	-3043344.75	-3043344.75	
1.0	2862.99902344	321648.3125	-45.2000007629	2485.39990234	0.0	-18.2999992371	-59.5999984741	336.0	230.0	0.0	23.0	20932.9003906	8801.90039062	0.0	1933.0	0.0	0.0	0.0	0.0	-2723258.75	-2723258.75	-2723258.75	-2723258.75	
1.0	2863.49902344	321400.3125	-43.2000007629	2508.39990234	0.0	-17.2999992371	-58.5999984741	307.0	238.0	0.0	21.0	21181.9003906	8908.90039062	0.0	1982.0	0.0	0.0	0.0	0.0	-2963768.75	-2963768.75	-2963768.75	-2963768.75	
1.0	2863.99926758	321588.3125	-44.2000007629	2509.39990234	0.0	-19.2999992371	-59.5999984741	353.0	211.0	0.0	25.0	21127.9003906	8652.90039062	0.0	1899.0	0.0	0.0	0.0	0.0	-4108703.75	-4108703.75	-4108703.75	-4108703.75	
1.0	2864.49975586	321487.3125	-46.2000007629	2526.39990234	0.0	-17.2999992371	-54.5999984741	330.0	252.0	0.0	16.0	21343.9003906	9014.90039062	0.0	2071.0	0.0	0.0	0.0	0.0	-3199560.75	-3199560.75	-3199560.75	-3199560.75	
1.0	2865.00048828	321604.3125	-46.2000007629	2495.39990234	0.0	-18.2999992371	-54.5999984741	340.0	252.0	0.0	18.0	21215.9003906	8969.90039062	0.0	1957.0	0.0	0.0	0.0	0.0	-2752735.75	-2752735.75	-2752735.75	-2752735.75	
1.0	2865.4987793	321382.3125	-47.2000007629	2503.39990234	0.0	-17.2999992371	-55.5999984741	320.0	237.0	0.0	24.0	21144.9003906	8930.90039062	0.0	1881.0	0.0	0.0	0.0	0.0	-2576718.75	-2576718.75	-2576718.75	-2576718.75	
1.0	2866.0	321549.3125	-46.2000007629	2516.39990234	0.0	-15.3000001907	-55.5999984741	324.0	219.0	0.0	18.0	21102.9003906	8962.90039062	0.0	1985.0	0.0	0.0	0.0	0.0	-3202732.75	-3202732.75	-3202732.75	-3202732.75	
1.0	2866.4987793	321634.3125	-44.2000007629	2507.39990234	0.0	-13.3000001907	-58.5999984741	347.0	242.0	0.0	14.0	21588.9003906	8870.90039062	0.0	1817.0	0.0	0.0	0.0	0.0	-3010625.75	-3010625.75	-3010625.75	-3010625.75	
1.0	2867.00048828	321525.3125	-55.2000007629	2494.39990234	0.0	-8.30000019073	-59.5999984741	332.0	245.0	0.0	15.0	21424.9003906	8878.90039062	0.0	1952.0	0.0	0.0	0.0	0.0	-3172244.75	-3172244.75	-3172244.75	-3172244.75	
1.0	2867.5	321563.3125	-44.2000007629	2509.39990234	0.0	-6.30000019073	-51.5999984741	310.0	242.0	0.0	16.0	21305.9003906	8987.90039062	0.0	2009.0	0.0	0.0	0.0	0.0	-2677261.75	-2677261.75	-2677261.75	-2677261.75	
1.0	2867.99951172	321519.3125	-44.2000007629	2491.39990234	0.0	-5.30000019073	-50.5999984741	313.0	240.0	0.0	12.0	21078.9003906	8854.90039062	0.0	1901.0	0.0	0.0	0.0	0.0	-3157700.75	-3157700.75	-3157700.75	-3157700.75	
1.0	2868.49951172	321460.3125	-46.2000007629	2508.39990234	0.0	-6.30000019073	-51.5999984741	331.0	235.0	0.0	21.0	21158.9003906	8835.90039062	0.0	1958.0	0.0	0.0	0.0	0.0	-3631651.75	-3631651.75	-3631651.75	-3631651.75	
1.0	2868.99951172	321383.3125	-62.2000007629	2497.39990234	0.0	-10.3000001907	-52.5999984741	323.0	232.0	0.0	19.0	21608.9003906	9049.90039062	0.0	1914.0	0.0	0.0	0.0	0.0	-2861504.75	-2861504.75	-2861504.75	-2861504.75	
1.0	2869.5	321612.3125	-44.2000007629	2518.39990234	0.0	-15.3000001907	-55.5999984741	328.0	265.0	0.0	19.0	21236.9003906	8909.90039062	0.0	2056.0	0.0	0.0	0.0	0.0	-3230413.75	-3230413.75	-3230413.75	-3230413.75	
1.0	2870.00048828	321638.3125	-44.2000007629	2516.39990234	0.0	-16.2999992371	-60.5999984741	324.0	221.0	0.0	21.0	21913.9003906	8850.90039062	0.0	2054.0	0.0	0.0	0.0	0.0	-2606373.75	-2606373.75	-2606373.75	-2606373.75	
1.0	2870.99975586	321518.3125	-39.2000007629	2491.39990234	0.0	-16.2999992371	-58.5999984741	343.0	234.0	0.0	18.0	21937.9003906	9108.90039062	0.0	2072.0	0.0	0.0	0.0	0.0	-2861045.75	-2861045.75	-2861045.75	-2861045.75	
1.0	2872.00024414	321443.3125	-41.2000007629	2536.39990234	0.0	-14.3000001907	-48.5999984741	332.0	229.0	0.0	20.0	21784.9003906	9015.90039062	0.0	1941.0	0.0	0.0	0.0	0.0	-3196728.75	-3196728.75	-3196728.75	-3196728.75	
1.0	2872.99902344	321448.3125	-45.2000007629	2519.39990234	0.0	-25.2999992371	-45.5999984741	371.0	235.0	0.0	11.0	21272.9003906	9066.90039062	0.0	2003.0	0.0	0.0	0.0	0.0	-2675613.75	-2675613.75	-2675613.75	-2675613.75	
1.0	2873.9987793	321516.3125	-41.2000007629	2539.39990234	0.0	-37.2999992371	-45.5999984741	296.0	232.0	0.0	16.0	21694.9003906	8935.90039062	0.0	2005.0	0.0	0.0	0.0	0.0	-3186111.75	-3186111.75	-3186111.75	-3186111.75	
1.0	2874.99951172	321688.3125	-40.2000007629	2525.39990234	0.0	-35.2999992371	-46.5999984741	348.0	249.0	0.0	16.0	22334.9003906	9046.90039062	0.0	2029.0	0.0	0.0	0.0	0.0	-2901643.75	-2901643.75	-2901643.75	-2901643.75	
1.0	2876.0012207	321660.3125	-42.2000007629	2523.39990234	0.0	-35.2999992371	-47.5999984741	332.0	277.0	0.0	22.0	21840.9003906	9181.90039062	0.0	1995.0	0.0	0.0	0.0	0.0	-3286846.75	-3286846.75	-3286846.75	-3286846.75	
1.0	2876.9987793	321739.3125	-37.2000007629	2527.39990234	0.0	-23.2999992371	-48.5999984741	396.0	263.0	0.0	27.0	21611.9003906	9299.90039062	0.0	2021.0	0.0	0.0	0.0	0.0	-3063751.75	-3063751.75	-3063751.75	-3063751.75	
1.0	2878.0	321635.3125	-37.2000007629	2525.39990234	0.0	-24.2999992371	-47.5999984741	331.0	264.0	0.0	15.0	21756.9003906	9154.90039062	0.0	1955.0	0.0	0.0	0.0	0.0	-3741249.75	-3741249.75	-3741249.75	-3741249.75	
1.0	2878.99951172	321784.3125	-42.2000007629	2536.39990234	0.0	-23.2999992371	-46.5999984741	331.0	291.0	0.0	22.0	22080.9003906	9329.90039062	0.0	2076.0	0.0	0.0	0.0	0.0	-3017177.75	-3017177.75	-3017177.75	-3017177.75	
1.0	2880.0	321591.3125	-42.2000007629	2514.39990234	0.0	-22.2999992371	-47.5999984741	369.0	282.0	0.0	21.0	21825.9003906	9316.90039062	0.0	2011.0	0.0	0.0	0.0	0.0	-3004506.75	-3004506.75	-3004506.75	-3004506.75	
1.0	2880.9987793	321710.3125	-42.2000007629	2540.39990234	0.0	-21.2999992371	-47.5999984741	390.0	267.0	0.0	20.0	22094.9003906	9500.90039062	0.0	1980.0	0.0	0.0	0.0	0.0	-2492755.75	-2492755.75	-2492755.75	-2492755.75	
1.0	2882.0012207	322138.3125	-38.2000007629	2524.39990234	0.0	-33.2999992371	-49.5999984741	369.0	278.0	0.0	20.0	22501.9003906	9442.90039062	0.0	2019.0	0.0	0.0	0.0	0.0	-2609582.75	-2609582.75	-2609582.75	-2609582.75	
1.0	2882.99951172	323615.3125	-43.2000007629	2541.39990234	0.0	-39.2999992371	-46.5999984741	354.0	300.0	0.0	15.0	22380.9003906	9555.90039062	0.0	1996.0	0.0	0.0	0.0	0.0	-2769610.75	-2769610.75	-2769610.75	-2769610.75	
1.0	2884.0012207	324855.3125	-40.2000007629	2556.39990234	0.0	-35.2999992371	-47.5999984741	405.0	297.0	0.0	22.0	22604.9003906	9395.90039062	0.0	2023.0	0.0	0.0	0.0	0.0	-3089668.75	-3089668.75	-3089668.75	-3089668.75	
1.0	2884.9987793	325961.3125	-42.2000007629	2554.39990234	0.0	-39.2999992371	-47.5999984741	381.0	284.0	0.0	23.0	22292.9003906	9517.90039062	0.0	2009.0	0.0	0.0	0.0	0.0	-2803990.75	-2803990.75	-2803990.75	-2803990.75	
1.0	2886.0	326147.3125	-42.2000007629	2562.39990234	0.0	-39.2999992371	-45.5999984741	365.0	290.0	0.0	14.0	23210.9003906	9534.90039062	0.0	2079.0	0.0	0.0	0.0	0.0	-2628157.75	-2628157.75	-2628157.75	-2628157.75	
1.0	2886.99951172	325939.3125	-36.2000007629	2570.39990234	0.0	-39.2999992371	-49.5999984741	383.0	296.0	0.0	23.0	23000.9003906	9445.90039062	0.0	2094.0	0.0	0.0	0.0	0.0	-2771616.75	-2771616.75	-2771616.75	-2771616.75	
1.0	2890.0012207	326142.3125	-37.2000007629	2560.39990234	0.0	-38.2999992371	-44.5999984741	370.0	289.0	0.0	26.0	23346.9003906	9764.90039062	0.0	2051.0	0.0	0.0	0.0	0.0	-2538933.75	-2538933.75	-2538933.75	-2538933.75	
1.0	2893.0012207	326210.3125	-37.2000007629	2559.39990234	0.0	-39.2999992371	-44.5999984741	344.0	260.0	0.0	23.0	22593.9003906	9619.90039062	0.0	2193.0	0.0	0.0	0.0	0.0	-2896168.75	-2896168.75	-2896168.75	-2896168.75	
1.0	2895.99926758	326136.3125	-37.2000007629	2569.39990234	0.0	-39.2999992371	-43.5999984741	334.0	245.0	0.0	13.0	22429.9003906	9733.90039062	0.0	2198.0	0.0	0.0	0.0	0.0	-2918596.75	-2918596.75	-2918596.75	-2918596.75	
1.0	2899.00097656	326458.3125	-37.2000007629	2582.39990234	0.0	-37.2999992371	-41.5999984741	355.0	248.0	0.0	23.0	23341.9003906	9655.90039062	0.0	2103.0	0.0	0.0	0.0	0.0	-2684460.75	-2684460.75	-2684460.75	-2684460.75	
1.0	2902.00073242	326481.3125	-38.2000007629	2583.39990234	0.0	-30.2999992371	-43.5999984741	361.0	255.0	0.0	16.0	23614.9003906	9719.90039062	0.0	2133.0	0.0	0.0	0.0	0.0	-3219055.75	-3219055.75	-3219055.75	-3219055.75	
1.0	2905.0012207	326438.3125	-33.2000007629	2602.39990234	0.0	-30.2999992371	-44.5999984741	327.0	218.0	0.0	15.0	23558.9003906	9774.90039062	0.0	2109.0	0.0	0.0	0.0	0.0	-2884206.75	-2884206.75	-2884206.75	-2884206.75	
