SSRL   MicroEXAFS Data Collector 2.0 
Wed Jul 03 16:47:46 2019
PTS:	205	COLS:	24
alexbox-4ch-xspress.det
RuL3_edge_cell.rgn
SSRL BEAMLINE
COMMENTS





S1VGAP: 0.800000	S1HGAP: 1.000000	TABLEHORZ: 5.000000	SAMPLEV: 41.000000	CALVERT: 4.100521	BPVRT: 46.657988	M1VERT: 6.971044	SAMPLEHOLD: 25.998010	S1HTRAN: 4.775000	

Weights:
 1.000	1.000	1.000	1.000	1.000	1.000	1.000	1.000	1.000	1.000	1.000	1.000	1.000	1.000	1.000	1.000	1.000	1.000	1.000	1.000	1.000	1.000	
Offsets:
 480.9	1036.6	3120.0	0.0	112.4	585.7	0.0	0.0	0.0	0.0	0.2	1.3	0.0	1.5	0.0	0.0	0.0	0.0	79708896.9	79708896.9	79708896.9	79708896.9	
Data:
Real Time Clock
Requested Energy
I0   
I1   
I2   
I3   
MPFB1   
MPFB2   
FF1   
FF2   
FF3   
FF4   
ICR1   
ICR2   
ICR3   
ICR4   
SCA2.1   
SCA2.2   
SCA2.3   
SCA2.4   
TIME1   
TIME2   
TIME3   
TIME4   

1.0	2810.00097656	410843.09375	-145.600006104	6976.0	0.0	1.60000002384	46.2999992371	84.0	50.0	0.0	7.0	9691.79980469	1849.69995117	0.0	603.5	0.0	0.0	0.0	0.0	-3464072.0	-3464072.0	-3464072.0	-3464072.0	
1.0	2810.99975586	410479.09375	-143.600006104	6996.0	0.0	-0.40000000596	44.2999992371	106.0	37.0	0.0	8.0	9766.79980469	1938.69995117	0.0	652.5	0.0	0.0	0.0	0.0	-2962714.0	-2962714.0	-2962714.0	-2962714.0	
1.0	2811.99951172	410579.09375	-146.600006104	6980.0	0.0	-10.3999996185	57.2999992371	95.0	36.0	0.0	12.0	10206.7998047	1928.69995117	0.0	601.5	0.0	0.0	0.0	0.0	-2905610.0	-2905610.0	-2905610.0	-2905610.0	
1.0	2813.00024414	410229.09375	-148.600006104	6986.0	0.0	4.59999990463	58.2999992371	101.0	36.0	0.0	10.0	9722.79980469	1945.69995117	0.0	607.5	0.0	0.0	0.0	0.0	-2602299.0	-2602299.0	-2602299.0	-2602299.0	
1.0	2813.99951172	410153.09375	-146.600006104	6994.0	0.0	5.59999990463	57.2999992371	92.0	35.0	0.0	8.0	9852.79980469	1994.69995117	0.0	623.5	0.0	0.0	0.0	0.0	-2874252.0	-2874252.0	-2874252.0	-2874252.0	
1.0	2815.0	409964.09375	-133.600006104	6985.0	0.0	7.59999990463	57.2999992371	74.0	31.0	0.0	8.0	9686.79980469	1904.69995117	0.0	595.5	0.0	0.0	0.0	0.0	-3978520.0	-3978520.0	-3978520.0	-3978520.0	
1.0	2815.99902344	409813.09375	-135.600006104	6991.0	0.0	12.6000003815	57.2999992371	105.0	38.0	0.0	6.0	10239.7998047	1867.69995117	0.0	664.5	0.0	0.0	0.0	0.0	-2877086.0	-2877086.0	-2877086.0	-2877086.0	
1.0	2816.99902344	409676.09375	-134.600006104	6996.0	0.0	6.59999990463	56.2999992371	104.0	29.0	0.0	5.0	9863.79980469	1936.69995117	0.0	633.5	0.0	0.0	0.0	0.0	-2588809.0	-2588809.0	-2588809.0	-2588809.0	
1.0	2818.0	409490.09375	-134.600006104	6987.0	0.0	-1.39999997616	55.2999992371	104.0	38.0	0.0	8.0	9728.79980469	2007.69995117	0.0	620.5	0.0	0.0	0.0	0.0	-3083643.0	-3083643.0	-3083643.0	-3083643.0	
1.0	2818.99975586	409604.09375	-138.600006104	6980.0	0.0	-0.40000000596	52.2999992371	106.0	45.0	0.0	9.0	10081.7998047	2075.69995117	0.0	686.5	0.0	0.0	0.0	0.0	-2620002.0	-2620002.0	-2620002.0	-2620002.0	
1.0	2820.00048828	409468.09375	-136.600006104	6993.0	0.0	-1.39999997616	55.2999992371	108.0	66.0	0.0	7.0	10024.7998047	1971.69995117	0.0	664.5	0.0	0.0	0.0	0.0	-3100846.0	-3100846.0	-3100846.0	-3100846.0	
1.0	2820.99975586	409175.09375	-136.600006104	6988.0	0.0	13.6000003815	56.2999992371	137.0	118.0	0.0	6.0	10132.7998047	2108.69995117	0.0	638.5	0.0	0.0	0.0	0.0	-2701844.0	-2701844.0	-2701844.0	-2701844.0	
1.0	2822.0	408785.09375	-137.600006104	6997.0	0.0	14.6000003815	53.2999992371	233.0	296.0	0.0	6.0	10042.7998047	2371.69995117	0.0	615.5	0.0	0.0	0.0	0.0	-3329040.0	-3329040.0	-3329040.0	-3329040.0	
1.0	2822.9987793	408495.09375	-134.600006104	6983.0	0.0	15.6000003815	56.2999992371	311.0	479.0	0.0	6.0	10179.7998047	2636.69995117	0.0	642.5	0.0	0.0	0.0	0.0	-2830484.0	-2830484.0	-2830484.0	-2830484.0	
1.0	2824.0012207	408673.09375	-134.600006104	6982.0	0.0	10.6000003815	53.2999992371	394.0	658.0	0.0	8.0	10259.7998047	2874.69995117	0.0	604.5	0.0	0.0	0.0	0.0	-3173945.0	-3173945.0	-3173945.0	-3173945.0	
1.0	2824.99951172	408135.09375	-135.600006104	6997.0	0.0	6.59999990463	51.2999992371	441.0	601.0	0.0	7.0	10544.7998047	2841.69995117	0.0	591.5	0.0	0.0	0.0	0.0	-2971999.0	-2971999.0	-2971999.0	-2971999.0	
1.0	2825.99902344	408277.09375	-137.600006104	6991.0	0.0	5.59999990463	53.2999992371	412.0	573.0	0.0	10.0	10376.7998047	2801.69995117	0.0	583.5	0.0	0.0	0.0	0.0	-3031446.0	-3031446.0	-3031446.0	-3031446.0	
1.0	2826.99951172	407886.09375	-137.600006104	6983.0	0.0	4.59999990463	51.2999992371	459.0	655.0	0.0	12.0	10605.7998047	2924.69995117	0.0	628.5	0.0	0.0	0.0	0.0	-2760099.0	-2760099.0	-2760099.0	-2760099.0	
1.0	2828.0012207	407677.09375	-140.600006104	6992.0	0.0	2.59999990463	51.2999992371	402.0	605.0	0.0	7.0	10305.7998047	2873.69995117	0.0	680.5	0.0	0.0	0.0	0.0	-2951491.0	-2951491.0	-2951491.0	-2951491.0	
1.0	2829.0012207	407782.09375	-140.600006104	6986.0	0.0	2.59999990463	53.2999992371	389.0	570.0	0.0	6.0	10148.7998047	2837.69995117	0.0	638.5	0.0	0.0	0.0	0.0	-2985492.0	-2985492.0	-2985492.0	-2985492.0	
1.0	2829.99975586	407664.09375	-142.600006104	6996.0	0.0	1.60000002384	53.2999992371	343.0	511.0	0.0	9.0	10484.7998047	2663.69995117	0.0	589.5	0.0	0.0	0.0	0.0	-3187926.0	-3187926.0	-3187926.0	-3187926.0	
1.0	2830.99951172	407302.09375	-138.600006104	6986.0	0.0	-11.3999996185	57.2999992371	334.0	453.0	0.0	8.0	10493.7998047	2650.69995117	0.0	651.5	0.0	0.0	0.0	0.0	-2724995.0	-2724995.0	-2724995.0	-2724995.0	
1.0	2832.00024414	407465.09375	-140.600006104	6978.0	0.0	-14.3999996185	55.2999992371	367.0	482.0	0.0	7.0	10599.7998047	2751.69995117	0.0	643.5	0.0	0.0	0.0	0.0	-2518727.0	-2518727.0	-2518727.0	-2518727.0	
1.0	2832.99926758	407472.09375	-141.600006104	6984.0	0.0	-18.3999996185	55.2999992371	348.0	462.0	0.0	10.0	10215.7998047	2691.69995117	0.0	683.5	0.0	0.0	0.0	0.0	-2540715.0	-2540715.0	-2540715.0	-2540715.0	
1.0	2833.99951172	407245.09375	-139.600006104	6994.0	0.0	-22.3999996185	52.2999992371	375.0	464.0	0.0	6.0	10286.7998047	2629.69995117	0.0	666.5	0.0	0.0	0.0	0.0	-2888820.0	-2888820.0	-2888820.0	-2888820.0	
1.0	2835.00073242	407350.09375	-137.600006104	6975.0	0.0	-29.3999996185	53.2999992371	365.0	509.0	0.0	7.0	10418.7998047	2703.69995117	0.0	640.5	0.0	0.0	0.0	0.0	-3096498.0	-3096498.0	-3096498.0	-3096498.0	
1.0	2836.00073242	407155.09375	-141.600006104	6994.0	0.0	-17.3999996185	54.2999992371	373.0	561.0	0.0	7.0	10545.7998047	2700.69995117	0.0	650.5	0.0	0.0	0.0	0.0	-3160342.0	-3160342.0	-3160342.0	-3160342.0	
1.0	2836.40039062	407209.09375	-139.600006104	7012.0	0.0	-15.3999996185	54.2999992371	393.0	556.0	0.0	8.0	10391.7998047	2686.69995117	0.0	644.5	0.0	0.0	0.0	0.0	-2920089.0	-2920089.0	-2920089.0	-2920089.0	
1.0	2836.55053711	407181.09375	-139.600006104	7002.0	0.0	-12.3999996185	56.2999992371	407.0	520.0	0.0	8.0	10449.7998047	2779.69995117	0.0	564.5	0.0	0.0	0.0	0.0	-2922515.0	-2922515.0	-2922515.0	-2922515.0	
1.0	2836.70092773	406871.09375	-138.600006104	6985.0	0.0	1.60000002384	55.2999992371	451.0	582.0	0.0	7.0	10478.7998047	2850.69995117	0.0	647.5	0.0	0.0	0.0	0.0	-2801955.0	-2801955.0	-2801955.0	-2801955.0	
1.0	2836.85107422	407108.09375	-136.600006104	6982.0	0.0	5.59999990463	59.2999992371	422.0	539.0	0.0	7.0	10375.7998047	2717.69995117	0.0	586.5	0.0	0.0	0.0	0.0	-3223086.0	-3223086.0	-3223086.0	-3223086.0	
1.0	2836.9987793	407135.09375	-140.600006104	6979.0	0.0	12.6000003815	56.2999992371	449.0	607.0	0.0	7.0	10648.7998047	2854.69995117	0.0	616.5	0.0	0.0	0.0	0.0	-2562643.0	-2562643.0	-2562643.0	-2562643.0	
1.0	2837.14916992	406718.09375	-136.600006104	6982.0	0.0	16.6000003815	57.2999992371	493.0	628.0	0.0	9.0	10548.7998047	2808.69995117	0.0	622.5	0.0	0.0	0.0	0.0	-3209477.0	-3209477.0	-3209477.0	-3209477.0	
1.0	2837.29956055	406762.09375	-137.600006104	6984.0	0.0	16.6000003815	56.2999992371	418.0	666.0	0.0	8.0	10428.7998047	2899.69995117	0.0	635.5	0.0	0.0	0.0	0.0	-2766387.0	-2766387.0	-2766387.0	-2766387.0	
1.0	2837.44995117	406573.09375	-138.600006104	6983.0	0.0	17.6000003815	54.2999992371	459.0	635.0	0.0	12.0	10587.7998047	2798.69995117	0.0	668.5	0.0	0.0	0.0	0.0	-3114964.0	-3114964.0	-3114964.0	-3114964.0	
1.0	2837.6003418	406838.09375	-137.600006104	6981.0	0.0	16.6000003815	51.2999992371	455.0	669.0	0.0	3.0	10448.7998047	2880.69995117	0.0	593.5	0.0	0.0	0.0	0.0	-3150009.0	-3150009.0	-3150009.0	-3150009.0	
1.0	2837.75073242	406739.09375	-139.600006104	6983.0	0.0	16.6000003815	54.2999992371	463.0	624.0	0.0	11.0	10397.7998047	2924.69995117	0.0	670.5	0.0	0.0	0.0	0.0	-2626463.0	-2626463.0	-2626463.0	-2626463.0	
1.0	2837.90136719	406612.09375	-136.600006104	6984.0	0.0	14.6000003815	53.2999992371	476.0	709.0	0.0	9.0	10465.7998047	2939.69995117	0.0	648.5	0.0	0.0	0.0	0.0	-3136009.0	-3136009.0	-3136009.0	-3136009.0	
1.0	2838.04907227	406601.09375	-137.600006104	6971.0	0.0	15.6000003815	55.2999992371	487.0	656.0	0.0	5.0	10465.7998047	2985.69995117	0.0	659.5	0.0	0.0	0.0	0.0	-2611938.0	-2611938.0	-2611938.0	-2611938.0	
1.0	2838.19970703	406366.09375	-135.600006104	6986.0	0.0	15.6000003815	56.2999992371	597.0	737.0	0.0	11.0	10388.7998047	3073.69995117	0.0	679.5	0.0	0.0	0.0	0.0	-2675502.0	-2675502.0	-2675502.0	-2675502.0	
1.0	2838.35009766	406444.09375	-137.600006104	6984.0	0.0	17.6000003815	52.2999992371	584.0	725.0	0.0	10.0	10721.7998047	3014.69995117	0.0	650.5	0.0	0.0	0.0	0.0	-2967901.0	-2967901.0	-2967901.0	-2967901.0	
1.0	2838.50073242	406575.09375	-137.600006104	6989.0	0.0	9.60000038147	55.2999992371	589.0	790.0	0.0	9.0	10672.7998047	2962.69995117	0.0	598.5	0.0	0.0	0.0	0.0	-2863583.0	-2863583.0	-2863583.0	-2863583.0	
1.0	2838.64868164	406478.09375	-133.600006104	6996.0	0.0	-7.40000009537	54.2999992371	631.0	834.0	0.0	11.0	10892.7998047	3188.69995117	0.0	651.5	0.0	0.0	0.0	0.0	-2525304.0	-2525304.0	-2525304.0	-2525304.0	
1.0	2838.79931641	406502.09375	-137.600006104	6979.0	0.0	-12.3999996185	53.2999992371	679.0	875.0	0.0	7.0	10949.7998047	3152.69995117	0.0	657.5	0.0	0.0	0.0	0.0	-2832907.0	-2832907.0	-2832907.0	-2832907.0	
1.0	2838.94995117	406264.09375	-139.600006104	6984.0	0.0	-10.3999996185	55.2999992371	688.0	962.0	0.0	10.0	10609.7998047	3258.69995117	0.0	630.5	0.0	0.0	0.0	0.0	-3221756.0	-3221756.0	-3221756.0	-3221756.0	
1.0	2839.10058594	406226.09375	-141.600006104	6980.0	0.0	-9.39999961853	54.2999992371	758.0	1018.0	0.0	4.0	10939.7998047	3334.69995117	0.0	642.5	0.0	0.0	0.0	0.0	-2964327.0	-2964327.0	-2964327.0	-2964327.0	
1.0	2839.2487793	406014.09375	-141.600006104	6985.0	0.0	-7.40000009537	51.2999992371	778.0	977.0	0.0	6.0	10817.7998047	3280.69995117	0.0	655.5	0.0	0.0	0.0	0.0	-3241253.0	-3241253.0	-3241253.0	-3241253.0	
1.0	2839.39941406	406325.09375	-144.600006104	6987.0	0.0	-7.40000009537	37.2999992371	858.0	1154.0	0.0	7.0	10764.7998047	3515.69995117	0.0	667.5	0.0	0.0	0.0	0.0	-2520764.0	-2520764.0	-2520764.0	-2520764.0	
1.0	2839.55004883	406095.09375	-140.600006104	6986.0	0.0	-9.39999961853	37.2999992371	957.0	1257.0	0.0	7.0	11060.7998047	3559.69995117	0.0	653.5	0.0	0.0	0.0	0.0	-2927062.0	-2927062.0	-2927062.0	-2927062.0	
1.0	2839.70092773	405934.09375	-145.600006104	6984.0	0.0	-9.39999961853	37.2999992371	1010.0	1420.0	0.0	8.0	11130.7998047	3786.69995117	0.0	634.5	0.0	0.0	0.0	0.0	-2539778.0	-2539778.0	-2539778.0	-2539778.0	
1.0	2839.84912109	405815.09375	-141.600006104	6992.0	0.0	-11.3999996185	35.2999992371	1085.0	1447.0	0.0	9.0	11054.7998047	3861.69995117	0.0	641.5	0.0	0.0	0.0	0.0	-3089223.0	-3089223.0	-3089223.0	-3089223.0	
1.0	2840.0	405992.09375	-141.600006104	6998.0	0.0	-2.40000009537	38.2999992371	1291.0	1673.0	0.0	5.0	11050.7998047	4128.70019531	0.0	626.5	0.0	0.0	0.0	0.0	-2951220.0	-2951220.0	-2951220.0	-2951220.0	
1.0	2840.15063477	405902.09375	-140.600006104	6984.0	0.0	0.600000023842	46.2999992371	1384.0	1776.0	0.0	7.0	11570.7998047	4204.70019531	0.0	626.5	0.0	0.0	0.0	0.0	-2629143.0	-2629143.0	-2629143.0	-2629143.0	
1.0	2840.29907227	405751.09375	-152.600006104	6985.0	0.0	-3.40000009537	33.2999992371	1541.0	1863.0	0.0	2.0	11308.7998047	4372.70019531	0.0	620.5	0.0	0.0	0.0	0.0	-2621851.0	-2621851.0	-2621851.0	-2621851.0	
1.0	2840.44970703	406152.09375	-162.600006104	6992.0	0.0	-7.40000009537	34.2999992371	1590.0	2015.0	0.0	9.0	11697.7998047	4513.70019531	0.0	652.5	0.0	0.0	0.0	0.0	-3026542.0	-3026542.0	-3026542.0	-3026542.0	
1.0	2840.60058594	405784.09375	-152.600006104	6986.0	0.0	-4.40000009537	34.2999992371	1703.0	2138.0	0.0	4.0	11774.7998047	4570.70019531	0.0	630.5	0.0	0.0	0.0	0.0	-2720365.0	-2720365.0	-2720365.0	-2720365.0	
1.0	2840.74902344	405825.09375	-146.600006104	6985.0	0.0	-6.40000009537	53.2999992371	1742.0	2249.0	0.0	9.0	11687.7998047	4833.70019531	0.0	636.5	0.0	0.0	0.0	0.0	-3206467.0	-3206467.0	-3206467.0	-3206467.0	
1.0	2840.89990234	405748.09375	-144.600006104	6979.0	0.0	-2.40000009537	53.2999992371	1715.0	2285.0	0.0	4.0	11518.7998047	4878.70019531	0.0	652.5	0.0	0.0	0.0	0.0	-2722377.0	-2722377.0	-2722377.0	-2722377.0	
1.0	2841.05102539	405754.09375	-147.600006104	6987.0	0.0	-1.39999997616	52.2999992371	1809.0	2388.0	0.0	4.0	11691.7998047	4876.70019531	0.0	653.5	0.0	0.0	0.0	0.0	-2633692.0	-2633692.0	-2633692.0	-2633692.0	
1.0	2841.19921875	405786.09375	-147.600006104	6988.0	0.0	-3.40000009537	53.2999992371	1756.0	2397.0	0.0	9.0	11707.7998047	4942.70019531	0.0	647.5	0.0	0.0	0.0	0.0	-3217324.0	-3217324.0	-3217324.0	-3217324.0	
1.0	2841.3503418	405575.09375	-149.600006104	6988.0	0.0	-6.40000009537	53.2999992371	1682.0	2238.0	0.0	3.0	11438.7998047	4796.70019531	0.0	599.5	0.0	0.0	0.0	0.0	-2814005.0	-2814005.0	-2814005.0	-2814005.0	
1.0	2841.4987793	405426.09375	-146.600006104	6990.0	0.0	-4.40000009537	52.2999992371	1568.0	2206.0	0.0	8.0	11464.7998047	4678.70019531	0.0	661.5	0.0	0.0	0.0	0.0	-3171699.0	-3171699.0	-3171699.0	-3171699.0	
1.0	2841.64990234	405662.09375	-137.600006104	6978.0	0.0	-6.40000009537	49.2999992371	1517.0	1959.0	0.0	7.0	11316.7998047	4498.70019531	0.0	642.5	0.0	0.0	0.0	0.0	-2817383.0	-2817383.0	-2817383.0	-2817383.0	
1.0	2841.80078125	405635.09375	-140.600006104	6972.0	0.0	-9.39999961853	51.2999992371	1448.0	1932.0	0.0	8.0	11385.7998047	4437.70019531	0.0	633.5	0.0	0.0	0.0	0.0	-2454934.0	-2454934.0	-2454934.0	-2454934.0	
1.0	2841.94946289	405398.09375	-137.600006104	6980.0	0.0	-8.39999961853	52.2999992371	1312.0	1779.0	0.0	3.0	11326.7998047	4178.70019531	0.0	627.5	0.0	0.0	0.0	0.0	-3102249.0	-3102249.0	-3102249.0	-3102249.0	
1.0	2842.10058594	405422.09375	-133.600006104	6979.0	0.0	-8.39999961853	51.2999992371	1172.0	1717.0	0.0	5.0	11004.7998047	4127.70019531	0.0	636.5	0.0	0.0	0.0	0.0	-2668290.0	-2668290.0	-2668290.0	-2668290.0	
1.0	2842.24902344	405244.09375	-140.600006104	6977.0	0.0	-7.40000009537	49.2999992371	1133.0	1587.0	0.0	12.0	11043.7998047	4024.69995117	0.0	604.5	0.0	0.0	0.0	0.0	-3007014.0	-3007014.0	-3007014.0	-3007014.0	
1.0	2842.40014648	405056.09375	-137.600006104	6973.0	0.0	-4.40000009537	48.2999992371	1084.0	1478.0	0.0	5.0	11225.7998047	3814.69995117	0.0	677.5	0.0	0.0	0.0	0.0	-2667023.0	-2667023.0	-2667023.0	-2667023.0	
1.0	2842.54882812	405344.09375	-140.600006104	6981.0	0.0	-18.3999996185	53.2999992371	991.0	1271.0	0.0	9.0	11293.7998047	3684.69995117	0.0	663.5	0.0	0.0	0.0	0.0	-3120328.0	-3120328.0	-3120328.0	-3120328.0	
1.0	2842.69995117	405292.09375	-138.600006104	6976.0	0.0	-21.3999996185	52.2999992371	914.0	1224.0	0.0	9.0	10710.7998047	3557.69995117	0.0	638.5	0.0	0.0	0.0	0.0	-3284263.0	-3284263.0	-3284263.0	-3284263.0	
1.0	2842.84863281	405180.09375	-138.600006104	6972.0	0.0	-24.3999996185	54.2999992371	851.0	1131.0	0.0	7.0	10774.7998047	3386.69995117	0.0	635.5	0.0	0.0	0.0	0.0	-2937346.0	-2937346.0	-2937346.0	-2937346.0	
1.0	2843.0	405066.09375	-138.600006104	6982.0	0.0	-23.3999996185	52.2999992371	874.0	1110.0	0.0	6.0	10937.7998047	3483.69995117	0.0	639.5	0.0	0.0	0.0	0.0	-2824655.0	-2824655.0	-2824655.0	-2824655.0	
1.0	2843.15136719	405087.09375	-140.600006104	6984.0	0.0	-22.3999996185	51.2999992371	778.0	1096.0	0.0	5.0	10783.7998047	3372.69995117	0.0	590.5	0.0	0.0	0.0	0.0	-2606641.0	-2606641.0	-2606641.0	-2606641.0	
1.0	2843.30004883	405310.09375	-141.600006104	6986.0	0.0	-22.3999996185	48.2999992371	750.0	1085.0	0.0	4.0	10916.7998047	3434.69995117	0.0	611.5	0.0	0.0	0.0	0.0	-2637403.0	-2637403.0	-2637403.0	-2637403.0	
1.0	2843.44873047	405041.09375	-138.600006104	6970.0	0.0	-26.3999996185	34.2999992371	745.0	1061.0	0.0	4.0	10547.7998047	3420.69995117	0.0	637.5	0.0	0.0	0.0	0.0	-3025119.0	-3025119.0	-3025119.0	-3025119.0	
1.0	2843.60009766	405224.09375	-136.600006104	6986.0	0.0	-26.3999996185	28.2999992371	695.0	1010.0	0.0	6.0	10626.7998047	3327.69995117	0.0	689.5	0.0	0.0	0.0	0.0	-3229009.0	-3229009.0	-3229009.0	-3229009.0	
1.0	2843.74902344	404918.09375	-136.600006104	6982.0	0.0	-25.3999996185	42.2999992371	737.0	1017.0	0.0	11.0	10785.7998047	3388.69995117	0.0	649.5	0.0	0.0	0.0	0.0	-2528454.0	-2528454.0	-2528454.0	-2528454.0	
1.0	2843.90039062	404740.09375	-138.600006104	6988.0	0.0	-26.3999996185	46.2999992371	770.0	1016.0	0.0	4.0	10980.7998047	3330.69995117	0.0	643.5	0.0	0.0	0.0	0.0	-2626983.0	-2626983.0	-2626983.0	-2626983.0	
1.0	2844.04907227	404990.09375	-129.600006104	6971.0	0.0	-21.3999996185	46.2999992371	721.0	992.0	0.0	13.0	11001.7998047	3307.69995117	0.0	665.5	0.0	0.0	0.0	0.0	-2614556.0	-2614556.0	-2614556.0	-2614556.0	
1.0	2844.20068359	405126.09375	-129.600006104	6986.0	0.0	-6.40000009537	48.2999992371	736.0	976.0	0.0	10.0	11098.7998047	3291.69995117	0.0	650.5	0.0	0.0	0.0	0.0	-2906861.0	-2906861.0	-2906861.0	-2906861.0	
1.0	2844.34936523	404783.09375	-132.600006104	6978.0	0.0	-4.40000009537	47.2999992371	777.0	1018.0	0.0	10.0	10988.7998047	3302.69995117	0.0	648.5	0.0	0.0	0.0	0.0	-2647663.0	-2647663.0	-2647663.0	-2647663.0	
1.0	2844.50097656	405304.09375	-129.600006104	6992.0	0.0	-4.40000009537	51.2999992371	733.0	1009.0	0.0	9.0	11283.7998047	3260.69995117	0.0	664.5	0.0	0.0	0.0	0.0	-3132466.0	-3132466.0	-3132466.0	-3132466.0	
1.0	2844.64990234	404957.09375	-133.600006104	6979.0	0.0	-9.39999961853	49.2999992371	671.0	991.0	0.0	3.0	10373.7998047	3391.69995117	0.0	627.5	0.0	0.0	0.0	0.0	-2875071.0	-2875071.0	-2875071.0	-2875071.0	
1.0	2844.79882812	404624.09375	-130.600006104	6996.0	0.0	-7.40000009537	48.2999992371	655.0	943.0	0.0	8.0	10772.7998047	3213.69995117	0.0	663.5	0.0	0.0	0.0	0.0	-2769844.0	-2769844.0	-2769844.0	-2769844.0	
1.0	2844.95043945	404532.09375	-127.599998474	6982.0	0.0	-5.40000009537	48.2999992371	672.0	864.0	0.0	6.0	10636.7998047	3142.69995117	0.0	642.5	0.0	0.0	0.0	0.0	-2901214.0	-2901214.0	-2901214.0	-2901214.0	
1.0	2845.09936523	404365.09375	-129.600006104	6983.0	0.0	-5.40000009537	51.2999992371	658.0	905.0	0.0	7.0	10975.7998047	3052.69995117	0.0	592.5	0.0	0.0	0.0	0.0	-2991881.0	-2991881.0	-2991881.0	-2991881.0	
1.0	2845.25097656	404824.09375	-126.599998474	6964.0	0.0	-3.40000009537	51.2999992371	646.0	868.0	0.0	8.0	10861.7998047	3135.69995117	0.0	656.5	0.0	0.0	0.0	0.0	-2724907.0	-2724907.0	-2724907.0	-2724907.0	
1.0	2845.40014648	404676.09375	-126.599998474	6987.0	0.0	-2.40000009537	48.2999992371	607.0	879.0	0.0	5.0	10748.7998047	3244.69995117	0.0	649.5	0.0	0.0	0.0	0.0	-3112736.0	-3112736.0	-3112736.0	-3112736.0	
1.0	2845.54907227	404372.09375	-129.600006104	6976.0	0.0	-3.40000009537	41.2999992371	617.0	848.0	0.0	7.0	10744.7998047	3116.69995117	0.0	649.5	0.0	0.0	0.0	0.0	-3128516.0	-3128516.0	-3128516.0	-3128516.0	
1.0	2845.70092773	404761.09375	-144.600006104	6959.0	0.0	-6.40000009537	43.2999992371	607.0	818.0	0.0	8.0	10860.7998047	3185.69995117	0.0	641.5	0.0	0.0	0.0	0.0	-2603836.0	-2603836.0	-2603836.0	-2603836.0	
1.0	2845.85009766	404568.09375	-129.600006104	6977.0	0.0	-13.3999996185	40.2999992371	597.0	802.0	0.0	7.0	10724.7998047	3049.69995117	0.0	665.5	0.0	0.0	0.0	0.0	-2840130.0	-2840130.0	-2840130.0	-2840130.0	
1.0	2845.99902344	404537.09375	-128.600006104	6979.0	0.0	-22.3999996185	40.2999992371	600.0	772.0	0.0	5.0	10611.7998047	3051.69995117	0.0	700.5	0.0	0.0	0.0	0.0	-3197544.0	-3197544.0	-3197544.0	-3197544.0	
1.0	2846.15087891	404418.09375	-125.599998474	6990.0	0.0	-21.3999996185	41.2999992371	551.0	784.0	0.0	7.0	10537.7998047	3164.69995117	0.0	616.5	0.0	0.0	0.0	0.0	-2818725.0	-2818725.0	-2818725.0	-2818725.0	
1.0	2846.30004883	404223.09375	-126.599998474	6967.0	0.0	-21.3999996185	38.2999992371	525.0	792.0	0.0	8.0	10657.7998047	3093.69995117	0.0	613.5	0.0	0.0	0.0	0.0	-3038619.0	-3038619.0	-3038619.0	-3038619.0	
1.0	2846.44921875	404107.09375	-131.600006104	6988.0	0.0	-23.3999996185	40.2999992371	556.0	720.0	0.0	10.0	10480.7998047	3058.69995117	0.0	642.5	0.0	0.0	0.0	0.0	-3203297.0	-3203297.0	-3203297.0	-3203297.0	
1.0	2846.60107422	404053.09375	-130.600006104	6972.0	0.0	-23.3999996185	37.2999992371	550.0	743.0	0.0	4.0	10917.7998047	2908.69995117	0.0	633.5	0.0	0.0	0.0	0.0	-2712063.0	-2712063.0	-2712063.0	-2712063.0	
1.0	2846.75024414	404329.09375	-128.600006104	6972.0	0.0	-22.3999996185	37.2999992371	567.0	736.0	0.0	5.0	10627.7998047	2989.69995117	0.0	646.5	0.0	0.0	0.0	0.0	-3197590.0	-3197590.0	-3197590.0	-3197590.0	
1.0	2846.8996582	404091.09375	-130.600006104	6970.0	0.0	-18.3999996185	36.2999992371	535.0	771.0	0.0	14.0	10685.7998047	3127.69995117	0.0	663.5	0.0	0.0	0.0	0.0	-2745213.0	-2745213.0	-2745213.0	-2745213.0	
1.0	2847.04907227	403876.09375	-128.600006104	6980.0	0.0	-23.3999996185	42.2999992371	513.0	803.0	0.0	10.0	10578.7998047	3114.69995117	0.0	636.5	0.0	0.0	0.0	0.0	-2990470.0	-2990470.0	-2990470.0	-2990470.0	
1.0	2847.20092773	404175.09375	-127.599998474	6978.0	0.0	-21.3999996185	37.2999992371	536.0	791.0	0.0	7.0	10631.7998047	3064.69995117	0.0	627.5	0.0	0.0	0.0	0.0	-2893094.0	-2893094.0	-2893094.0	-2893094.0	
1.0	2847.3503418	404248.09375	-130.600006104	6979.0	0.0	-22.3999996185	37.2999992371	535.0	718.0	0.0	7.0	10558.7998047	3016.69995117	0.0	599.5	0.0	0.0	0.0	0.0	-2692133.0	-2692133.0	-2692133.0	-2692133.0	
1.0	2847.49951172	404168.09375	-129.600006104	6969.0	0.0	-23.3999996185	40.2999992371	538.0	770.0	0.0	11.0	10705.7998047	2964.69995117	0.0	662.5	0.0	0.0	0.0	0.0	-2770389.0	-2770389.0	-2770389.0	-2770389.0	
1.0	2847.64892578	403931.09375	-128.600006104	6979.0	0.0	-22.3999996185	38.2999992371	542.0	711.0	0.0	4.0	10446.7998047	3024.69995117	0.0	645.5	0.0	0.0	0.0	0.0	-3143938.0	-3143938.0	-3143938.0	-3143938.0	
1.0	2847.80102539	403849.09375	-127.599998474	6975.0	0.0	-26.3999996185	22.2999992371	580.0	707.0	0.0	4.0	11034.7998047	2971.69995117	0.0	671.5	0.0	0.0	0.0	0.0	-2725034.0	-2725034.0	-2725034.0	-2725034.0	
1.0	2847.95043945	404100.09375	-126.599998474	6975.0	0.0	-24.3999996185	40.2999992371	518.0	753.0	0.0	8.0	10962.7998047	3040.69995117	0.0	576.5	0.0	0.0	0.0	0.0	-2696019.0	-2696019.0	-2696019.0	-2696019.0	
1.0	2848.09985352	403766.09375	-128.600006104	6980.0	0.0	-25.3999996185	41.2999992371	494.0	731.0	0.0	5.0	10456.7998047	3012.69995117	0.0	676.5	0.0	0.0	0.0	0.0	-3165673.0	-3165673.0	-3165673.0	-3165673.0	
1.0	2848.24951172	403699.09375	-133.600006104	6972.0	0.0	-23.3999996185	43.2999992371	590.0	708.0	0.0	7.0	10771.7998047	2968.69995117	0.0	624.5	0.0	0.0	0.0	0.0	-2578342.0	-2578342.0	-2578342.0	-2578342.0	
1.0	2848.39892578	403480.09375	-133.600006104	6993.0	0.0	-25.3999996185	38.2999992371	537.0	761.0	0.0	5.0	10447.7998047	3130.69995117	0.0	601.5	0.0	0.0	0.0	0.0	-2717095.0	-2717095.0	-2717095.0	-2717095.0	
1.0	2848.55102539	403842.09375	-130.600006104	6959.0	0.0	-24.3999996185	45.2999992371	536.0	757.0	0.0	11.0	10516.7998047	3037.69995117	0.0	672.5	0.0	0.0	0.0	0.0	-2986869.0	-2986869.0	-2986869.0	-2986869.0	
1.0	2848.70068359	403692.09375	-130.600006104	6973.0	0.0	-22.3999996185	44.2999992371	520.0	739.0	0.0	5.0	10554.7998047	3067.69995117	0.0	583.5	0.0	0.0	0.0	0.0	-3222659.0	-3222659.0	-3222659.0	-3222659.0	
1.0	2848.85009766	403582.09375	-131.600006104	6970.0	0.0	-25.3999996185	43.2999992371	561.0	813.0	0.0	7.0	10677.7998047	3179.69995117	0.0	648.5	0.0	0.0	0.0	0.0	-2737712.0	-2737712.0	-2737712.0	-2737712.0	
1.0	2848.99975586	403586.09375	-134.600006104	6970.0	0.0	-34.4000015259	43.2999992371	553.0	817.0	0.0	6.0	10537.7998047	3080.69995117	0.0	622.5	0.0	0.0	0.0	0.0	-3159229.0	-3159229.0	-3159229.0	-3159229.0	
1.0	2849.14941406	403614.09375	-135.600006104	6971.0	0.0	-22.3999996185	41.2999992371	604.0	757.0	0.0	9.0	10711.7998047	3068.69995117	0.0	648.5	0.0	0.0	0.0	0.0	-3141366.0	-3141366.0	-3141366.0	-3141366.0	
1.0	2849.29907227	403512.09375	-133.600006104	6978.0	0.0	-22.3999996185	43.2999992371	597.0	805.0	0.0	6.0	10675.7998047	3122.69995117	0.0	655.5	0.0	0.0	0.0	0.0	-2665974.0	-2665974.0	-2665974.0	-2665974.0	
1.0	2849.44873047	403128.09375	-132.600006104	6966.0	0.0	-22.3999996185	44.2999992371	590.0	806.0	0.0	5.0	10725.7998047	3131.69995117	0.0	671.5	0.0	0.0	0.0	0.0	-2927005.0	-2927005.0	-2927005.0	-2927005.0	
1.0	2849.60107422	403455.09375	-132.600006104	6974.0	0.0	-20.3999996185	43.2999992371	546.0	735.0	0.0	8.0	10635.7998047	2935.69995117	0.0	640.5	0.0	0.0	0.0	0.0	-3242079.0	-3242079.0	-3242079.0	-3242079.0	
1.0	2849.75073242	403098.09375	-131.600006104	6982.0	0.0	-25.3999996185	35.2999992371	564.0	826.0	0.0	12.0	10686.7998047	3039.69995117	0.0	643.5	0.0	0.0	0.0	0.0	-2733579.0	-2733579.0	-2733579.0	-2733579.0	
1.0	2849.90063477	403116.09375	-130.600006104	6972.0	0.0	-33.4000015259	33.2999992371	592.0	832.0	0.0	7.0	10542.7998047	3076.69995117	0.0	649.5	0.0	0.0	0.0	0.0	-3203268.0	-3203268.0	-3203268.0	-3203268.0	
1.0	2850.05029297	403054.09375	-134.600006104	6962.0	0.0	-34.4000015259	34.2999992371	609.0	795.0	0.0	4.0	10707.7998047	3215.69995117	0.0	644.5	0.0	0.0	0.0	0.0	-2784250.0	-2784250.0	-2784250.0	-2784250.0	
1.0	2850.20019531	403268.09375	-135.600006104	6968.0	0.0	-36.4000015259	30.2999992371	554.0	800.0	0.0	3.0	10642.7998047	3077.69995117	0.0	631.5	0.0	0.0	0.0	0.0	-3204383.0	-3204383.0	-3204383.0	-3204383.0	
1.0	2850.34985352	403078.09375	-136.600006104	6966.0	0.0	-26.3999996185	35.2999992371	594.0	739.0	0.0	3.0	10585.7998047	3035.69995117	0.0	634.5	0.0	0.0	0.0	0.0	-3236483.0	-3236483.0	-3236483.0	-3236483.0	
1.0	2850.49975586	402718.09375	-134.600006104	6964.0	0.0	-21.3999996185	40.2999992371	597.0	789.0	0.0	6.0	10720.7998047	2998.69995117	0.0	610.5	0.0	0.0	0.0	0.0	-2906604.0	-2906604.0	-2906604.0	-2906604.0	
1.0	2850.6496582	402752.09375	-135.600006104	6966.0	0.0	-19.3999996185	45.2999992371	613.0	784.0	0.0	6.0	10718.7998047	3016.69995117	0.0	655.5	0.0	0.0	0.0	0.0	-2973617.0	-2973617.0	-2973617.0	-2973617.0	
1.0	2850.79956055	402903.09375	-135.600006104	6982.0	0.0	-7.40000009537	43.2999992371	587.0	779.0	0.0	6.0	10870.7998047	3129.69995117	0.0	659.5	0.0	0.0	0.0	0.0	-2554326.0	-2554326.0	-2554326.0	-2554326.0	
1.0	2850.94946289	402843.09375	-132.600006104	6977.0	0.0	-5.40000009537	43.2999992371	593.0	831.0	0.0	5.0	10559.7998047	3018.69995117	0.0	633.5	0.0	0.0	0.0	0.0	-3040367.0	-3040367.0	-3040367.0	-3040367.0	
1.0	2851.09936523	402746.09375	-140.600006104	6974.0	0.0	-9.39999961853	46.2999992371	571.0	797.0	0.0	8.0	10713.7998047	2994.69995117	0.0	659.5	0.0	0.0	0.0	0.0	-3088402.0	-3088402.0	-3088402.0	-3088402.0	
1.0	2851.24926758	402705.09375	-139.600006104	6964.0	0.0	-11.3999996185	32.2999992371	588.0	821.0	0.0	8.0	10689.7998047	3065.69995117	0.0	634.5	0.0	0.0	0.0	0.0	-2580633.0	-2580633.0	-2580633.0	-2580633.0	
1.0	2851.39941406	402931.09375	-135.600006104	6967.0	0.0	-7.40000009537	28.2999992371	594.0	825.0	0.0	5.0	10716.7998047	3100.69995117	0.0	576.5	0.0	0.0	0.0	0.0	-3251745.0	-3251745.0	-3251745.0	-3251745.0	
1.0	2851.54931641	404262.09375	-134.600006104	6963.0	0.0	-9.39999961853	26.2999992371	558.0	745.0	0.0	5.0	10611.7998047	3128.69995117	0.0	678.5	0.0	0.0	0.0	0.0	-2776964.0	-2776964.0	-2776964.0	-2776964.0	
1.0	2851.69946289	405393.09375	-136.600006104	6975.0	0.0	-7.40000009537	29.2999992371	607.0	781.0	0.0	2.0	10968.7998047	3042.69995117	0.0	598.5	0.0	0.0	0.0	0.0	-3327563.0	-3327563.0	-3327563.0	-3327563.0	
1.0	2851.84936523	406835.09375	-134.600006104	6982.0	0.0	-5.40000009537	43.2999992371	595.0	790.0	0.0	8.0	10834.7998047	2992.69995117	0.0	683.5	0.0	0.0	0.0	0.0	-2889927.0	-2889927.0	-2889927.0	-2889927.0	
1.0	2851.99951172	407615.09375	-134.600006104	6983.0	0.0	-8.39999961853	43.2999992371	605.0	857.0	0.0	10.0	10730.7998047	3212.69995117	0.0	653.5	0.0	0.0	0.0	0.0	-2574541.0	-2574541.0	-2574541.0	-2574541.0	
1.0	2852.1496582	407512.09375	-136.600006104	6974.0	0.0	-7.40000009537	45.2999992371	593.0	784.0	0.0	8.0	10977.7998047	3074.69995117	0.0	650.5	0.0	0.0	0.0	0.0	-3340533.0	-3340533.0	-3340533.0	-3340533.0	
1.0	2852.29956055	407558.09375	-136.600006104	6981.0	0.0	-8.39999961853	45.2999992371	575.0	732.0	0.0	6.0	10693.7998047	3000.69995117	0.0	641.5	0.0	0.0	0.0	0.0	-3170385.0	-3170385.0	-3170385.0	-3170385.0	
1.0	2852.44970703	407542.09375	-133.600006104	6982.0	0.0	-9.39999961853	47.2999992371	535.0	808.0	0.0	5.0	10950.7998047	3111.69995117	0.0	645.5	0.0	0.0	0.0	0.0	-2591007.0	-2591007.0	-2591007.0	-2591007.0	
1.0	2852.60009766	407290.09375	-135.600006104	6978.0	0.0	-18.3999996185	45.2999992371	592.0	825.0	0.0	6.0	10535.7998047	3091.69995117	0.0	616.5	0.0	0.0	0.0	0.0	-3254934.0	-3254934.0	-3254934.0	-3254934.0	
1.0	2852.75024414	407303.09375	-138.600006104	6976.0	0.0	-18.3999996185	46.2999992371	549.0	755.0	0.0	7.0	10844.7998047	3090.69995117	0.0	660.5	0.0	0.0	0.0	0.0	-2987265.0	-2987265.0	-2987265.0	-2987265.0	
1.0	2852.90039062	407279.09375	-133.600006104	6983.0	0.0	-7.40000009537	45.2999992371	567.0	765.0	0.0	7.0	10673.7998047	3062.69995117	0.0	667.5	0.0	0.0	0.0	0.0	-2584901.0	-2584901.0	-2584901.0	-2584901.0	
1.0	2853.05053711	406951.09375	-132.600006104	6978.0	0.0	-8.39999961853	32.2999992371	591.0	767.0	0.0	4.0	11021.7998047	3097.69995117	0.0	662.5	0.0	0.0	0.0	0.0	-3198408.0	-3198408.0	-3198408.0	-3198408.0	
1.0	2853.20092773	407247.09375	-136.600006104	6978.0	0.0	-5.40000009537	27.2999992371	539.0	753.0	0.0	14.0	10885.7998047	3087.69995117	0.0	690.5	0.0	0.0	0.0	0.0	-3068423.0	-3068423.0	-3068423.0	-3068423.0	
1.0	2853.35107422	406959.09375	-133.600006104	6981.0	0.0	-9.39999961853	26.2999992371	524.0	724.0	0.0	11.0	10893.7998047	3050.69995117	0.0	687.5	0.0	0.0	0.0	0.0	-3166358.0	-3166358.0	-3166358.0	-3166358.0	
1.0	2853.4987793	407192.09375	-137.600006104	6962.0	0.0	-9.39999961853	25.2999992371	563.0	799.0	0.0	3.0	10810.7998047	3075.69995117	0.0	653.5	0.0	0.0	0.0	0.0	-2681025.0	-2681025.0	-2681025.0	-2681025.0	
1.0	2853.64916992	407165.09375	-134.600006104	6975.0	0.0	-7.40000009537	22.2999992371	538.0	801.0	0.0	5.0	10935.7998047	3114.69995117	0.0	678.5	0.0	0.0	0.0	0.0	-2800385.0	-2800385.0	-2800385.0	-2800385.0	
1.0	2853.79956055	407042.09375	-134.600006104	6991.0	0.0	-7.40000009537	35.2999992371	541.0	716.0	0.0	8.0	10826.7998047	2955.69995117	0.0	685.5	0.0	0.0	0.0	0.0	-3189151.0	-3189151.0	-3189151.0	-3189151.0	
1.0	2853.94995117	406785.09375	-133.600006104	6982.0	0.0	-6.40000009537	42.2999992371	580.0	743.0	0.0	7.0	11079.7998047	3014.69995117	0.0	641.5	0.0	0.0	0.0	0.0	-2931249.0	-2931249.0	-2931249.0	-2931249.0	
1.0	2854.1003418	407041.09375	-133.600006104	6981.0	0.0	-7.40000009537	43.2999992371	536.0	775.0	0.0	7.0	10802.7998047	3045.69995117	0.0	639.5	0.0	0.0	0.0	0.0	-3143425.0	-3143425.0	-3143425.0	-3143425.0	
1.0	2854.25073242	406625.09375	-133.600006104	6976.0	0.0	-10.3999996185	44.2999992371	536.0	760.0	0.0	4.0	10530.7998047	3082.69995117	0.0	631.5	0.0	0.0	0.0	0.0	-2796625.0	-2796625.0	-2796625.0	-2796625.0	
1.0	2854.40112305	407169.09375	-155.600006104	6967.0	0.0	-15.3999996185	43.2999992371	606.0	767.0	0.0	7.0	11091.7998047	3088.69995117	0.0	625.5	0.0	0.0	0.0	0.0	-2587355.0	-2587355.0	-2587355.0	-2587355.0	
1.0	2854.54907227	406723.09375	-152.600006104	6987.0	0.0	-15.3999996185	44.2999992371	547.0	800.0	0.0	6.0	10766.7998047	3108.69995117	0.0	585.5	0.0	0.0	0.0	0.0	-2960138.0	-2960138.0	-2960138.0	-2960138.0	
1.0	2854.69946289	406824.09375	-141.600006104	6977.0	0.0	-18.3999996185	45.2999992371	562.0	771.0	0.0	7.0	11215.7998047	3033.69995117	0.0	671.5	0.0	0.0	0.0	0.0	-2750535.0	-2750535.0	-2750535.0	-2750535.0	
1.0	2854.85009766	406648.09375	-137.600006104	6977.0	0.0	-17.3999996185	39.2999992371	555.0	757.0	0.0	3.0	10851.7998047	3090.69995117	0.0	657.5	0.0	0.0	0.0	0.0	-3075843.0	-3075843.0	-3075843.0	-3075843.0	
1.0	2855.00048828	406616.09375	-136.600006104	6980.0	0.0	-15.3999996185	41.2999992371	589.0	738.0	0.0	6.0	10827.7998047	3048.69995117	0.0	623.5	0.0	0.0	0.0	0.0	-2849682.0	-2849682.0	-2849682.0	-2849682.0	
1.0	2855.49902344	406586.09375	-133.600006104	6971.0	0.0	-16.3999996185	41.2999992371	546.0	770.0	0.0	6.0	10939.7998047	3024.69995117	0.0	596.5	0.0	0.0	0.0	0.0	-2630812.0	-2630812.0	-2630812.0	-2630812.0	
1.0	2856.00048828	406438.09375	-136.600006104	6977.0	0.0	-13.3999996185	40.2999992371	540.0	755.0	0.0	8.0	11105.7998047	3012.69995117	0.0	659.5	0.0	0.0	0.0	0.0	-3150671.0	-3150671.0	-3150671.0	-3150671.0	
1.0	2856.49926758	406399.09375	-133.600006104	6976.0	0.0	-15.3999996185	50.2999992371	557.0	744.0	0.0	7.0	10725.7998047	3042.69995117	0.0	623.5	0.0	0.0	0.0	0.0	-2863831.0	-2863831.0	-2863831.0	-2863831.0	
1.0	2857.0012207	406715.09375	-130.600006104	7001.0	0.0	-15.3999996185	50.2999992371	541.0	755.0	0.0	7.0	11108.7998047	3089.69995117	0.0	686.5	0.0	0.0	0.0	0.0	-2528971.0	-2528971.0	-2528971.0	-2528971.0	
1.0	2857.50073242	406129.09375	-135.600006104	6984.0	0.0	-17.3999996185	49.2999992371	529.0	758.0	0.0	9.0	10769.7998047	3065.69995117	0.0	650.5	0.0	0.0	0.0	0.0	-2608203.0	-2608203.0	-2608203.0	-2608203.0	
1.0	2858.00048828	406470.09375	-136.600006104	6980.0	0.0	-11.3999996185	48.2999992371	576.0	725.0	0.0	8.0	11014.7998047	3067.69995117	0.0	648.5	0.0	0.0	0.0	0.0	-2767920.0	-2767920.0	-2767920.0	-2767920.0	
1.0	2858.50048828	406145.09375	-131.600006104	6968.0	0.0	-13.3999996185	53.2999992371	568.0	758.0	0.0	8.0	10824.7998047	3045.69995117	0.0	648.5	0.0	0.0	0.0	0.0	-3007516.0	-3007516.0	-3007516.0	-3007516.0	
1.0	2859.00073242	406015.09375	-134.600006104	6961.0	0.0	-13.3999996185	54.2999992371	533.0	738.0	0.0	7.0	10771.7998047	3033.69995117	0.0	653.5	0.0	0.0	0.0	0.0	-2754040.0	-2754040.0	-2754040.0	-2754040.0	
1.0	2859.4987793	405962.09375	-136.600006104	6973.0	0.0	-26.3999996185	44.2999992371	587.0	722.0	0.0	7.0	10781.7998047	3026.69995117	0.0	652.5	0.0	0.0	0.0	0.0	-3242506.0	-3242506.0	-3242506.0	-3242506.0	
1.0	2859.99951172	406001.09375	-135.600006104	6964.0	0.0	-13.3999996185	41.2999992371	529.0	728.0	0.0	4.0	11004.7998047	3001.69995117	0.0	655.5	0.0	0.0	0.0	0.0	-2762921.0	-2762921.0	-2762921.0	-2762921.0	
1.0	2860.50048828	405712.09375	-132.600006104	6980.0	0.0	-11.3999996185	40.2999992371	540.0	768.0	0.0	8.0	10871.7998047	3050.69995117	0.0	660.5	0.0	0.0	0.0	0.0	-3291946.0	-3291946.0	-3291946.0	-3291946.0	
1.0	2860.99926758	405791.09375	-133.600006104	6981.0	0.0	-12.3999996185	42.2999992371	566.0	745.0	0.0	8.0	11069.7998047	3032.69995117	0.0	727.5	0.0	0.0	0.0	0.0	-2599725.0	-2599725.0	-2599725.0	-2599725.0	
1.0	2861.50073242	405654.09375	-133.600006104	6961.0	0.0	-14.3999996185	51.2999992371	541.0	744.0	0.0	12.0	10844.7998047	3074.69995117	0.0	657.5	0.0	0.0	0.0	0.0	-2968338.0	-2968338.0	-2968338.0	-2968338.0	
1.0	2862.0	405577.09375	-134.600006104	6973.0	0.0	-11.3999996185	50.2999992371	548.0	755.0	0.0	4.0	10790.7998047	3098.69995117	0.0	653.5	0.0	0.0	0.0	0.0	-2842539.0	-2842539.0	-2842539.0	-2842539.0	
1.0	2862.49926758	405581.09375	-134.600006104	7016.0	0.0	-14.3999996185	53.2999992371	521.0	783.0	0.0	6.0	10733.7998047	3093.69995117	0.0	641.5	0.0	0.0	0.0	0.0	-2572399.0	-2572399.0	-2572399.0	-2572399.0	
1.0	2862.99902344	405619.09375	-134.600006104	6977.0	0.0	-14.3999996185	54.2999992371	591.0	739.0	0.0	7.0	11088.7998047	3040.69995117	0.0	643.5	0.0	0.0	0.0	0.0	-3154779.0	-3154779.0	-3154779.0	-3154779.0	
1.0	2863.49902344	405519.09375	-132.600006104	6981.0	0.0	-12.3999996185	52.2999992371	577.0	709.0	0.0	9.0	11053.7998047	3030.69995117	0.0	645.5	0.0	0.0	0.0	0.0	-2517377.0	-2517377.0	-2517377.0	-2517377.0	
1.0	2863.99926758	405526.09375	-133.600006104	6978.0	0.0	-14.3999996185	57.2999992371	535.0	778.0	0.0	6.0	10697.7998047	3142.69995117	0.0	606.5	0.0	0.0	0.0	0.0	-3401106.0	-3401106.0	-3401106.0	-3401106.0	
1.0	2864.49975586	405506.09375	-131.600006104	6971.0	0.0	-15.3999996185	51.2999992371	533.0	757.0	0.0	8.0	10654.7998047	3142.69995117	0.0	663.5	0.0	0.0	0.0	0.0	-2953458.0	-2953458.0	-2953458.0	-2953458.0	
1.0	2865.00048828	405284.09375	-139.600006104	6982.0	0.0	-13.3999996185	54.2999992371	510.0	749.0	0.0	15.0	10887.7998047	3060.69995117	0.0	643.5	0.0	0.0	0.0	0.0	-3118230.0	-3118230.0	-3118230.0	-3118230.0	
1.0	2865.4987793	405240.09375	-140.600006104	6984.0	0.0	-23.3999996185	56.2999992371	611.0	737.0	0.0	8.0	11195.7998047	3017.69995117	0.0	683.5	0.0	0.0	0.0	0.0	-2700109.0	-2700109.0	-2700109.0	-2700109.0	
1.0	2866.0	404945.09375	-137.600006104	6976.0	0.0	-16.3999996185	47.2999992371	561.0	764.0	0.0	2.0	11305.7998047	3118.69995117	0.0	678.5	0.0	0.0	0.0	0.0	-2493649.0	-2493649.0	-2493649.0	-2493649.0	
1.0	2866.4987793	404952.09375	-137.600006104	6971.0	0.0	-18.3999996185	46.2999992371	553.0	752.0	0.0	6.0	10886.7998047	3056.69995117	0.0	662.5	0.0	0.0	0.0	0.0	-3038804.0	-3038804.0	-3038804.0	-3038804.0	
1.0	2867.00048828	404859.09375	-137.600006104	6969.0	0.0	-17.3999996185	45.2999992371	571.0	741.0	0.0	6.0	11085.7998047	3121.69995117	0.0	665.5	0.0	0.0	0.0	0.0	-2551126.0	-2551126.0	-2551126.0	-2551126.0	
1.0	2867.5	404738.09375	-136.600006104	6990.0	0.0	-16.3999996185	46.2999992371	510.0	733.0	0.0	3.0	10769.7998047	3138.69995117	0.0	630.5	0.0	0.0	0.0	0.0	-2934569.0	-2934569.0	-2934569.0	-2934569.0	
1.0	2867.99951172	404828.09375	-139.600006104	6991.0	0.0	-18.3999996185	46.2999992371	586.0	762.0	0.0	8.0	10892.7998047	3069.69995117	0.0	634.5	0.0	0.0	0.0	0.0	-3061269.0	-3061269.0	-3061269.0	-3061269.0	
1.0	2868.49951172	404994.09375	-140.600006104	6980.0	0.0	-16.3999996185	45.2999992371	531.0	779.0	0.0	3.0	10829.7998047	3169.69995117	0.0	608.5	0.0	0.0	0.0	0.0	-3195847.0	-3195847.0	-3195847.0	-3195847.0	
1.0	2868.99951172	404420.09375	-138.600006104	6975.0	0.0	-16.3999996185	48.2999992371	547.0	756.0	0.0	3.0	11173.7998047	3151.69995117	0.0	647.5	0.0	0.0	0.0	0.0	-3141882.0	-3141882.0	-3141882.0	-3141882.0	
1.0	2869.5	404586.09375	-137.600006104	6965.0	0.0	-17.3999996185	44.2999992371	526.0	740.0	0.0	11.0	11115.7998047	3070.69995117	0.0	662.5	0.0	0.0	0.0	0.0	-2741986.0	-2741986.0	-2741986.0	-2741986.0	
1.0	2870.00048828	404448.09375	-134.600006104	6974.0	0.0	-27.3999996185	46.2999992371	522.0	755.0	0.0	10.0	10895.7998047	3103.69995117	0.0	683.5	0.0	0.0	0.0	0.0	-2600990.0	-2600990.0	-2600990.0	-2600990.0	
1.0	2870.99975586	404085.09375	-137.600006104	6976.0	0.0	-31.3999996185	45.2999992371	581.0	718.0	0.0	0.0	11162.7998047	3057.69995117	0.0	643.5	0.0	0.0	0.0	0.0	-2624370.0	-2624370.0	-2624370.0	-2624370.0	
1.0	2872.00024414	403963.09375	-136.600006104	6981.0	0.0	-30.3999996185	43.2999992371	541.0	762.0	0.0	8.0	11131.7998047	3068.69995117	0.0	629.5	0.0	0.0	0.0	0.0	-3137747.0	-3137747.0	-3137747.0	-3137747.0	
1.0	2872.99902344	403920.09375	-138.600006104	6961.0	0.0	-31.3999996185	31.2999992371	572.0	741.0	0.0	6.0	10990.7998047	3023.69995117	0.0	577.5	0.0	0.0	0.0	0.0	-2931802.0	-2931802.0	-2931802.0	-2931802.0	
1.0	2873.9987793	403830.09375	-141.600006104	6965.0	0.0	-34.4000015259	43.2999992371	583.0	806.0	0.0	3.0	11190.7998047	3189.69995117	0.0	660.5	0.0	0.0	0.0	0.0	-2822223.0	-2822223.0	-2822223.0	-2822223.0	
1.0	2874.99951172	404028.09375	-139.600006104	6980.0	0.0	-33.4000015259	48.2999992371	578.0	733.0	0.0	9.0	10922.7998047	3037.69995117	0.0	637.5	0.0	0.0	0.0	0.0	-3309763.0	-3309763.0	-3309763.0	-3309763.0	
1.0	2876.0012207	403647.09375	-140.600006104	6981.0	0.0	-27.3999996185	55.2999992371	603.0	733.0	0.0	6.0	11249.7998047	3054.69995117	0.0	645.5	0.0	0.0	0.0	0.0	-3032308.0	-3032308.0	-3032308.0	-3032308.0	
1.0	2876.9987793	403704.09375	-139.600006104	6982.0	0.0	-24.3999996185	51.2999992371	601.0	778.0	0.0	8.0	10997.7998047	3090.69995117	0.0	667.5	0.0	0.0	0.0	0.0	-3232294.0	-3232294.0	-3232294.0	-3232294.0	
1.0	2878.0	403430.09375	-135.600006104	6989.0	0.0	-25.3999996185	52.2999992371	549.0	797.0	0.0	9.0	10994.7998047	3173.69995117	0.0	645.5	0.0	0.0	0.0	0.0	-2977770.0	-2977770.0	-2977770.0	-2977770.0	
1.0	2878.99951172	403488.09375	-139.600006104	6978.0	0.0	-11.3999996185	59.2999992371	557.0	840.0	0.0	8.0	11095.7998047	3249.69995117	0.0	649.5	0.0	0.0	0.0	0.0	-2542533.0	-2542533.0	-2542533.0	-2542533.0	
1.0	2880.0	403055.09375	-135.600006104	6978.0	0.0	-10.3999996185	53.2999992371	628.0	884.0	0.0	6.0	11233.7998047	3227.69995117	0.0	674.5	0.0	0.0	0.0	0.0	-2544099.0	-2544099.0	-2544099.0	-2544099.0	
1.0	2880.9987793	403169.09375	-133.600006104	6989.0	0.0	-11.3999996185	51.2999992371	589.0	832.0	0.0	6.0	11333.7998047	3111.69995117	0.0	693.5	0.0	0.0	0.0	0.0	-2880733.0	-2880733.0	-2880733.0	-2880733.0	
1.0	2882.0012207	402951.09375	-133.600006104	6975.0	0.0	-13.3999996185	54.2999992371	645.0	851.0	0.0	4.0	11148.7998047	3246.69995117	0.0	654.5	0.0	0.0	0.0	0.0	-3217448.0	-3217448.0	-3217448.0	-3217448.0	
1.0	2882.99951172	402717.09375	-138.600006104	6973.0	0.0	-11.3999996185	51.2999992371	630.0	805.0	0.0	7.0	11050.7998047	3250.69995117	0.0	642.5	0.0	0.0	0.0	0.0	-2887402.0	-2887402.0	-2887402.0	-2887402.0	
1.0	2884.0012207	402769.09375	-137.600006104	6974.0	0.0	-8.39999961853	55.2999992371	611.0	858.0	0.0	2.0	11225.7998047	3273.69995117	0.0	621.5	0.0	0.0	0.0	0.0	-2628212.0	-2628212.0	-2628212.0	-2628212.0	
1.0	2884.9987793	402641.09375	-134.600006104	6965.0	0.0	-5.40000009537	49.2999992371	651.0	866.0	0.0	3.0	11180.7998047	3164.69995117	0.0	636.5	0.0	0.0	0.0	0.0	-3254240.0	-3254240.0	-3254240.0	-3254240.0	
1.0	2886.0	402452.09375	-139.600006104	6973.0	0.0	-6.40000009537	40.2999992371	595.0	852.0	0.0	5.0	11208.7998047	3177.69995117	0.0	742.5	0.0	0.0	0.0	0.0	-2779331.0	-2779331.0	-2779331.0	-2779331.0	
1.0	2886.99951172	402315.09375	-138.600006104	6974.0	0.0	-7.40000009537	50.2999992371	577.0	814.0	0.0	4.0	10968.7998047	3212.69995117	0.0	619.5	0.0	0.0	0.0	0.0	-3984261.0	-3984261.0	-3984261.0	-3984261.0	
1.0	2890.0012207	402058.09375	-140.600006104	6970.0	0.0	-5.40000009537	48.2999992371	570.0	790.0	0.0	6.0	11420.7998047	3096.69995117	0.0	642.5	0.0	0.0	0.0	0.0	-2791427.0	-2791427.0	-2791427.0	-2791427.0	
1.0	2893.0012207	401878.09375	-138.600006104	6972.0	0.0	-6.40000009537	51.2999992371	545.0	813.0	0.0	12.0	10966.7998047	3134.69995117	0.0	699.5	0.0	0.0	0.0	0.0	-3247097.0	-3247097.0	-3247097.0	-3247097.0	
1.0	2895.99926758	401534.09375	-139.600006104	6983.0	0.0	-6.40000009537	55.2999992371	548.0	805.0	0.0	4.0	11283.7998047	3120.69995117	0.0	651.5	0.0	0.0	0.0	0.0	-3830469.0	-3830469.0	-3830469.0	-3830469.0	
1.0	2899.00097656	401092.09375	-137.600006104	6981.0	0.0	-6.40000009537	55.2999992371	507.0	773.0	0.0	5.0	11073.7998047	3153.69995117	0.0	693.5	0.0	0.0	0.0	0.0	-2949485.0	-2949485.0	-2949485.0	-2949485.0	
1.0	2902.00073242	400784.09375	-137.600006104	6981.0	0.0	-13.3999996185	49.2999992371	563.0	787.0	0.0	0.0	11266.7998047	3097.69995117	0.0	663.5	0.0	0.0	0.0	0.0	-2861264.0	-2861264.0	-2861264.0	-2861264.0	
1.0	2905.0012207	400580.09375	-138.600006104	6977.0	0.0	-8.39999961853	50.2999992371	524.0	780.0	0.0	4.0	11179.7998047	3119.69995117	0.0	745.5	0.0	0.0	0.0	0.0	-2850075.0	-2850075.0	-2850075.0	-2850075.0	
