SSRL   MicroEXAFS Data Collector 2.0 
Thu Jul 04 10:24:32 2019
PTS:	205	COLS:	24
alexbox-4ch-xspress.det
RuL3_edge_cell.rgn
SSRL BEAMLINE
COMMENTS





S1VGAP: 0.800000	S1HGAP: 1.500000	TABLEHORZ: 6.000000	SAMPLEV: 41.000000	CALVERT: 4.100521	BPVRT: 46.052197	M1VERT: 6.983426	SAMPLEHOLD: 25.998010	S1HTRAN: 4.481500	

Weights:
 1.000	1.000	1.000	1.000	1.000	1.000	1.000	1.000	1.000	1.000	1.000	1.000	1.000	1.000	1.000	1.000	1.000	1.000	1.000	1.000	1.000	1.000	
Offsets:
 207.7	877.2	4819.6	0.0	125.3	562.6	0.0	0.0	0.0	0.0	0.1	2.1	0.0	1.0	0.0	0.0	0.0	0.0	79705487.8	79705487.8	79705487.8	79705487.8	
Data:
Real Time Clock
Requested Energy
I0   
I1   
I2   
I3   
MPFB1   
MPFB2   
FF1   
FF2   
FF3   
FF4   
ICR1   
ICR2   
ICR3   
ICR4   
SCA2.1   
SCA2.2   
SCA2.3   
SCA2.4   
TIME1   
TIME2   
TIME3   
TIME4   

1.0	2810.00097656	222080.296875	28.7999992371	1708.40002441	0.0	-11.3000001907	-1.60000002384	306.0	85.0	0.0	23.0	26194.9003906	8181.89990234	0.0	1406.0	0.0	0.0	0.0	0.0	-3335800.75	-3335800.75	-3335800.75	-3335800.75	
1.0	2810.99975586	222248.296875	31.7999992371	1697.40002441	0.0	-12.3000001907	-15.6000003815	312.0	79.0	0.0	28.0	26209.9003906	8307.90039062	0.0	1465.0	0.0	0.0	0.0	0.0	-2650956.75	-2650956.75	-2650956.75	-2650956.75	
1.0	2811.99951172	222239.296875	32.7999992371	1716.40002441	0.0	-9.30000019073	1.39999997616	306.0	90.0	0.0	14.0	25817.9003906	8226.90039062	0.0	1459.0	0.0	0.0	0.0	0.0	-2985962.75	-2985962.75	-2985962.75	-2985962.75	
1.0	2813.00024414	222269.296875	27.7999992371	1713.40002441	0.0	-10.3000001907	5.40000009537	345.0	83.0	0.0	12.0	25882.9003906	8314.90039062	0.0	1413.0	0.0	0.0	0.0	0.0	-2911800.75	-2911800.75	-2911800.75	-2911800.75	
1.0	2813.99951172	222215.296875	31.7999992371	1714.40002441	0.0	-10.3000001907	-11.6000003815	358.0	92.0	0.0	16.0	26165.9003906	8322.90039062	0.0	1508.0	0.0	0.0	0.0	0.0	-3280027.75	-3280027.75	-3280027.75	-3280027.75	
1.0	2815.0	222386.296875	31.7999992371	1715.40002441	0.0	-10.3000001907	-17.6000003815	345.0	91.0	0.0	17.0	26735.9003906	8355.90039062	0.0	1391.0	0.0	0.0	0.0	0.0	-3105508.75	-3105508.75	-3105508.75	-3105508.75	
1.0	2815.99902344	222332.296875	31.7999992371	1706.40002441	0.0	-11.3000001907	-19.6000003815	340.0	88.0	0.0	28.0	26246.9003906	8378.90039062	0.0	1407.0	0.0	0.0	0.0	0.0	-3020336.75	-3020336.75	-3020336.75	-3020336.75	
1.0	2816.99902344	222232.296875	32.7999992371	1728.40002441	0.0	-11.3000001907	-2.59999990463	333.0	102.0	0.0	16.0	25691.9003906	8378.90039062	0.0	1489.0	0.0	0.0	0.0	0.0	-3075452.75	-3075452.75	-3075452.75	-3075452.75	
1.0	2818.0	222330.296875	33.7999992371	1712.40002441	0.0	-11.3000001907	-0.600000023842	369.0	130.0	0.0	18.0	26447.9003906	8401.90039062	0.0	1480.0	0.0	0.0	0.0	0.0	-2895683.75	-2895683.75	-2895683.75	-2895683.75	
1.0	2818.99975586	222280.296875	32.7999992371	1723.40002441	0.0	-12.3000001907	-1.60000002384	493.0	151.0	0.0	27.0	27379.9003906	8914.90039062	0.0	1467.0	0.0	0.0	0.0	0.0	-2870446.75	-2870446.75	-2870446.75	-2870446.75	
1.0	2820.00048828	222422.296875	29.7999992371	1713.40002441	0.0	-13.3000001907	-2.59999990463	576.0	204.0	0.0	15.0	26605.9003906	8793.90039062	0.0	1429.0	0.0	0.0	0.0	0.0	-3327072.75	-3327072.75	-3327072.75	-3327072.75	
1.0	2820.99975586	222373.296875	32.7999992371	1708.40002441	0.0	-14.3000001907	-2.59999990463	659.0	212.0	0.0	18.0	27305.9003906	9179.90039062	0.0	1497.0	0.0	0.0	0.0	0.0	-3046917.75	-3046917.75	-3046917.75	-3046917.75	
1.0	2822.0	222372.296875	29.7999992371	1710.40002441	0.0	4.69999980927	-2.59999990463	792.0	310.0	0.0	19.0	27340.9003906	9417.90039062	0.0	1587.0	0.0	0.0	0.0	0.0	-3154231.75	-3154231.75	-3154231.75	-3154231.75	
1.0	2822.9987793	222303.296875	33.7999992371	1705.40002441	0.0	5.69999980927	-0.600000023842	1153.0	415.0	0.0	18.0	27876.9003906	10220.9003906	0.0	1475.0	0.0	0.0	0.0	0.0	-2795489.75	-2795489.75	-2795489.75	-2795489.75	
1.0	2824.0012207	222283.296875	31.7999992371	1692.40002441	0.0	4.69999980927	0.40000000596	1918.0	858.0	0.0	21.0	28578.9003906	12164.9003906	0.0	1437.0	0.0	0.0	0.0	0.0	-2963369.75	-2963369.75	-2963369.75	-2963369.75	
1.0	2824.99951172	222319.296875	37.7999992371	1739.40002441	0.0	2.70000004768	2.40000009537	2186.0	998.0	0.0	10.0	28805.9003906	12555.9003906	0.0	1486.0	0.0	0.0	0.0	0.0	-3251042.75	-3251042.75	-3251042.75	-3251042.75	
1.0	2825.99902344	222342.296875	35.7999992371	1731.40002441	0.0	3.70000004768	4.40000009537	2201.0	967.0	0.0	13.0	29295.9003906	12986.9003906	0.0	1583.0	0.0	0.0	0.0	0.0	-2561896.75	-2561896.75	-2561896.75	-2561896.75	
1.0	2826.99951172	222166.296875	37.7999992371	1719.40002441	0.0	4.69999980927	-1.60000002384	2216.0	1050.0	0.0	20.0	28748.9003906	13068.9003906	0.0	1564.0	0.0	0.0	0.0	0.0	-3074660.75	-3074660.75	-3074660.75	-3074660.75	
1.0	2828.0012207	222310.296875	35.7999992371	1714.40002441	0.0	6.69999980927	-17.6000003815	2236.0	993.0	0.0	23.0	29700.9003906	12870.9003906	0.0	1508.0	0.0	0.0	0.0	0.0	-2708018.75	-2708018.75	-2708018.75	-2708018.75	
1.0	2829.0012207	222264.296875	35.7999992371	1717.40002441	0.0	7.69999980927	-23.6000003815	1887.0	860.0	0.0	13.0	26852.9003906	11814.9003906	0.0	1525.0	0.0	0.0	0.0	0.0	-2504106.75	-2504106.75	-2504106.75	-2504106.75	
1.0	2829.99975586	222395.296875	37.7999992371	1713.40002441	0.0	6.69999980927	-20.6000003815	1370.0	671.0	0.0	19.0	21848.9003906	10301.9003906	0.0	1483.0	0.0	0.0	0.0	0.0	-2616375.75	-2616375.75	-2616375.75	-2616375.75	
1.0	2830.99951172	222438.296875	36.7999992371	1732.40002441	0.0	3.70000004768	-18.6000003815	1335.0	609.0	0.0	23.0	22998.9003906	11343.9003906	0.0	1441.0	0.0	0.0	0.0	0.0	-2490959.75	-2490959.75	-2490959.75	-2490959.75	
1.0	2832.00024414	222471.296875	38.7999992371	1719.40002441	0.0	3.70000004768	-27.6000003815	1267.0	705.0	0.0	10.0	23623.9003906	11648.9003906	0.0	1509.0	0.0	0.0	0.0	0.0	-2752904.75	-2752904.75	-2752904.75	-2752904.75	
1.0	2832.99926758	222533.296875	32.7999992371	1720.40002441	0.0	2.70000004768	-18.6000003815	1195.0	645.0	0.0	17.0	22663.9003906	11396.9003906	0.0	1476.0	0.0	0.0	0.0	0.0	-3779619.75	-3779619.75	-3779619.75	-3779619.75	
1.0	2833.99951172	222606.296875	33.7999992371	1739.40002441	0.0	3.70000004768	-16.6000003815	1306.0	643.0	0.0	15.0	23072.9003906	11435.9003906	0.0	1484.0	0.0	0.0	0.0	0.0	-2564282.75	-2564282.75	-2564282.75	-2564282.75	
1.0	2835.00073242	222607.296875	33.7999992371	1721.40002441	0.0	13.6999998093	-14.6000003815	1216.0	660.0	0.0	23.0	23054.9003906	11395.9003906	0.0	1517.0	0.0	0.0	0.0	0.0	-2740210.75	-2740210.75	-2740210.75	-2740210.75	
1.0	2836.00073242	222675.296875	34.7999992371	1727.40002441	0.0	13.6999998093	-15.6000003815	1244.0	685.0	0.0	17.0	22970.9003906	11380.9003906	0.0	1545.0	0.0	0.0	0.0	0.0	-2825044.75	-2825044.75	-2825044.75	-2825044.75	
1.0	2836.40039062	222633.296875	35.7999992371	1748.40002441	0.0	11.6999998093	-11.6000003815	1277.0	725.0	0.0	21.0	22927.9003906	11456.9003906	0.0	1454.0	0.0	0.0	0.0	0.0	-2679254.75	-2679254.75	-2679254.75	-2679254.75	
1.0	2836.55053711	222794.296875	32.7999992371	1727.40002441	0.0	14.6999998093	-11.6000003815	1348.0	729.0	0.0	18.0	22745.9003906	11452.9003906	0.0	1464.0	0.0	0.0	0.0	0.0	-3184611.75	-3184611.75	-3184611.75	-3184611.75	
1.0	2836.70092773	222674.296875	31.7999992371	1733.40002441	0.0	5.69999980927	-10.6000003815	1313.0	748.0	0.0	15.0	23017.9003906	11552.9003906	0.0	1581.0	0.0	0.0	0.0	0.0	-2698684.75	-2698684.75	-2698684.75	-2698684.75	
1.0	2836.85107422	222670.296875	31.7999992371	1722.40002441	0.0	6.69999980927	1.39999997616	1350.0	753.0	0.0	22.0	23322.9003906	11589.9003906	0.0	1575.0	0.0	0.0	0.0	0.0	-2894439.75	-2894439.75	-2894439.75	-2894439.75	
1.0	2836.9987793	222550.296875	35.7999992371	1742.40002441	0.0	6.69999980927	4.40000009537	1405.0	727.0	0.0	18.0	23207.9003906	11504.9003906	0.0	1431.0	0.0	0.0	0.0	0.0	-3271908.75	-3271908.75	-3271908.75	-3271908.75	
1.0	2837.14916992	222549.296875	31.7999992371	1731.40002441	0.0	5.69999980927	8.39999961853	1427.0	813.0	0.0	22.0	23287.9003906	11727.9003906	0.0	1567.0	0.0	0.0	0.0	0.0	-2672836.75	-2672836.75	-2672836.75	-2672836.75	
1.0	2837.29956055	222663.296875	33.7999992371	1736.40002441	0.0	3.70000004768	7.40000009537	1406.0	875.0	0.0	21.0	23056.9003906	11690.9003906	0.0	1557.0	0.0	0.0	0.0	0.0	-2687564.75	-2687564.75	-2687564.75	-2687564.75	
1.0	2837.44995117	222567.296875	36.7999992371	1751.40002441	0.0	-0.300000011921	6.40000009537	1393.0	890.0	0.0	22.0	23797.9003906	11830.9003906	0.0	1509.0	0.0	0.0	0.0	0.0	-3224641.75	-3224641.75	-3224641.75	-3224641.75	
1.0	2837.6003418	222649.296875	40.7999992371	1743.40002441	0.0	2.70000004768	4.40000009537	1486.0	922.0	0.0	13.0	23639.9003906	11613.9003906	0.0	1534.0	0.0	0.0	0.0	0.0	-2569697.75	-2569697.75	-2569697.75	-2569697.75	
1.0	2837.75073242	222632.296875	42.7999992371	1732.40002441	0.0	4.69999980927	3.40000009537	1544.0	935.0	0.0	9.0	23760.9003906	11955.9003906	0.0	1478.0	0.0	0.0	0.0	0.0	-3034563.75	-3034563.75	-3034563.75	-3034563.75	
1.0	2837.90136719	222521.296875	41.7999992371	1737.40002441	0.0	3.70000004768	4.40000009537	1511.0	979.0	0.0	18.0	23714.9003906	12022.9003906	0.0	1537.0	0.0	0.0	0.0	0.0	-3377684.75	-3377684.75	-3377684.75	-3377684.75	
1.0	2838.04907227	222591.296875	43.7999992371	1757.40002441	0.0	-5.30000019073	3.40000009537	1646.0	980.0	0.0	24.0	23867.9003906	12170.9003906	0.0	1519.0	0.0	0.0	0.0	0.0	-2826559.75	-2826559.75	-2826559.75	-2826559.75	
1.0	2838.19970703	222631.296875	35.7999992371	1729.40002441	0.0	-5.30000019073	3.40000009537	1646.0	1095.0	0.0	11.0	23717.9003906	12120.9003906	0.0	1464.0	0.0	0.0	0.0	0.0	-3243052.75	-3243052.75	-3243052.75	-3243052.75	
1.0	2838.35009766	222674.296875	31.7999992371	1754.40002441	0.0	-2.29999995232	4.40000009537	1663.0	1104.0	0.0	16.0	24679.9003906	12268.9003906	0.0	1541.0	0.0	0.0	0.0	0.0	-2606884.75	-2606884.75	-2606884.75	-2606884.75	
1.0	2838.50073242	222601.296875	35.7999992371	1741.40002441	0.0	-3.29999995232	4.40000009537	1641.0	1116.0	0.0	14.0	23983.9003906	12443.9003906	0.0	1446.0	0.0	0.0	0.0	0.0	-3028391.75	-3028391.75	-3028391.75	-3028391.75	
1.0	2838.64868164	222547.296875	35.7999992371	1738.40002441	0.0	-5.30000019073	3.40000009537	1624.0	1113.0	0.0	21.0	23841.9003906	12353.9003906	0.0	1540.0	0.0	0.0	0.0	0.0	-2653183.75	-2653183.75	-2653183.75	-2653183.75	
1.0	2838.79931641	222513.296875	37.7999992371	1739.40002441	0.0	3.70000004768	2.40000009537	1734.0	1170.0	0.0	7.0	24254.9003906	12507.9003906	0.0	1546.0	0.0	0.0	0.0	0.0	-2835921.75	-2835921.75	-2835921.75	-2835921.75	
1.0	2838.94995117	222479.296875	35.7999992371	1736.40002441	0.0	3.70000004768	2.40000009537	1747.0	1117.0	0.0	20.0	24347.9003906	12341.9003906	0.0	1446.0	0.0	0.0	0.0	0.0	-2703337.75	-2703337.75	-2703337.75	-2703337.75	
1.0	2839.10058594	222463.296875	36.7999992371	1717.40002441	0.0	3.70000004768	3.40000009537	1764.0	1155.0	0.0	18.0	24330.9003906	12643.9003906	0.0	1513.0	0.0	0.0	0.0	0.0	-2768260.75	-2768260.75	-2768260.75	-2768260.75	
1.0	2839.2487793	222547.296875	35.7999992371	1754.40002441	0.0	1.70000004768	3.40000009537	1800.0	1142.0	0.0	20.0	23567.9003906	12332.9003906	0.0	1526.0	0.0	0.0	0.0	0.0	-4008813.75	-4008813.75	-4008813.75	-4008813.75	
1.0	2839.39941406	222521.296875	33.7999992371	1758.40002441	0.0	4.69999980927	6.40000009537	1888.0	1261.0	0.0	17.0	24537.9003906	12692.9003906	0.0	1564.0	0.0	0.0	0.0	0.0	-2747337.75	-2747337.75	-2747337.75	-2747337.75	
1.0	2839.55004883	222571.296875	39.7999992371	1750.40002441	0.0	4.69999980927	7.40000009537	1864.0	1284.0	0.0	13.0	24479.9003906	12613.9003906	0.0	1536.0	0.0	0.0	0.0	0.0	-2553627.75	-2553627.75	-2553627.75	-2553627.75	
1.0	2839.70092773	222506.296875	34.7999992371	1749.40002441	0.0	3.70000004768	4.40000009537	1991.0	1316.0	0.0	17.0	24580.9003906	12567.9003906	0.0	1480.0	0.0	0.0	0.0	0.0	-3808636.75	-3808636.75	-3808636.75	-3808636.75	
1.0	2839.84912109	222576.296875	34.7999992371	1760.40002441	0.0	3.70000004768	10.3999996185	2316.0	1737.0	0.0	12.0	28123.9003906	14687.9003906	0.0	1502.0	0.0	0.0	0.0	0.0	-2735036.75	-2735036.75	-2735036.75	-2735036.75	
1.0	2840.0	222524.296875	38.7999992371	1744.40002441	0.0	6.69999980927	10.3999996185	2854.0	1876.0	0.0	11.0	30209.9003906	13744.9003906	0.0	1577.0	0.0	0.0	0.0	0.0	-3027803.75	-3027803.75	-3027803.75	-3027803.75	
1.0	2840.15063477	222558.296875	36.7999992371	1767.40002441	0.0	6.69999980927	11.3999996185	2826.0	2074.0	0.0	10.0	29855.9003906	14173.9003906	0.0	1462.0	0.0	0.0	0.0	0.0	-3589172.75	-3589172.75	-3589172.75	-3589172.75	
1.0	2840.29907227	222517.296875	33.7999992371	1737.40002441	0.0	4.69999980927	13.3999996185	3096.0	2274.0	0.0	17.0	30577.9003906	14462.9003906	0.0	1594.0	0.0	0.0	0.0	0.0	-2697731.75	-2697731.75	-2697731.75	-2697731.75	
1.0	2840.44970703	222426.296875	35.7999992371	1745.40002441	0.0	3.70000004768	11.3999996185	3351.0	2457.0	0.0	29.0	30943.9003906	14781.9003906	0.0	1625.0	0.0	0.0	0.0	0.0	-3177655.75	-3177655.75	-3177655.75	-3177655.75	
1.0	2840.60058594	222540.296875	32.7999992371	1779.40002441	0.0	4.69999980927	9.39999961853	3446.0	2655.0	0.0	18.0	30441.9003906	14932.9003906	0.0	1534.0	0.0	0.0	0.0	0.0	-3779281.75	-3779281.75	-3779281.75	-3779281.75	
1.0	2840.74902344	222453.296875	35.7999992371	1743.40002441	0.0	3.70000004768	12.3999996185	3661.0	2916.0	0.0	17.0	31239.9003906	15473.9003906	0.0	1578.0	0.0	0.0	0.0	0.0	-2778387.75	-2778387.75	-2778387.75	-2778387.75	
1.0	2840.89990234	222450.296875	35.7999992371	1750.40002441	0.0	3.70000004768	10.3999996185	3821.0	3012.0	0.0	13.0	31083.9003906	15842.9003906	0.0	1558.0	0.0	0.0	0.0	0.0	-2844388.75	-2844388.75	-2844388.75	-2844388.75	
1.0	2841.05102539	222464.296875	40.7999992371	1757.40002441	0.0	6.69999980927	3.40000009537	3901.0	3205.0	0.0	13.0	30979.9003906	15969.9003906	0.0	1470.0	0.0	0.0	0.0	0.0	-3090672.75	-3090672.75	-3090672.75	-3090672.75	
1.0	2841.19921875	222506.296875	40.7999992371	1747.40002441	0.0	11.6999998093	-2.59999990463	4226.0	3366.0	0.0	13.0	31940.9003906	16352.9003906	0.0	1474.0	0.0	0.0	0.0	0.0	-3106634.75	-3106634.75	-3106634.75	-3106634.75	
1.0	2841.3503418	222532.296875	37.7999992371	1739.40002441	0.0	11.6999998093	-0.600000023842	4128.0	3353.0	0.0	23.0	31341.9003906	16223.9003906	0.0	1585.0	0.0	0.0	0.0	0.0	-3191171.75	-3191171.75	-3191171.75	-3191171.75	
1.0	2841.4987793	222436.296875	40.7999992371	1742.40002441	0.0	-1.29999995232	1.39999997616	4180.0	3394.0	0.0	19.0	31448.9003906	16334.9003906	0.0	1464.0	0.0	0.0	0.0	0.0	-3275865.75	-3275865.75	-3275865.75	-3275865.75	
1.0	2841.64990234	222535.296875	40.7999992371	1746.40002441	0.0	-1.29999995232	-1.60000002384	4183.0	3396.0	0.0	21.0	31236.9003906	16186.9003906	0.0	1562.0	0.0	0.0	0.0	0.0	-3099015.75	-3099015.75	-3099015.75	-3099015.75	
1.0	2841.80078125	222503.296875	39.7999992371	1753.40002441	0.0	-2.29999995232	-1.60000002384	4066.0	3179.0	0.0	17.0	31189.9003906	16082.9003906	0.0	1523.0	0.0	0.0	0.0	0.0	-3247359.75	-3247359.75	-3247359.75	-3247359.75	
1.0	2841.94946289	222269.296875	37.7999992371	1752.40002441	0.0	-2.29999995232	-3.59999990463	3941.0	3039.0	0.0	11.0	31427.9003906	15803.9003906	0.0	1523.0	0.0	0.0	0.0	0.0	-3567765.75	-3567765.75	-3567765.75	-3567765.75	
1.0	2842.10058594	222514.296875	40.7999992371	1758.40002441	0.0	-10.3000001907	-9.60000038147	3822.0	3019.0	0.0	12.0	31983.9003906	15785.9003906	0.0	1502.0	0.0	0.0	0.0	0.0	-3052300.75	-3052300.75	-3052300.75	-3052300.75	
1.0	2842.24902344	222300.296875	38.7999992371	1752.40002441	0.0	-13.3000001907	-3.59999990463	3670.0	2866.0	0.0	21.0	31116.9003906	15405.9003906	0.0	1552.0	0.0	0.0	0.0	0.0	-3247523.75	-3247523.75	-3247523.75	-3247523.75	
1.0	2842.40014648	222291.296875	38.7999992371	1764.40002441	0.0	-22.2999992371	-2.59999990463	3321.0	2577.0	0.0	21.0	30359.9003906	15081.9003906	0.0	1544.0	0.0	0.0	0.0	0.0	-3766372.75	-3766372.75	-3766372.75	-3766372.75	
1.0	2842.54882812	222421.296875	38.7999992371	1741.40002441	0.0	-23.2999992371	-7.59999990463	3365.0	2495.0	0.0	14.0	31181.9003906	15087.9003906	0.0	1531.0	0.0	0.0	0.0	0.0	-2626606.75	-2626606.75	-2626606.75	-2626606.75	
1.0	2842.69995117	222292.296875	38.7999992371	1742.40002441	0.0	0.699999988079	-5.59999990463	3292.0	2363.0	0.0	14.0	31028.9003906	14500.9003906	0.0	1515.0	0.0	0.0	0.0	0.0	-2823214.75	-2823214.75	-2823214.75	-2823214.75	
1.0	2842.84863281	222954.296875	37.7999992371	1765.40002441	0.0	-2.29999995232	-4.59999990463	2965.0	2058.0	0.0	16.0	30599.9003906	14079.9003906	0.0	1512.0	0.0	0.0	0.0	0.0	-3424998.75	-3424998.75	-3424998.75	-3424998.75	
1.0	2843.0	223781.296875	37.7999992371	1746.40002441	0.0	-0.300000011921	-6.59999990463	2990.0	2134.0	0.0	24.0	31393.9003906	14434.9003906	0.0	1478.0	0.0	0.0	0.0	0.0	-2842852.75	-2842852.75	-2842852.75	-2842852.75	
1.0	2843.15136719	224576.296875	39.7999992371	1767.40002441	0.0	7.69999980927	-5.59999990463	2932.0	1927.0	0.0	19.0	31589.9003906	14174.9003906	0.0	1600.0	0.0	0.0	0.0	0.0	-3070623.75	-3070623.75	-3070623.75	-3070623.75	
1.0	2843.30004883	225272.296875	40.7999992371	1772.40002441	0.0	7.69999980927	-5.59999990463	2877.0	1878.0	0.0	14.0	30943.9003906	13797.9003906	0.0	1497.0	0.0	0.0	0.0	0.0	-3914206.75	-3914206.75	-3914206.75	-3914206.75	
1.0	2843.44873047	225012.296875	37.7999992371	1767.40002441	0.0	6.69999980927	5.40000009537	2814.0	1824.0	0.0	23.0	30736.9003906	14410.9003906	0.0	1553.0	0.0	0.0	0.0	0.0	-2516058.75	-2516058.75	-2516058.75	-2516058.75	
1.0	2843.60009766	225204.296875	36.7999992371	1759.40002441	0.0	2.70000004768	5.40000009537	2884.0	1814.0	0.0	19.0	31211.9003906	13953.9003906	0.0	1681.0	0.0	0.0	0.0	0.0	-3146531.75	-3146531.75	-3146531.75	-3146531.75	
1.0	2843.74902344	225321.296875	35.7999992371	1747.40002441	0.0	1.70000004768	9.39999961853	2756.0	1728.0	0.0	18.0	31108.9003906	13675.9003906	0.0	1632.0	0.0	0.0	0.0	0.0	-3738479.75	-3738479.75	-3738479.75	-3738479.75	
1.0	2843.90039062	225260.296875	34.7999992371	1769.40002441	0.0	4.69999980927	6.40000009537	2746.0	1633.0	0.0	19.0	31032.9003906	13628.9003906	0.0	1574.0	0.0	0.0	0.0	0.0	-3148152.75	-3148152.75	-3148152.75	-3148152.75	
1.0	2844.04907227	225208.296875	36.7999992371	1767.40002441	0.0	4.69999980927	8.39999961853	2577.0	1614.0	0.0	22.0	30882.9003906	13790.9003906	0.0	1661.0	0.0	0.0	0.0	0.0	-2601425.75	-2601425.75	-2601425.75	-2601425.75	
1.0	2844.20068359	225193.296875	37.7999992371	1775.40002441	0.0	5.69999980927	21.3999996185	2449.0	1608.0	0.0	11.0	30618.9003906	13764.9003906	0.0	1523.0	0.0	0.0	0.0	0.0	-3282658.75	-3282658.75	-3282658.75	-3282658.75	
1.0	2844.34936523	225263.296875	38.7999992371	1766.40002441	0.0	5.69999980927	21.3999996185	2493.0	1584.0	0.0	10.0	29994.9003906	13744.9003906	0.0	1571.0	0.0	0.0	0.0	0.0	-3021871.75	-3021871.75	-3021871.75	-3021871.75	
1.0	2844.50097656	225200.296875	38.7999992371	1767.40002441	0.0	3.70000004768	18.3999996185	2490.0	1394.0	0.0	20.0	30377.9003906	13631.9003906	0.0	1569.0	0.0	0.0	0.0	0.0	-2992445.75	-2992445.75	-2992445.75	-2992445.75	
1.0	2844.64990234	225214.296875	36.7999992371	1781.40002441	0.0	-1.29999995232	19.3999996185	2534.0	1421.0	0.0	17.0	31166.9003906	13317.9003906	0.0	1550.0	0.0	0.0	0.0	0.0	-3319724.75	-3319724.75	-3319724.75	-3319724.75	
1.0	2844.79882812	225189.296875	36.7999992371	1748.40002441	0.0	-0.300000011921	19.3999996185	2488.0	1411.0	0.0	17.0	30810.9003906	13686.9003906	0.0	1581.0	0.0	0.0	0.0	0.0	-2503808.75	-2503808.75	-2503808.75	-2503808.75	
1.0	2844.95043945	225108.296875	35.7999992371	1778.40002441	0.0	-3.29999995232	18.3999996185	2429.0	1341.0	0.0	11.0	30702.9003906	13201.9003906	0.0	1534.0	0.0	0.0	0.0	0.0	-2837151.75	-2837151.75	-2837151.75	-2837151.75	
1.0	2845.09936523	225106.296875	41.7999992371	1736.40002441	0.0	-3.29999995232	17.3999996185	2332.0	1346.0	0.0	21.0	30852.9003906	13392.9003906	0.0	1566.0	0.0	0.0	0.0	0.0	-3777239.75	-3777239.75	-3777239.75	-3777239.75	
1.0	2845.25097656	225157.296875	39.7999992371	1752.40002441	0.0	-0.300000011921	6.40000009537	2384.0	1371.0	0.0	20.0	30427.9003906	13295.9003906	0.0	1559.0	0.0	0.0	0.0	0.0	-3152410.75	-3152410.75	-3152410.75	-3152410.75	
1.0	2845.40014648	225078.296875	46.7999992371	1742.40002441	0.0	-1.29999995232	9.39999961853	2330.0	1281.0	0.0	21.0	30752.9003906	13230.9003906	0.0	1594.0	0.0	0.0	0.0	0.0	-2862741.75	-2862741.75	-2862741.75	-2862741.75	
1.0	2845.54907227	225114.296875	45.7999992371	1775.40002441	0.0	-3.29999995232	-14.6000003815	2238.0	1292.0	0.0	22.0	30651.9003906	12959.9003906	0.0	1570.0	0.0	0.0	0.0	0.0	-3657472.75	-3657472.75	-3657472.75	-3657472.75	
1.0	2845.70092773	225065.296875	47.7999992371	1749.40002441	0.0	-0.300000011921	-19.6000003815	2266.0	1279.0	0.0	14.0	31127.9003906	13301.9003906	0.0	1559.0	0.0	0.0	0.0	0.0	-2936553.75	-2936553.75	-2936553.75	-2936553.75	
1.0	2845.85009766	225062.296875	48.7999992371	1746.40002441	0.0	-0.300000011921	-20.6000003815	2365.0	1198.0	0.0	21.0	31021.9003906	13349.9003906	0.0	1656.0	0.0	0.0	0.0	0.0	-2566526.75	-2566526.75	-2566526.75	-2566526.75	
1.0	2845.99902344	224980.296875	48.7999992371	1758.40002441	0.0	0.699999988079	-19.6000003815	2253.0	1210.0	0.0	14.0	30444.9003906	13267.9003906	0.0	1567.0	0.0	0.0	0.0	0.0	-2990752.75	-2990752.75	-2990752.75	-2990752.75	
1.0	2846.15087891	224957.296875	47.7999992371	1759.40002441	0.0	1.70000004768	-21.6000003815	2346.0	1264.0	0.0	17.0	31172.9003906	13213.9003906	0.0	1608.0	0.0	0.0	0.0	0.0	-2512348.75	-2512348.75	-2512348.75	-2512348.75	
1.0	2846.30004883	225096.296875	47.7999992371	1765.40002441	0.0	1.70000004768	-19.6000003815	2375.0	1227.0	0.0	17.0	31272.9003906	13138.9003906	0.0	1463.0	0.0	0.0	0.0	0.0	-2836092.75	-2836092.75	-2836092.75	-2836092.75	
1.0	2846.44921875	224995.296875	46.7999992371	1753.40002441	0.0	2.70000004768	-18.6000003815	2222.0	1141.0	0.0	14.0	30653.9003906	12953.9003906	0.0	1551.0	0.0	0.0	0.0	0.0	-3452753.75	-3452753.75	-3452753.75	-3452753.75	
1.0	2846.60107422	225157.296875	46.7999992371	1770.40002441	0.0	-1.29999995232	-20.6000003815	2180.0	1189.0	0.0	15.0	31116.9003906	13096.9003906	0.0	1551.0	0.0	0.0	0.0	0.0	-2788947.75	-2788947.75	-2788947.75	-2788947.75	
1.0	2846.75024414	225149.296875	44.7999992371	1771.40002441	0.0	-15.3000001907	-18.6000003815	2191.0	1145.0	0.0	22.0	31181.9003906	12959.9003906	0.0	1526.0	0.0	0.0	0.0	0.0	-2985485.75	-2985485.75	-2985485.75	-2985485.75	
1.0	2846.8996582	224898.296875	47.7999992371	1760.40002441	0.0	-19.2999992371	-18.6000003815	2247.0	1177.0	0.0	11.0	30854.9003906	12985.9003906	0.0	1605.0	0.0	0.0	0.0	0.0	-3400542.75	-3400542.75	-3400542.75	-3400542.75	
1.0	2847.04907227	224810.296875	42.7999992371	1743.40002441	0.0	-12.3000001907	-22.6000003815	2228.0	1186.0	0.0	17.0	30817.9003906	13280.9003906	0.0	1695.0	0.0	0.0	0.0	0.0	-2761254.75	-2761254.75	-2761254.75	-2761254.75	
1.0	2847.20092773	225043.296875	43.7999992371	1772.40002441	0.0	-24.2999992371	-10.6000003815	2248.0	1186.0	0.0	25.0	31258.9003906	12915.9003906	0.0	1519.0	0.0	0.0	0.0	0.0	-2885179.75	-2885179.75	-2885179.75	-2885179.75	
1.0	2847.3503418	225085.296875	42.7999992371	1770.40002441	0.0	-19.2999992371	-9.60000038147	2244.0	1155.0	0.0	17.0	31275.9003906	12918.9003906	0.0	1498.0	0.0	0.0	0.0	0.0	-3229162.75	-3229162.75	-3229162.75	-3229162.75	
1.0	2847.49951172	225014.296875	46.7999992371	1755.40002441	0.0	-5.30000019073	-7.59999990463	2269.0	1193.0	0.0	13.0	30843.9003906	13248.9003906	0.0	1535.0	0.0	0.0	0.0	0.0	-2816178.75	-2816178.75	-2816178.75	-2816178.75	
1.0	2847.64892578	224938.296875	41.7999992371	1760.40002441	0.0	-6.30000019073	-8.60000038147	2238.0	1155.0	0.0	12.0	30791.9003906	12969.9003906	0.0	1572.0	0.0	0.0	0.0	0.0	-2851012.75	-2851012.75	-2851012.75	-2851012.75	
1.0	2847.80102539	224931.296875	45.7999992371	1765.40002441	0.0	-13.3000001907	-5.59999990463	2230.0	1202.0	0.0	26.0	30673.9003906	13026.9003906	0.0	1585.0	0.0	0.0	0.0	0.0	-2993952.75	-2993952.75	-2993952.75	-2993952.75	
1.0	2847.95043945	224919.296875	44.7999992371	1754.40002441	0.0	-15.3000001907	-8.60000038147	2255.0	1140.0	0.0	11.0	31056.9003906	12896.9003906	0.0	1613.0	0.0	0.0	0.0	0.0	-2881790.75	-2881790.75	-2881790.75	-2881790.75	
1.0	2848.09985352	224899.296875	44.7999992371	1767.40002441	0.0	-13.3000001907	-7.59999990463	2326.0	1122.0	0.0	10.0	30728.9003906	12798.9003906	0.0	1611.0	0.0	0.0	0.0	0.0	-3125607.75	-3125607.75	-3125607.75	-3125607.75	
1.0	2848.24951172	224891.296875	44.7999992371	1762.40002441	0.0	-15.3000001907	-6.59999990463	2223.0	1120.0	0.0	20.0	31064.9003906	12925.9003906	0.0	1523.0	0.0	0.0	0.0	0.0	-3322005.75	-3322005.75	-3322005.75	-3322005.75	
1.0	2848.39892578	224759.296875	45.7999992371	1754.40002441	0.0	-13.3000001907	-8.60000038147	2273.0	1172.0	0.0	17.0	31292.9003906	12996.9003906	0.0	1615.0	0.0	0.0	0.0	0.0	-2751268.75	-2751268.75	-2751268.75	-2751268.75	
1.0	2848.55102539	224848.296875	43.7999992371	1765.40002441	0.0	-11.3000001907	-6.59999990463	2146.0	1105.0	0.0	23.0	31118.9003906	12848.9003906	0.0	1503.0	0.0	0.0	0.0	0.0	-3229499.75	-3229499.75	-3229499.75	-3229499.75	
1.0	2848.70068359	224846.296875	42.7999992371	1771.40002441	0.0	-12.3000001907	-6.59999990463	2196.0	1139.0	0.0	16.0	30844.9003906	12968.9003906	0.0	1530.0	0.0	0.0	0.0	0.0	-3119449.75	-3119449.75	-3119449.75	-3119449.75	
1.0	2848.85009766	224909.296875	43.7999992371	1778.40002441	0.0	-10.3000001907	10.3999996185	2235.0	1206.0	0.0	11.0	30817.9003906	13036.9003906	0.0	1521.0	0.0	0.0	0.0	0.0	-2932546.75	-2932546.75	-2932546.75	-2932546.75	
1.0	2848.99975586	224704.296875	43.7999992371	1768.40002441	0.0	-8.30000019073	14.3999996185	2195.0	1214.0	0.0	12.0	30309.9003906	13107.9003906	0.0	1523.0	0.0	0.0	0.0	0.0	-3192844.75	-3192844.75	-3192844.75	-3192844.75	
1.0	2849.14941406	224798.296875	46.7999992371	1770.40002441	0.0	-9.30000019073	15.3999996185	2267.0	1142.0	0.0	20.0	30588.9003906	12909.9003906	0.0	1653.0	0.0	0.0	0.0	0.0	-3429233.75	-3429233.75	-3429233.75	-3429233.75	
1.0	2849.29907227	224796.296875	40.7999992371	1776.40002441	0.0	-12.3000001907	15.3999996185	2260.0	1230.0	0.0	16.0	31164.9003906	13132.9003906	0.0	1539.0	0.0	0.0	0.0	0.0	-3147964.75	-3147964.75	-3147964.75	-3147964.75	
1.0	2849.44873047	224803.296875	44.7999992371	1751.40002441	0.0	-6.30000019073	11.3999996185	2182.0	1208.0	0.0	15.0	30571.9003906	13305.9003906	0.0	1532.0	0.0	0.0	0.0	0.0	-3232281.75	-3232281.75	-3232281.75	-3232281.75	
1.0	2849.60107422	224798.296875	44.7999992371	1756.40002441	0.0	-7.30000019073	11.3999996185	2189.0	1219.0	0.0	19.0	30765.9003906	13034.9003906	0.0	1550.0	0.0	0.0	0.0	0.0	-3476401.75	-3476401.75	-3476401.75	-3476401.75	
1.0	2849.75073242	224719.296875	43.7999992371	1762.40002441	0.0	-11.3000001907	-8.60000038147	2285.0	1262.0	0.0	11.0	31128.9003906	13118.9003906	0.0	1551.0	0.0	0.0	0.0	0.0	-3169700.75	-3169700.75	-3169700.75	-3169700.75	
1.0	2849.90063477	224832.296875	42.7999992371	1770.40002441	0.0	-11.3000001907	-3.59999990463	2243.0	1166.0	0.0	21.0	30979.9003906	13225.9003906	0.0	1570.0	0.0	0.0	0.0	0.0	-3009555.75	-3009555.75	-3009555.75	-3009555.75	
1.0	2850.05029297	224699.296875	49.7999992371	1751.40002441	0.0	-10.3000001907	9.39999961853	2329.0	1174.0	0.0	19.0	30722.9003906	12994.9003906	0.0	1510.0	0.0	0.0	0.0	0.0	-3674840.75	-3674840.75	-3674840.75	-3674840.75	
1.0	2850.20019531	224713.296875	48.7999992371	1756.40002441	0.0	-15.3000001907	7.40000009537	2231.0	1203.0	0.0	18.0	30684.9003906	13088.9003906	0.0	1512.0	0.0	0.0	0.0	0.0	-2963142.75	-2963142.75	-2963142.75	-2963142.75	
1.0	2850.34985352	224750.296875	46.7999992371	1770.40002441	0.0	-13.3000001907	11.3999996185	2256.0	1217.0	0.0	20.0	31047.9003906	13233.9003906	0.0	1609.0	0.0	0.0	0.0	0.0	-3151747.75	-3151747.75	-3151747.75	-3151747.75	
1.0	2850.49975586	224733.296875	48.7999992371	1757.40002441	0.0	-13.3000001907	10.3999996185	2253.0	1234.0	0.0	19.0	30525.9003906	13129.9003906	0.0	1551.0	0.0	0.0	0.0	0.0	-3792051.75	-3792051.75	-3792051.75	-3792051.75	
1.0	2850.6496582	224743.296875	48.7999992371	1752.40002441	0.0	-14.3000001907	10.3999996185	2380.0	1228.0	0.0	11.0	31500.9003906	13294.9003906	0.0	1579.0	0.0	0.0	0.0	0.0	-2690680.75	-2690680.75	-2690680.75	-2690680.75	
1.0	2850.79956055	224627.296875	47.7999992371	1762.40002441	0.0	-16.2999992371	8.39999961853	2356.0	1222.0	0.0	17.0	31089.9003906	13242.9003906	0.0	1588.0	0.0	0.0	0.0	0.0	-2773212.75	-2773212.75	-2773212.75	-2773212.75	
1.0	2850.94946289	224696.296875	47.7999992371	1772.40002441	0.0	-11.3000001907	9.39999961853	2299.0	1222.0	0.0	14.0	30844.9003906	13325.9003906	0.0	1561.0	0.0	0.0	0.0	0.0	-3109108.75	-3109108.75	-3109108.75	-3109108.75	
1.0	2851.09936523	224735.296875	44.7999992371	1756.40002441	0.0	-12.3000001907	9.39999961853	2280.0	1248.0	0.0	15.0	30628.9003906	13397.9003906	0.0	1519.0	0.0	0.0	0.0	0.0	-2711368.75	-2711368.75	-2711368.75	-2711368.75	
1.0	2851.24926758	224648.296875	46.7999992371	1754.40002441	0.0	-13.3000001907	1.39999997616	2346.0	1294.0	0.0	13.0	31340.9003906	13219.9003906	0.0	1588.0	0.0	0.0	0.0	0.0	-2925267.75	-2925267.75	-2925267.75	-2925267.75	
1.0	2851.39941406	224562.296875	34.7999992371	1765.40002441	0.0	-15.3000001907	11.3999996185	2346.0	1234.0	0.0	20.0	30773.9003906	13073.9003906	0.0	1552.0	0.0	0.0	0.0	0.0	-3292901.75	-3292901.75	-3292901.75	-3292901.75	
1.0	2851.54931641	224693.296875	37.7999992371	1760.40002441	0.0	-13.3000001907	21.3999996185	2272.0	1275.0	0.0	21.0	31664.9003906	13286.9003906	0.0	1630.0	0.0	0.0	0.0	0.0	-2701082.75	-2701082.75	-2701082.75	-2701082.75	
1.0	2851.69946289	224677.296875	34.7999992371	1752.40002441	0.0	-13.3000001907	13.3999996185	2320.0	1322.0	0.0	18.0	31481.9003906	13213.9003906	0.0	1545.0	0.0	0.0	0.0	0.0	-2575465.75	-2575465.75	-2575465.75	-2575465.75	
1.0	2851.84936523	224650.296875	36.7999992371	1749.40002441	0.0	-12.3000001907	14.3999996185	2342.0	1226.0	0.0	20.0	31321.9003906	13394.9003906	0.0	1579.0	0.0	0.0	0.0	0.0	-2919845.75	-2919845.75	-2919845.75	-2919845.75	
1.0	2851.99951172	224684.296875	35.7999992371	1759.40002441	0.0	-13.3000001907	14.3999996185	2273.0	1283.0	0.0	19.0	31086.9003906	13267.9003906	0.0	1610.0	0.0	0.0	0.0	0.0	-3176898.75	-3176898.75	-3176898.75	-3176898.75	
1.0	2852.1496582	224714.296875	35.7999992371	1790.40002441	0.0	-15.3000001907	13.3999996185	2327.0	1285.0	0.0	23.0	31559.9003906	13260.9003906	0.0	1558.0	0.0	0.0	0.0	0.0	-2806938.75	-2806938.75	-2806938.75	-2806938.75	
1.0	2852.29956055	224700.296875	37.7999992371	1768.40002441	0.0	-23.2999992371	13.3999996185	2157.0	1273.0	0.0	12.0	30469.9003906	13255.9003906	0.0	1580.0	0.0	0.0	0.0	0.0	-3004285.75	-3004285.75	-3004285.75	-3004285.75	
1.0	2852.44970703	224614.296875	39.7999992371	1769.40002441	0.0	-20.2999992371	12.3999996185	2262.0	1246.0	0.0	12.0	31312.9003906	13414.9003906	0.0	1553.0	0.0	0.0	0.0	0.0	-2525542.75	-2525542.75	-2525542.75	-2525542.75	
1.0	2852.60009766	224548.296875	37.7999992371	1753.40002441	0.0	-18.2999992371	15.3999996185	2198.0	1240.0	0.0	7.0	31120.9003906	13228.9003906	0.0	1565.0	0.0	0.0	0.0	0.0	-3262884.75	-3262884.75	-3262884.75	-3262884.75	
1.0	2852.75024414	224499.296875	37.7999992371	1773.40002441	0.0	-19.2999992371	14.3999996185	2239.0	1231.0	0.0	25.0	31307.9003906	13075.9003906	0.0	1527.0	0.0	0.0	0.0	0.0	-3395325.75	-3395325.75	-3395325.75	-3395325.75	
1.0	2852.90039062	224600.296875	34.7999992371	1767.40002441	0.0	-19.2999992371	13.3999996185	2352.0	1272.0	0.0	19.0	31912.9003906	13319.9003906	0.0	1541.0	0.0	0.0	0.0	0.0	-3073165.75	-3073165.75	-3073165.75	-3073165.75	
1.0	2853.05053711	224489.296875	37.7999992371	1774.40002441	0.0	-18.2999992371	14.3999996185	2333.0	1273.0	0.0	15.0	31213.9003906	13205.9003906	0.0	1547.0	0.0	0.0	0.0	0.0	-2888340.75	-2888340.75	-2888340.75	-2888340.75	
1.0	2853.20092773	224647.296875	34.7999992371	1769.40002441	0.0	-18.2999992371	12.3999996185	2178.0	1265.0	0.0	15.0	30937.9003906	13191.9003906	0.0	1600.0	0.0	0.0	0.0	0.0	-3221447.75	-3221447.75	-3221447.75	-3221447.75	
1.0	2853.35107422	224613.296875	35.7999992371	1762.40002441	0.0	-11.3000001907	14.3999996185	2224.0	1198.0	0.0	20.0	31021.9003906	13294.9003906	0.0	1506.0	0.0	0.0	0.0	0.0	-2842864.75	-2842864.75	-2842864.75	-2842864.75	
1.0	2853.4987793	224470.296875	36.7999992371	1774.40002441	0.0	-16.2999992371	9.39999961853	2307.0	1252.0	0.0	15.0	31507.9003906	13353.9003906	0.0	1597.0	0.0	0.0	0.0	0.0	-3006255.75	-3006255.75	-3006255.75	-3006255.75	
1.0	2853.64916992	224582.296875	34.7999992371	1754.40002441	0.0	-19.2999992371	11.3999996185	2255.0	1203.0	0.0	17.0	30963.9003906	12975.9003906	0.0	1606.0	0.0	0.0	0.0	0.0	-3411488.75	-3411488.75	-3411488.75	-3411488.75	
1.0	2853.79956055	224613.296875	32.7999992371	1765.40002441	0.0	-21.2999992371	11.3999996185	2334.0	1176.0	0.0	15.0	31710.9003906	13146.9003906	0.0	1558.0	0.0	0.0	0.0	0.0	-3056826.75	-3056826.75	-3056826.75	-3056826.75	
1.0	2853.94995117	224577.296875	32.7999992371	1757.40002441	0.0	-18.2999992371	2.40000009537	2264.0	1244.0	0.0	14.0	31206.9003906	13480.9003906	0.0	1597.0	0.0	0.0	0.0	0.0	-2807467.75	-2807467.75	-2807467.75	-2807467.75	
1.0	2854.1003418	224616.296875	35.7999992371	1755.40002441	0.0	-20.2999992371	1.39999997616	2304.0	1218.0	0.0	19.0	31173.9003906	13360.9003906	0.0	1659.0	0.0	0.0	0.0	0.0	-3058849.75	-3058849.75	-3058849.75	-3058849.75	
1.0	2854.25073242	224450.296875	33.7999992371	1763.40002441	0.0	-17.2999992371	1.39999997616	2182.0	1112.0	0.0	20.0	30836.9003906	13467.9003906	0.0	1579.0	0.0	0.0	0.0	0.0	-2696424.75	-2696424.75	-2696424.75	-2696424.75	
1.0	2854.40112305	224408.296875	36.7999992371	1745.40002441	0.0	-10.3000001907	1.39999997616	2164.0	1151.0	0.0	14.0	31294.9003906	13323.9003906	0.0	1589.0	0.0	0.0	0.0	0.0	-3118317.75	-3118317.75	-3118317.75	-3118317.75	
1.0	2854.54907227	224538.296875	37.7999992371	1752.40002441	0.0	-2.29999995232	-0.600000023842	2278.0	1127.0	0.0	18.0	31748.9003906	13130.9003906	0.0	1602.0	0.0	0.0	0.0	0.0	-2928033.75	-2928033.75	-2928033.75	-2928033.75	
1.0	2854.69946289	224583.296875	37.7999992371	1789.40002441	0.0	-2.29999995232	2.40000009537	2254.0	1280.0	0.0	18.0	30713.9003906	13302.9003906	0.0	1603.0	0.0	0.0	0.0	0.0	-3235303.75	-3235303.75	-3235303.75	-3235303.75	
1.0	2854.85009766	224509.296875	38.7999992371	1772.40002441	0.0	-3.29999995232	-2.59999990463	2266.0	1171.0	0.0	13.0	31258.9003906	13205.9003906	0.0	1624.0	0.0	0.0	0.0	0.0	-3103934.75	-3103934.75	-3103934.75	-3103934.75	
1.0	2855.00048828	224567.296875	33.7999992371	1773.40002441	0.0	0.699999988079	0.40000000596	2244.0	1230.0	0.0	16.0	30989.9003906	13186.9003906	0.0	1569.0	0.0	0.0	0.0	0.0	-2849446.75	-2849446.75	-2849446.75	-2849446.75	
1.0	2855.49902344	224509.296875	34.7999992371	1773.40002441	0.0	-3.29999995232	0.40000000596	2227.0	1160.0	0.0	20.0	30892.9003906	13278.9003906	0.0	1632.0	0.0	0.0	0.0	0.0	-3056151.75	-3056151.75	-3056151.75	-3056151.75	
1.0	2856.00048828	224564.296875	39.7999992371	1757.40002441	0.0	0.699999988079	0.40000000596	2221.0	1163.0	0.0	22.0	31218.9003906	13266.9003906	0.0	1547.0	0.0	0.0	0.0	0.0	-2549121.75	-2549121.75	-2549121.75	-2549121.75	
1.0	2856.49926758	224503.296875	38.7999992371	1774.40002441	0.0	-1.29999995232	-3.59999990463	2163.0	1227.0	0.0	16.0	31315.9003906	13201.9003906	0.0	1584.0	0.0	0.0	0.0	0.0	-2600940.75	-2600940.75	-2600940.75	-2600940.75	
1.0	2857.0012207	224466.296875	35.7999992371	1760.40002441	0.0	-1.29999995232	-0.600000023842	2194.0	1162.0	0.0	13.0	31332.9003906	13139.9003906	0.0	1538.0	0.0	0.0	0.0	0.0	-3308124.75	-3308124.75	-3308124.75	-3308124.75	
1.0	2857.50073242	224455.296875	36.7999992371	1744.40002441	0.0	1.70000004768	1.39999997616	2237.0	1178.0	0.0	8.0	31544.9003906	13353.9003906	0.0	1615.0	0.0	0.0	0.0	0.0	-2731625.75	-2731625.75	-2731625.75	-2731625.75	
1.0	2858.00048828	224375.296875	35.7999992371	1773.40002441	0.0	-1.29999995232	2.40000009537	2277.0	1228.0	0.0	14.0	31317.9003906	13371.9003906	0.0	1605.0	0.0	0.0	0.0	0.0	-2556907.75	-2556907.75	-2556907.75	-2556907.75	
1.0	2858.50048828	224469.296875	35.7999992371	1766.40002441	0.0	-0.300000011921	1.39999997616	2176.0	1143.0	0.0	13.0	31220.9003906	12989.9003906	0.0	1598.0	0.0	0.0	0.0	0.0	-3304627.75	-3304627.75	-3304627.75	-3304627.75	
1.0	2859.00073242	224462.296875	35.7999992371	1762.40002441	0.0	1.70000004768	3.40000009537	2239.0	1182.0	0.0	10.0	31408.9003906	13398.9003906	0.0	1558.0	0.0	0.0	0.0	0.0	-2872498.75	-2872498.75	-2872498.75	-2872498.75	
1.0	2859.4987793	224622.296875	29.7999992371	1772.40002441	0.0	1.70000004768	5.40000009537	2218.0	1180.0	0.0	14.0	31704.9003906	13195.9003906	0.0	1583.0	0.0	0.0	0.0	0.0	-3111876.75	-3111876.75	-3111876.75	-3111876.75	
1.0	2859.99951172	224528.296875	32.7999992371	1754.40002441	0.0	0.699999988079	3.40000009537	2252.0	1158.0	0.0	12.0	31844.9003906	13419.9003906	0.0	1577.0	0.0	0.0	0.0	0.0	-2665346.75	-2665346.75	-2665346.75	-2665346.75	
1.0	2860.50048828	224362.296875	31.7999992371	1765.40002441	0.0	-1.29999995232	3.40000009537	2303.0	1205.0	0.0	18.0	31863.9003906	13240.9003906	0.0	1567.0	0.0	0.0	0.0	0.0	-3278518.75	-3278518.75	-3278518.75	-3278518.75	
1.0	2860.99926758	224478.296875	34.7999992371	1772.40002441	0.0	-1.29999995232	1.39999997616	2180.0	1133.0	0.0	13.0	31770.9003906	13363.9003906	0.0	1570.0	0.0	0.0	0.0	0.0	-2796088.75	-2796088.75	-2796088.75	-2796088.75	
1.0	2861.50073242	224561.296875	36.7999992371	1773.40002441	0.0	-0.300000011921	-11.6000003815	2255.0	1135.0	0.0	17.0	31140.9003906	13110.9003906	0.0	1697.0	0.0	0.0	0.0	0.0	-3173690.75	-3173690.75	-3173690.75	-3173690.75	
1.0	2862.0	224448.296875	37.7999992371	1763.40002441	0.0	-7.30000019073	-11.6000003815	2153.0	1169.0	0.0	14.0	31081.9003906	13390.9003906	0.0	1564.0	0.0	0.0	0.0	0.0	-2709927.75	-2709927.75	-2709927.75	-2709927.75	
1.0	2862.49926758	224521.296875	33.7999992371	1770.40002441	0.0	-14.3000001907	-8.60000038147	2192.0	1280.0	0.0	12.0	31247.9003906	13538.9003906	0.0	1588.0	0.0	0.0	0.0	0.0	-2921064.75	-2921064.75	-2921064.75	-2921064.75	
1.0	2862.99902344	224410.296875	36.7999992371	1774.40002441	0.0	-17.2999992371	-7.59999990463	2246.0	1255.0	0.0	20.0	31055.9003906	13494.9003906	0.0	1587.0	0.0	0.0	0.0	0.0	-3029582.75	-3029582.75	-3029582.75	-3029582.75	
1.0	2863.49902344	224534.296875	37.7999992371	1774.40002441	0.0	-17.2999992371	-1.60000002384	2236.0	1195.0	0.0	23.0	32087.9003906	13365.9003906	0.0	1614.0	0.0	0.0	0.0	0.0	-2774913.75	-2774913.75	-2774913.75	-2774913.75	
1.0	2863.99926758	224547.296875	38.7999992371	1787.40002441	0.0	-26.2999992371	-4.59999990463	2189.0	1198.0	0.0	16.0	31318.9003906	13355.9003906	0.0	1613.0	0.0	0.0	0.0	0.0	-3023020.75	-3023020.75	-3023020.75	-3023020.75	
1.0	2864.49975586	224534.296875	36.7999992371	1788.40002441	0.0	-17.2999992371	-9.60000038147	2230.0	1199.0	0.0	8.0	31689.9003906	13331.9003906	0.0	1623.0	0.0	0.0	0.0	0.0	-2479067.75	-2479067.75	-2479067.75	-2479067.75	
1.0	2865.00048828	224608.296875	35.7999992371	1769.40002441	0.0	-14.3000001907	-11.6000003815	2214.0	1135.0	0.0	17.0	31729.9003906	13173.9003906	0.0	1638.0	0.0	0.0	0.0	0.0	-2686589.75	-2686589.75	-2686589.75	-2686589.75	
1.0	2865.4987793	224654.296875	34.7999992371	1782.40002441	0.0	-15.3000001907	-14.6000003815	2204.0	1171.0	0.0	9.0	31792.9003906	13382.9003906	0.0	1561.0	0.0	0.0	0.0	0.0	-2930950.75	-2930950.75	-2930950.75	-2930950.75	
1.0	2866.0	224446.296875	34.7999992371	1787.40002441	0.0	-19.2999992371	-29.6000003815	2239.0	1170.0	0.0	13.0	31501.9003906	13443.9003906	0.0	1611.0	0.0	0.0	0.0	0.0	-2739775.75	-2739775.75	-2739775.75	-2739775.75	
1.0	2866.4987793	224565.296875	33.7999992371	1788.40002441	0.0	-15.3000001907	-17.6000003815	2194.0	1216.0	0.0	16.0	31735.9003906	13477.9003906	0.0	1591.0	0.0	0.0	0.0	0.0	-3044063.75	-3044063.75	-3044063.75	-3044063.75	
1.0	2867.00048828	224510.296875	35.7999992371	1778.40002441	0.0	-16.2999992371	-16.6000003815	2283.0	1193.0	0.0	13.0	31990.9003906	13384.9003906	0.0	1612.0	0.0	0.0	0.0	0.0	-2805641.75	-2805641.75	-2805641.75	-2805641.75	
1.0	2867.5	224708.296875	38.7999992371	1783.40002441	0.0	-30.2999992371	-12.6000003815	2149.0	1128.0	0.0	19.0	31379.9003906	13327.9003906	0.0	1599.0	0.0	0.0	0.0	0.0	-2947739.75	-2947739.75	-2947739.75	-2947739.75	
1.0	2867.99951172	224580.296875	35.7999992371	1767.40002441	0.0	-34.2999992371	-12.6000003815	2183.0	1214.0	0.0	19.0	31812.9003906	13487.9003906	0.0	1569.0	0.0	0.0	0.0	0.0	-2774394.75	-2774394.75	-2774394.75	-2774394.75	
1.0	2868.49951172	224626.296875	34.7999992371	1808.40002441	0.0	-33.2999992371	-8.60000038147	2143.0	1199.0	0.0	8.0	31614.9003906	13298.9003906	0.0	1608.0	0.0	0.0	0.0	0.0	-2966039.75	-2966039.75	-2966039.75	-2966039.75	
1.0	2868.99951172	224577.296875	36.7999992371	1799.40002441	0.0	-19.2999992371	-9.60000038147	2219.0	1213.0	0.0	21.0	31447.9003906	13273.9003906	0.0	1643.0	0.0	0.0	0.0	0.0	-3286820.75	-3286820.75	-3286820.75	-3286820.75	
1.0	2869.5	224521.296875	31.7999992371	1804.40002441	0.0	-18.2999992371	-10.6000003815	2175.0	1216.0	0.0	23.0	31990.9003906	13506.9003906	0.0	1603.0	0.0	0.0	0.0	0.0	-2652308.75	-2652308.75	-2652308.75	-2652308.75	
1.0	2870.00048828	224623.296875	32.7999992371	1797.40002441	0.0	-19.2999992371	-10.6000003815	2199.0	1176.0	0.0	19.0	32575.9003906	13266.9003906	0.0	1658.0	0.0	0.0	0.0	0.0	-2979604.75	-2979604.75	-2979604.75	-2979604.75	
1.0	2870.99975586	224705.296875	34.7999992371	1793.40002441	0.0	-19.2999992371	-7.59999990463	2184.0	1221.0	0.0	9.0	31693.9003906	13530.9003906	0.0	1590.0	0.0	0.0	0.0	0.0	-2648930.75	-2648930.75	-2648930.75	-2648930.75	
1.0	2872.00024414	224775.296875	34.7999992371	1794.40002441	0.0	-25.2999992371	-10.6000003815	2129.0	1207.0	0.0	12.0	31959.9003906	13465.9003906	0.0	1676.0	0.0	0.0	0.0	0.0	-2953084.75	-2953084.75	-2953084.75	-2953084.75	
1.0	2872.99902344	224796.296875	35.7999992371	1786.40002441	0.0	-22.2999992371	-9.60000038147	2265.0	1249.0	0.0	19.0	32742.9003906	13463.9003906	0.0	1662.0	0.0	0.0	0.0	0.0	-2805541.75	-2805541.75	-2805541.75	-2805541.75	
1.0	2873.9987793	224822.296875	34.7999992371	1807.40002441	0.0	-16.2999992371	-9.60000038147	2182.0	1189.0	0.0	20.0	31757.9003906	13503.9003906	0.0	1649.0	0.0	0.0	0.0	0.0	-3126181.75	-3126181.75	-3126181.75	-3126181.75	
1.0	2874.99951172	224766.296875	36.7999992371	1785.40002441	0.0	-18.2999992371	-15.6000003815	2229.0	1209.0	0.0	15.0	32523.9003906	13561.9003906	0.0	1560.0	0.0	0.0	0.0	0.0	-2597966.75	-2597966.75	-2597966.75	-2597966.75	
1.0	2876.0012207	224685.296875	29.7999992371	1788.40002441	0.0	-18.2999992371	-12.6000003815	2239.0	1270.0	0.0	13.0	32001.9003906	13537.9003906	0.0	1618.0	0.0	0.0	0.0	0.0	-2874137.75	-2874137.75	-2874137.75	-2874137.75	
1.0	2876.9987793	224883.296875	36.7999992371	1795.40002441	0.0	-15.3000001907	-12.6000003815	2192.0	1238.0	0.0	14.0	32250.9003906	13402.9003906	0.0	1690.0	0.0	0.0	0.0	0.0	-2795088.75	-2795088.75	-2795088.75	-2795088.75	
1.0	2878.0	224758.296875	36.7999992371	1797.40002441	0.0	8.69999980927	-12.6000003815	2308.0	1275.0	0.0	15.0	32438.9003906	13762.9003906	0.0	1645.0	0.0	0.0	0.0	0.0	-2812703.75	-2812703.75	-2812703.75	-2812703.75	
1.0	2878.99951172	224821.296875	38.7999992371	1805.40002441	0.0	16.7000007629	-12.6000003815	1624.0	1047.0	0.0	13.0	24462.9003906	11574.9003906	0.0	1598.0	0.0	0.0	0.0	0.0	-2843340.75	-2843340.75	-2843340.75	-2843340.75	
1.0	2880.0	224882.296875	37.7999992371	1786.40002441	0.0	12.6999998093	-27.6000003815	1745.0	1032.0	0.0	14.0	25847.9003906	13429.9003906	0.0	1672.0	0.0	0.0	0.0	0.0	-3188138.75	-3188138.75	-3188138.75	-3188138.75	
1.0	2880.9987793	224979.296875	32.7999992371	1805.40002441	0.0	13.6999998093	-30.6000003815	1713.0	1077.0	0.0	20.0	26662.9003906	13467.9003906	0.0	1655.0	0.0	0.0	0.0	0.0	-2628306.75	-2628306.75	-2628306.75	-2628306.75	
1.0	2882.0012207	224993.296875	34.7999992371	1808.40002441	0.0	10.6999998093	-27.6000003815	1820.0	1100.0	0.0	17.0	26746.9003906	13530.9003906	0.0	1643.0	0.0	0.0	0.0	0.0	-2836146.75	-2836146.75	-2836146.75	-2836146.75	
1.0	2882.99951172	224968.296875	32.7999992371	1805.40002441	0.0	-3.29999995232	-18.6000003815	1655.0	1052.0	0.0	13.0	26144.9003906	13362.9003906	0.0	1652.0	0.0	0.0	0.0	0.0	-2935366.75	-2935366.75	-2935366.75	-2935366.75	
1.0	2884.0012207	225138.296875	32.7999992371	1804.40002441	0.0	-0.300000011921	-19.6000003815	1755.0	1020.0	0.0	14.0	26129.9003906	13243.9003906	0.0	1611.0	0.0	0.0	0.0	0.0	-3142418.75	-3142418.75	-3142418.75	-3142418.75	
1.0	2884.9987793	225050.296875	33.7999992371	1808.40002441	0.0	1.70000004768	-2.59999990463	1713.0	1073.0	0.0	10.0	26547.9003906	13420.9003906	0.0	1620.0	0.0	0.0	0.0	0.0	-2666419.75	-2666419.75	-2666419.75	-2666419.75	
1.0	2886.0	224955.296875	36.7999992371	1814.40002441	0.0	-2.29999995232	-3.59999990463	1642.0	1010.0	0.0	12.0	25796.9003906	13047.9003906	0.0	1649.0	0.0	0.0	0.0	0.0	-3056508.75	-3056508.75	-3056508.75	-3056508.75	
1.0	2886.99951172	225001.296875	37.7999992371	1806.40002441	0.0	-3.29999995232	-3.59999990463	1748.0	1094.0	0.0	17.0	25987.9003906	13301.9003906	0.0	1727.0	0.0	0.0	0.0	0.0	-3312304.75	-3312304.75	-3312304.75	-3312304.75	
1.0	2890.0012207	225167.296875	34.7999992371	1791.40002441	0.0	-3.29999995232	-7.59999990463	1655.0	1088.0	0.0	22.0	25925.9003906	13410.9003906	0.0	1685.0	0.0	0.0	0.0	0.0	-2983263.75	-2983263.75	-2983263.75	-2983263.75	
1.0	2893.0012207	225247.296875	36.7999992371	1810.40002441	0.0	-6.30000019073	-5.59999990463	1578.0	918.0	0.0	6.0	26160.9003906	13121.9003906	0.0	1590.0	0.0	0.0	0.0	0.0	-3787816.75	-3787816.75	-3787816.75	-3787816.75	
1.0	2895.99926758	225288.296875	33.7999992371	1823.40002441	0.0	-20.2999992371	-4.59999990463	1627.0	1006.0	0.0	16.0	26126.9003906	13293.9003906	0.0	1709.0	0.0	0.0	0.0	0.0	-3536966.75	-3536966.75	-3536966.75	-3536966.75	
1.0	2899.00097656	225445.296875	34.7999992371	1814.40002441	0.0	-24.2999992371	3.40000009537	1603.0	1012.0	0.0	16.0	26412.9003906	13290.9003906	0.0	1733.0	0.0	0.0	0.0	0.0	-3255816.75	-3255816.75	-3255816.75	-3255816.75	
1.0	2902.00073242	225640.296875	33.7999992371	1837.40002441	0.0	-31.2999992371	5.40000009537	1645.0	1008.0	0.0	9.0	26450.9003906	13215.9003906	0.0	1720.0	0.0	0.0	0.0	0.0	-2850595.75	-2850595.75	-2850595.75	-2850595.75	
1.0	2905.0012207	225733.296875	33.7999992371	1822.40002441	0.0	-30.2999992371	3.40000009537	1639.0	939.0	0.0	9.0	27198.9003906	13471.9003906	0.0	1743.0	0.0	0.0	0.0	0.0	-3145226.75	-3145226.75	-3145226.75	-3145226.75	
