SSRL   MicroEXAFS Data Collector 2.0 
Wed Jul 03 16:09:01 2019
PTS:	205	COLS:	24
alexbox-4ch-xspress.det
RuL3_edge_cell.rgn
SSRL BEAMLINE
COMMENTS





S1VGAP: 0.800000	S1HGAP: 1.000000	TABLEHORZ: 5.000000	SAMPLEV: 41.503226	CALVERT: 4.100521	BPVRT: 46.657988	M1VERT: 6.971044	SAMPLEHOLD: 25.998010	S1HTRAN: 4.775000	

Weights:
 1.000	1.000	1.000	1.000	1.000	1.000	1.000	1.000	1.000	1.000	1.000	1.000	1.000	1.000	1.000	1.000	1.000	1.000	1.000	1.000	1.000	1.000	
Offsets:
 480.9	1036.6	3120.0	0.0	112.4	585.7	0.0	0.0	0.0	0.0	0.2	1.3	0.0	1.5	0.0	0.0	0.0	0.0	79708896.9	79708896.9	79708896.9	79708896.9	
Data:
Real Time Clock
Requested Energy
I0   
I1   
I2   
I3   
MPFB1   
MPFB2   
FF1   
FF2   
FF3   
FF4   
ICR1   
ICR2   
ICR3   
ICR4   
SCA2.1   
SCA2.2   
SCA2.3   
SCA2.4   
TIME1   
TIME2   
TIME3   
TIME4   

1.0	2810.00097656	414472.09375	-124.599998474	6884.0	0.0	-22.3999996185	18.2999992371	110.0	50.0	0.0	12.0	10832.7998047	1936.69995117	0.0	616.5	0.0	0.0	0.0	0.0	-2856921.0	-2856921.0	-2856921.0	-2856921.0	
1.0	2810.99975586	414297.09375	-123.599998474	6896.0	0.0	-19.3999996185	16.2999992371	120.0	33.0	0.0	8.0	10704.7998047	1977.69995117	0.0	642.5	0.0	0.0	0.0	0.0	-2534732.0	-2534732.0	-2534732.0	-2534732.0	
1.0	2811.99951172	414297.09375	-124.599998474	6891.0	0.0	-18.3999996185	17.2999992371	106.0	31.0	0.0	5.0	10698.7998047	2019.69995117	0.0	621.5	0.0	0.0	0.0	0.0	-2648809.0	-2648809.0	-2648809.0	-2648809.0	
1.0	2813.00024414	414007.09375	-123.599998474	6887.0	0.0	-17.3999996185	18.2999992371	115.0	36.0	0.0	11.0	10595.7998047	2032.69995117	0.0	591.5	0.0	0.0	0.0	0.0	-3114405.0	-3114405.0	-3114405.0	-3114405.0	
1.0	2813.99951172	413818.09375	-125.599998474	6879.0	0.0	-18.3999996185	18.2999992371	112.0	34.0	0.0	12.0	10846.7998047	2011.69995117	0.0	636.5	0.0	0.0	0.0	0.0	-3052845.0	-3052845.0	-3052845.0	-3052845.0	
1.0	2815.0	413603.09375	-122.599998474	6880.0	0.0	-21.3999996185	16.2999992371	116.0	32.0	0.0	8.0	10944.7998047	1955.69995117	0.0	645.5	0.0	0.0	0.0	0.0	-2684296.0	-2684296.0	-2684296.0	-2684296.0	
1.0	2815.99902344	413772.09375	-125.599998474	6890.0	0.0	-19.3999996185	15.3000001907	111.0	50.0	0.0	7.0	10865.7998047	1983.69995117	0.0	666.5	0.0	0.0	0.0	0.0	-3078394.0	-3078394.0	-3078394.0	-3078394.0	
1.0	2816.99902344	413383.09375	-125.599998474	6889.0	0.0	-18.3999996185	18.2999992371	128.0	54.0	0.0	7.0	10547.7998047	2148.69995117	0.0	640.5	0.0	0.0	0.0	0.0	-2694267.0	-2694267.0	-2694267.0	-2694267.0	
1.0	2818.0	413668.09375	-127.599998474	6896.0	0.0	-15.3999996185	15.3000001907	122.0	39.0	0.0	2.0	10890.7998047	2000.69995117	0.0	631.5	0.0	0.0	0.0	0.0	-2513215.0	-2513215.0	-2513215.0	-2513215.0	
1.0	2818.99975586	413069.09375	-127.599998474	6884.0	0.0	-14.3999996185	15.3000001907	121.0	45.0	0.0	16.0	10449.7998047	2059.69995117	0.0	643.5	0.0	0.0	0.0	0.0	-2914610.0	-2914610.0	-2914610.0	-2914610.0	
1.0	2820.00048828	413155.09375	-126.599998474	6886.0	0.0	-7.40000009537	19.2999992371	130.0	51.0	0.0	5.0	10612.7998047	2054.69995117	0.0	651.5	0.0	0.0	0.0	0.0	-3088798.0	-3088798.0	-3088798.0	-3088798.0	
1.0	2820.99975586	413039.09375	-123.599998474	6886.0	0.0	-3.40000009537	16.2999992371	142.0	50.0	0.0	7.0	10870.7998047	1999.69995117	0.0	618.5	0.0	0.0	0.0	0.0	-2979580.0	-2979580.0	-2979580.0	-2979580.0	
1.0	2822.0	412840.09375	-123.599998474	6893.0	0.0	3.59999990463	18.2999992371	137.0	47.0	0.0	8.0	10738.7998047	2054.69995117	0.0	659.5	0.0	0.0	0.0	0.0	-3171008.0	-3171008.0	-3171008.0	-3171008.0	
1.0	2822.9987793	412636.09375	-121.599998474	6895.0	0.0	4.59999990463	20.2999992371	141.0	95.0	0.0	10.0	10833.7998047	2130.69995117	0.0	609.5	0.0	0.0	0.0	0.0	-3156683.0	-3156683.0	-3156683.0	-3156683.0	
1.0	2824.0012207	412369.09375	-125.599998474	6896.0	0.0	4.59999990463	19.2999992371	164.0	92.0	0.0	11.0	10788.7998047	2122.69995117	0.0	629.5	0.0	0.0	0.0	0.0	-2854421.0	-2854421.0	-2854421.0	-2854421.0	
1.0	2824.99951172	411987.09375	-125.599998474	6883.0	0.0	3.59999990463	19.2999992371	158.0	80.0	0.0	10.0	10641.7998047	2107.69995117	0.0	663.5	0.0	0.0	0.0	0.0	-2616194.0	-2616194.0	-2616194.0	-2616194.0	
1.0	2825.99902344	411636.09375	-125.599998474	6883.0	0.0	4.59999990463	15.3000001907	136.0	94.0	0.0	9.0	10789.7998047	2125.69995117	0.0	592.5	0.0	0.0	0.0	0.0	-3207892.0	-3207892.0	-3207892.0	-3207892.0	
1.0	2826.99951172	411943.09375	-121.599998474	6900.0	0.0	2.59999990463	17.2999992371	154.0	99.0	0.0	5.0	10950.7998047	2105.69995117	0.0	616.5	0.0	0.0	0.0	0.0	-3191177.0	-3191177.0	-3191177.0	-3191177.0	
1.0	2828.0012207	411652.09375	-118.599998474	6880.0	0.0	3.59999990463	28.2999992371	180.0	134.0	0.0	8.0	10927.7998047	2170.69995117	0.0	647.5	0.0	0.0	0.0	0.0	-2920842.0	-2920842.0	-2920842.0	-2920842.0	
1.0	2829.0012207	411694.09375	-122.599998474	6887.0	0.0	2.59999990463	29.2999992371	196.0	139.0	0.0	9.0	10790.7998047	2136.69995117	0.0	666.5	0.0	0.0	0.0	0.0	-3417233.0	-3417233.0	-3417233.0	-3417233.0	
1.0	2829.99975586	411688.09375	-126.599998474	6880.0	0.0	1.60000002384	31.2999992371	199.0	133.0	0.0	9.0	10844.7998047	2109.69995117	0.0	587.5	0.0	0.0	0.0	0.0	-3099936.0	-3099936.0	-3099936.0	-3099936.0	
1.0	2830.99951172	411550.09375	-123.599998474	6883.0	0.0	0.600000023842	29.2999992371	207.0	133.0	0.0	12.0	11073.7998047	2119.69995117	0.0	600.5	0.0	0.0	0.0	0.0	-2891230.0	-2891230.0	-2891230.0	-2891230.0	
1.0	2832.00024414	411615.09375	-123.599998474	6886.0	0.0	2.59999990463	32.2999992371	189.0	153.0	0.0	15.0	11221.7998047	2082.69995117	0.0	667.5	0.0	0.0	0.0	0.0	-2588546.0	-2588546.0	-2588546.0	-2588546.0	
1.0	2832.99926758	411724.09375	-125.599998474	6890.0	0.0	2.59999990463	21.2999992371	249.0	176.0	0.0	9.0	11316.7998047	2086.69995117	0.0	645.5	0.0	0.0	0.0	0.0	-3020881.0	-3020881.0	-3020881.0	-3020881.0	
1.0	2833.99951172	411579.09375	-123.599998474	6889.0	0.0	2.59999990463	21.2999992371	309.0	224.0	0.0	8.0	11240.7998047	2234.69995117	0.0	661.5	0.0	0.0	0.0	0.0	-2557887.0	-2557887.0	-2557887.0	-2557887.0	
1.0	2835.00073242	411316.09375	-121.599998474	6897.0	0.0	4.59999990463	21.2999992371	347.0	248.0	0.0	14.0	11217.7998047	2407.69995117	0.0	634.5	0.0	0.0	0.0	0.0	-3167064.0	-3167064.0	-3167064.0	-3167064.0	
1.0	2836.00073242	411319.09375	-120.599998474	6892.0	0.0	4.59999990463	27.2999992371	449.0	385.0	0.0	4.0	11243.7998047	2501.69995117	0.0	632.5	0.0	0.0	0.0	0.0	-3057929.0	-3057929.0	-3057929.0	-3057929.0	
1.0	2836.40039062	411267.09375	-124.599998474	6881.0	0.0	0.600000023842	32.2999992371	493.0	408.0	0.0	10.0	11202.7998047	2467.69995117	0.0	642.5	0.0	0.0	0.0	0.0	-3207445.0	-3207445.0	-3207445.0	-3207445.0	
1.0	2836.55053711	411289.09375	-118.599998474	6883.0	0.0	-2.40000009537	32.2999992371	543.0	447.0	0.0	6.0	11472.7998047	2569.69995117	0.0	651.5	0.0	0.0	0.0	0.0	-2915583.0	-2915583.0	-2915583.0	-2915583.0	
1.0	2836.70092773	411083.09375	-122.599998474	6892.0	0.0	-1.39999997616	33.2999992371	591.0	521.0	0.0	8.0	11298.7998047	2711.69995117	0.0	694.5	0.0	0.0	0.0	0.0	-2544502.0	-2544502.0	-2544502.0	-2544502.0	
1.0	2836.85107422	410969.09375	-119.599998474	6899.0	0.0	-1.39999997616	36.2999992371	569.0	508.0	0.0	8.0	11259.7998047	2629.69995117	0.0	619.5	0.0	0.0	0.0	0.0	-3166764.0	-3166764.0	-3166764.0	-3166764.0	
1.0	2836.9987793	411013.09375	-120.599998474	6877.0	0.0	-1.39999997616	30.2999992371	618.0	540.0	0.0	9.0	11651.7998047	2584.69995117	0.0	683.5	0.0	0.0	0.0	0.0	-2820316.0	-2820316.0	-2820316.0	-2820316.0	
1.0	2837.14916992	410896.09375	-120.599998474	6888.0	0.0	0.600000023842	30.2999992371	684.0	571.0	0.0	3.0	11617.7998047	2671.69995117	0.0	662.5	0.0	0.0	0.0	0.0	-2688925.0	-2688925.0	-2688925.0	-2688925.0	
1.0	2837.29956055	410821.09375	-121.599998474	6889.0	0.0	-0.40000000596	32.2999992371	633.0	659.0	0.0	10.0	11376.7998047	2856.69995117	0.0	601.5	0.0	0.0	0.0	0.0	-3043800.0	-3043800.0	-3043800.0	-3043800.0	
1.0	2837.44995117	411153.09375	-121.599998474	6897.0	0.0	2.59999990463	32.2999992371	708.0	633.0	0.0	2.0	11409.7998047	2798.69995117	0.0	605.5	0.0	0.0	0.0	0.0	-3099355.0	-3099355.0	-3099355.0	-3099355.0	
1.0	2837.6003418	410840.09375	-121.599998474	6896.0	0.0	-0.40000000596	32.2999992371	780.0	776.0	0.0	7.0	11794.7998047	2891.69995117	0.0	652.5	0.0	0.0	0.0	0.0	-2600350.0	-2600350.0	-2600350.0	-2600350.0	
1.0	2837.75073242	410678.09375	-123.599998474	6892.0	0.0	0.600000023842	31.2999992371	815.0	771.0	0.0	9.0	11751.7998047	2937.69995117	0.0	661.5	0.0	0.0	0.0	0.0	-3099982.0	-3099982.0	-3099982.0	-3099982.0	
1.0	2837.90136719	410601.09375	-120.599998474	6892.0	0.0	-0.40000000596	34.2999992371	881.0	896.0	0.0	5.0	11400.7998047	3057.69995117	0.0	648.5	0.0	0.0	0.0	0.0	-2752970.0	-2752970.0	-2752970.0	-2752970.0	
1.0	2838.04907227	410816.09375	-122.599998474	6884.0	0.0	-1.39999997616	33.2999992371	928.0	884.0	0.0	12.0	11718.7998047	3011.69995117	0.0	611.5	0.0	0.0	0.0	0.0	-3214923.0	-3214923.0	-3214923.0	-3214923.0	
1.0	2838.19970703	410606.09375	-121.599998474	6892.0	0.0	-12.3999996185	23.2999992371	1090.0	998.0	0.0	11.0	11848.7998047	3179.69995117	0.0	649.5	0.0	0.0	0.0	0.0	-2835889.0	-2835889.0	-2835889.0	-2835889.0	
1.0	2838.35009766	410604.09375	-120.599998474	6905.0	0.0	-23.3999996185	24.2999992371	1086.0	1076.0	0.0	7.0	11984.7998047	3289.69995117	0.0	669.5	0.0	0.0	0.0	0.0	-2932191.0	-2932191.0	-2932191.0	-2932191.0	
1.0	2838.50073242	410883.09375	-125.599998474	6889.0	0.0	-19.3999996185	24.2999992371	1238.0	1242.0	0.0	12.0	11804.7998047	3505.69995117	0.0	668.5	0.0	0.0	0.0	0.0	-3240319.0	-3240319.0	-3240319.0	-3240319.0	
1.0	2838.64868164	410726.09375	-123.599998474	6888.0	0.0	-10.3999996185	21.2999992371	1351.0	1351.0	0.0	9.0	11950.7998047	3528.69995117	0.0	687.5	0.0	0.0	0.0	0.0	-3063497.0	-3063497.0	-3063497.0	-3063497.0	
1.0	2838.79931641	410499.09375	-124.599998474	6879.0	0.0	-11.3999996185	22.2999992371	1473.0	1495.0	0.0	9.0	12070.7998047	3796.69995117	0.0	654.5	0.0	0.0	0.0	0.0	-2698642.0	-2698642.0	-2698642.0	-2698642.0	
1.0	2838.94995117	410721.09375	-123.599998474	6888.0	0.0	-12.3999996185	22.2999992371	1711.0	1672.0	0.0	8.0	12419.7998047	3988.69995117	0.0	646.5	0.0	0.0	0.0	0.0	-3247898.0	-3247898.0	-3247898.0	-3247898.0	
1.0	2839.10058594	410376.09375	-127.599998474	6889.0	0.0	-10.3999996185	21.2999992371	1944.0	1925.0	0.0	11.0	12740.7998047	4207.70019531	0.0	602.5	0.0	0.0	0.0	0.0	-2765290.0	-2765290.0	-2765290.0	-2765290.0	
1.0	2839.2487793	410653.09375	-125.599998474	6881.0	0.0	-8.39999961853	22.2999992371	2142.0	2092.0	0.0	7.0	12366.7998047	4521.70019531	0.0	634.5	0.0	0.0	0.0	0.0	-3299720.0	-3299720.0	-3299720.0	-3299720.0	
1.0	2839.39941406	410503.09375	-125.599998474	6890.0	0.0	-2.40000009537	20.2999992371	2427.0	2439.0	0.0	9.0	12976.7998047	4897.70019531	0.0	662.5	0.0	0.0	0.0	0.0	-3122733.0	-3122733.0	-3122733.0	-3122733.0	
1.0	2839.55004883	410390.09375	-125.599998474	6893.0	0.0	5.59999990463	19.2999992371	2657.0	2780.0	0.0	11.0	13326.7998047	5309.70019531	0.0	656.5	0.0	0.0	0.0	0.0	-2695241.0	-2695241.0	-2695241.0	-2695241.0	
1.0	2839.70092773	410297.09375	-122.599998474	6888.0	0.0	6.59999990463	23.2999992371	3018.0	3321.0	0.0	7.0	13529.7998047	5979.70019531	0.0	613.5	0.0	0.0	0.0	0.0	-2597401.0	-2597401.0	-2597401.0	-2597401.0	
1.0	2839.84912109	410716.09375	-126.599998474	6903.0	0.0	2.59999990463	26.2999992371	3556.0	3600.0	0.0	6.0	14309.7998047	6296.70019531	0.0	707.5	0.0	0.0	0.0	0.0	-2781983.0	-2781983.0	-2781983.0	-2781983.0	
1.0	2840.0	410506.09375	-126.599998474	6894.0	0.0	6.59999990463	24.2999992371	3784.0	4233.0	0.0	5.0	14175.7998047	7065.70019531	0.0	626.5	0.0	0.0	0.0	0.0	-3235847.0	-3235847.0	-3235847.0	-3235847.0	
1.0	2840.15063477	410352.09375	-122.599998474	6888.0	0.0	7.59999990463	24.2999992371	4509.0	4781.0	0.0	5.0	15329.7998047	7576.70019531	0.0	665.5	0.0	0.0	0.0	0.0	-2752146.0	-2752146.0	-2752146.0	-2752146.0	
1.0	2840.29907227	410114.09375	-121.599998474	6884.0	0.0	5.59999990463	22.2999992371	5095.0	5458.0	0.0	6.0	15858.7998047	8444.70019531	0.0	634.5	0.0	0.0	0.0	0.0	-3286347.0	-3286347.0	-3286347.0	-3286347.0	
1.0	2840.44970703	410462.09375	-126.599998474	6901.0	0.0	6.59999990463	22.2999992371	5483.0	6171.0	0.0	10.0	16288.7998047	9385.70019531	0.0	673.5	0.0	0.0	0.0	0.0	-2802980.0	-2802980.0	-2802980.0	-2802980.0	
1.0	2840.60058594	409940.09375	-124.599998474	6899.0	0.0	5.59999990463	21.2999992371	6366.0	6713.0	0.0	10.0	17235.8007812	9884.70019531	0.0	685.5	0.0	0.0	0.0	0.0	-2875496.0	-2875496.0	-2875496.0	-2875496.0	
1.0	2840.74902344	410394.09375	-126.599998474	6910.0	0.0	6.59999990463	18.2999992371	6943.0	7308.0	0.0	11.0	18552.8007812	10677.7001953	0.0	663.5	0.0	0.0	0.0	0.0	-2681220.0	-2681220.0	-2681220.0	-2681220.0	
1.0	2840.89990234	410228.09375	-123.599998474	6902.0	0.0	6.59999990463	20.2999992371	7242.0	7595.0	0.0	8.0	18768.8007812	10937.7001953	0.0	638.5	0.0	0.0	0.0	0.0	-3103069.0	-3103069.0	-3103069.0	-3103069.0	
1.0	2841.05102539	410157.09375	-126.599998474	6901.0	0.0	5.59999990463	22.2999992371	7647.0	7878.0	0.0	9.0	19332.8007812	11368.7001953	0.0	591.5	0.0	0.0	0.0	0.0	-2739578.0	-2739578.0	-2739578.0	-2739578.0	
1.0	2841.19921875	410266.09375	-128.600006104	6911.0	0.0	5.59999990463	21.2999992371	6990.0	8037.0	0.0	8.0	18012.8007812	11507.7001953	0.0	627.5	0.0	0.0	0.0	0.0	-2960983.0	-2960983.0	-2960983.0	-2960983.0	
1.0	2841.3503418	409739.09375	-129.600006104	6904.0	0.0	1.60000002384	20.2999992371	6819.0	7603.0	0.0	6.0	17751.8007812	11126.7001953	0.0	637.5	0.0	0.0	0.0	0.0	-2865776.0	-2865776.0	-2865776.0	-2865776.0	
1.0	2841.4987793	409999.09375	-128.600006104	6891.0	0.0	7.59999990463	20.2999992371	6707.0	7319.0	0.0	6.0	17579.8007812	10732.7001953	0.0	681.5	0.0	0.0	0.0	0.0	-3222882.0	-3222882.0	-3222882.0	-3222882.0	
1.0	2841.64990234	409811.09375	-122.599998474	6895.0	0.0	7.59999990463	27.2999992371	6670.0	6890.0	0.0	5.0	18610.8007812	10156.7001953	0.0	647.5	0.0	0.0	0.0	0.0	-2923715.0	-2923715.0	-2923715.0	-2923715.0	
1.0	2841.80078125	409775.09375	-125.599998474	6903.0	0.0	4.59999990463	31.2999992371	5891.0	6348.0	0.0	11.0	17090.8007812	9585.70019531	0.0	637.5	0.0	0.0	0.0	0.0	-3241067.0	-3241067.0	-3241067.0	-3241067.0	
1.0	2841.94946289	409594.09375	-127.599998474	6892.0	0.0	2.59999990463	35.2999992371	5329.0	5740.0	0.0	8.0	16143.7998047	8774.70019531	0.0	656.5	0.0	0.0	0.0	0.0	-3247922.0	-3247922.0	-3247922.0	-3247922.0	
1.0	2842.10058594	409675.09375	-124.599998474	6910.0	0.0	11.6000003815	33.2999992371	4689.0	5220.0	0.0	6.0	15214.7998047	8159.70019531	0.0	600.5	0.0	0.0	0.0	0.0	-2665214.0	-2665214.0	-2665214.0	-2665214.0	
1.0	2842.24902344	409695.09375	-128.600006104	6899.0	0.0	15.6000003815	34.2999992371	4354.0	4882.0	0.0	9.0	14875.7998047	7772.70019531	0.0	607.5	0.0	0.0	0.0	0.0	-3231997.0	-3231997.0	-3231997.0	-3231997.0	
1.0	2842.40014648	409836.09375	-127.599998474	6896.0	0.0	12.6000003815	32.2999992371	3968.0	4216.0	0.0	11.0	14690.7998047	7012.70019531	0.0	619.5	0.0	0.0	0.0	0.0	-3140230.0	-3140230.0	-3140230.0	-3140230.0	
1.0	2842.54882812	409661.09375	-125.599998474	6896.0	0.0	14.6000003815	32.2999992371	3582.0	3953.0	0.0	5.0	14304.7998047	6729.70019531	0.0	627.5	0.0	0.0	0.0	0.0	-2625203.0	-2625203.0	-2625203.0	-2625203.0	
1.0	2842.69995117	409968.09375	-128.600006104	6894.0	0.0	13.6000003815	31.2999992371	3290.0	3364.0	0.0	5.0	14278.7998047	5986.70019531	0.0	651.5	0.0	0.0	0.0	0.0	-2950451.0	-2950451.0	-2950451.0	-2950451.0	
1.0	2842.84863281	409591.09375	-124.599998474	6902.0	0.0	1.60000002384	31.2999992371	3039.0	3258.0	0.0	5.0	13593.7998047	5859.70019531	0.0	669.5	0.0	0.0	0.0	0.0	-3161199.0	-3161199.0	-3161199.0	-3161199.0	
1.0	2843.0	409829.09375	-127.599998474	6905.0	0.0	1.60000002384	30.2999992371	2903.0	3018.0	0.0	6.0	13609.7998047	5489.70019531	0.0	640.5	0.0	0.0	0.0	0.0	-2582146.0	-2582146.0	-2582146.0	-2582146.0	
1.0	2843.15136719	409558.09375	-124.599998474	6907.0	0.0	-0.40000000596	30.2999992371	2808.0	2918.0	0.0	4.0	13323.7998047	5485.70019531	0.0	650.5	0.0	0.0	0.0	0.0	-2684703.0	-2684703.0	-2684703.0	-2684703.0	
1.0	2843.30004883	409374.09375	-127.599998474	6900.0	0.0	-2.40000009537	31.2999992371	2594.0	2781.0	0.0	7.0	13166.7998047	5220.70019531	0.0	630.5	0.0	0.0	0.0	0.0	-2881162.0	-2881162.0	-2881162.0	-2881162.0	
1.0	2843.44873047	409588.09375	-125.599998474	6893.0	0.0	-2.40000009537	32.2999992371	2517.0	2611.0	0.0	8.0	12988.7998047	5117.70019531	0.0	638.5	0.0	0.0	0.0	0.0	-2766795.0	-2766795.0	-2766795.0	-2766795.0	
1.0	2843.60009766	409583.09375	-124.599998474	6897.0	0.0	-3.40000009537	32.2999992371	2400.0	2538.0	0.0	5.0	12857.7998047	5051.70019531	0.0	636.5	0.0	0.0	0.0	0.0	-2832259.0	-2832259.0	-2832259.0	-2832259.0	
1.0	2843.74902344	409500.09375	-124.599998474	6896.0	0.0	-0.40000000596	31.2999992371	2320.0	2521.0	0.0	6.0	12969.7998047	4964.70019531	0.0	645.5	0.0	0.0	0.0	0.0	-3070063.0	-3070063.0	-3070063.0	-3070063.0	
1.0	2843.90039062	409496.09375	-121.599998474	6924.0	0.0	-1.39999997616	30.2999992371	2290.0	2301.0	0.0	9.0	12891.7998047	4714.70019531	0.0	637.5	0.0	0.0	0.0	0.0	-3060330.0	-3060330.0	-3060330.0	-3060330.0	
1.0	2844.04907227	409490.09375	-122.599998474	6892.0	0.0	-5.40000009537	31.2999992371	2288.0	2350.0	0.0	8.0	13125.7998047	4756.70019531	0.0	628.5	0.0	0.0	0.0	0.0	-2561505.0	-2561505.0	-2561505.0	-2561505.0	
1.0	2844.20068359	409294.09375	-123.599998474	6901.0	0.0	-1.39999997616	32.2999992371	2151.0	2256.0	0.0	10.0	12379.7998047	4664.70019531	0.0	623.5	0.0	0.0	0.0	0.0	-3270963.0	-3270963.0	-3270963.0	-3270963.0	
1.0	2844.34936523	409221.09375	-124.599998474	6896.0	0.0	-2.40000009537	33.2999992371	2197.0	2214.0	0.0	10.0	12796.7998047	4603.70019531	0.0	654.5	0.0	0.0	0.0	0.0	-3086347.0	-3086347.0	-3086347.0	-3086347.0	
1.0	2844.50097656	408969.09375	-125.599998474	6889.0	0.0	-1.39999997616	32.2999992371	2017.0	2148.0	0.0	8.0	12754.7998047	4462.70019531	0.0	641.5	0.0	0.0	0.0	0.0	-2666401.0	-2666401.0	-2666401.0	-2666401.0	
1.0	2844.64990234	409147.09375	-119.599998474	6891.0	0.0	-4.40000009537	31.2999992371	1970.0	1959.0	0.0	5.0	12394.7998047	4338.70019531	0.0	580.5	0.0	0.0	0.0	0.0	-3088452.0	-3088452.0	-3088452.0	-3088452.0	
1.0	2844.79882812	409142.09375	-124.599998474	6914.0	0.0	-2.40000009537	33.2999992371	1929.0	1944.0	0.0	5.0	12729.7998047	4250.70019531	0.0	647.5	0.0	0.0	0.0	0.0	-2492148.0	-2492148.0	-2492148.0	-2492148.0	
1.0	2844.95043945	409059.09375	-120.599998474	6904.0	0.0	-4.40000009537	32.2999992371	1817.0	1851.0	0.0	3.0	12669.7998047	4193.70019531	0.0	643.5	0.0	0.0	0.0	0.0	-3009243.0	-3009243.0	-3009243.0	-3009243.0	
1.0	2845.09936523	409010.09375	-122.599998474	6898.0	0.0	-3.40000009537	32.2999992371	1821.0	1779.0	0.0	8.0	12541.7998047	4136.70019531	0.0	638.5	0.0	0.0	0.0	0.0	-3108384.0	-3108384.0	-3108384.0	-3108384.0	
1.0	2845.25097656	408827.09375	-121.599998474	6892.0	0.0	-1.39999997616	33.2999992371	1706.0	1647.0	0.0	4.0	12635.7998047	4090.69995117	0.0	605.5	0.0	0.0	0.0	0.0	-2768712.0	-2768712.0	-2768712.0	-2768712.0	
1.0	2845.40014648	410051.09375	-140.600006104	6899.0	0.0	-2.40000009537	32.2999992371	1512.0	1634.0	0.0	12.0	11902.7998047	3896.69995117	0.0	634.5	0.0	0.0	0.0	0.0	-3125159.0	-3125159.0	-3125159.0	-3125159.0	
1.0	2845.54907227	411479.09375	-122.599998474	6897.0	0.0	14.6000003815	32.2999992371	1600.0	1521.0	0.0	9.0	12576.7998047	3797.69995117	0.0	645.5	0.0	0.0	0.0	0.0	-3077455.0	-3077455.0	-3077455.0	-3077455.0	
1.0	2845.70092773	413077.09375	-121.599998474	6914.0	0.0	10.6000003815	32.2999992371	1512.0	1477.0	0.0	8.0	12298.7998047	3914.69995117	0.0	704.5	0.0	0.0	0.0	0.0	-2650324.0	-2650324.0	-2650324.0	-2650324.0	
1.0	2845.85009766	414184.09375	-122.599998474	6895.0	0.0	12.6000003815	31.2999992371	1423.0	1470.0	0.0	6.0	12274.7998047	3713.69995117	0.0	599.5	0.0	0.0	0.0	0.0	-3184691.0	-3184691.0	-3184691.0	-3184691.0	
1.0	2845.99902344	414029.09375	-123.599998474	6912.0	0.0	12.6000003815	33.2999992371	1287.0	1455.0	0.0	12.0	12014.7998047	3757.69995117	0.0	657.5	0.0	0.0	0.0	0.0	-3150672.0	-3150672.0	-3150672.0	-3150672.0	
1.0	2846.15087891	414301.09375	-121.599998474	6911.0	0.0	9.60000038147	33.2999992371	1377.0	1325.0	0.0	12.0	12148.7998047	3701.69995117	0.0	627.5	0.0	0.0	0.0	0.0	-2801812.0	-2801812.0	-2801812.0	-2801812.0	
1.0	2846.30004883	414031.09375	-122.599998474	6910.0	0.0	13.6000003815	32.2999992371	1265.0	1391.0	0.0	6.0	12038.7998047	3701.69995117	0.0	654.5	0.0	0.0	0.0	0.0	-2735663.0	-2735663.0	-2735663.0	-2735663.0	
1.0	2846.44921875	414159.09375	-122.599998474	6932.0	0.0	18.6000003815	30.2999992371	1215.0	1224.0	0.0	3.0	11971.7998047	3496.69995117	0.0	712.5	0.0	0.0	0.0	0.0	-2836879.0	-2836879.0	-2836879.0	-2836879.0	
1.0	2846.60107422	414031.09375	-123.599998474	6899.0	0.0	19.6000003815	33.2999992371	1232.0	1256.0	0.0	12.0	12173.7998047	3540.69995117	0.0	657.5	0.0	0.0	0.0	0.0	-3047422.0	-3047422.0	-3047422.0	-3047422.0	
1.0	2846.75024414	414038.09375	-126.599998474	6914.0	0.0	20.6000003815	33.2999992371	1239.0	1195.0	0.0	10.0	12348.7998047	3420.69995117	0.0	625.5	0.0	0.0	0.0	0.0	-2788413.0	-2788413.0	-2788413.0	-2788413.0	
1.0	2846.8996582	413893.09375	-124.599998474	6912.0	0.0	19.6000003815	31.2999992371	1251.0	1254.0	0.0	7.0	12145.7998047	3530.69995117	0.0	617.5	0.0	0.0	0.0	0.0	-2796268.0	-2796268.0	-2796268.0	-2796268.0	
1.0	2847.04907227	413701.09375	-123.599998474	6920.0	0.0	18.6000003815	32.2999992371	1297.0	1208.0	0.0	6.0	12503.7998047	3399.69995117	0.0	619.5	0.0	0.0	0.0	0.0	-2554584.0	-2554584.0	-2554584.0	-2554584.0	
1.0	2847.20092773	413829.09375	-125.599998474	6917.0	0.0	13.6000003815	27.2999992371	1201.0	1144.0	0.0	5.0	12271.7998047	3403.69995117	0.0	674.5	0.0	0.0	0.0	0.0	-3136896.0	-3136896.0	-3136896.0	-3136896.0	
1.0	2847.3503418	413907.09375	-128.600006104	6923.0	0.0	-1.39999997616	31.2999992371	1221.0	1138.0	0.0	7.0	12189.7998047	3439.69995117	0.0	645.5	0.0	0.0	0.0	0.0	-2806714.0	-2806714.0	-2806714.0	-2806714.0	
1.0	2847.49951172	413527.09375	-125.599998474	6905.0	0.0	-15.3999996185	30.2999992371	1186.0	1121.0	0.0	4.0	12018.7998047	3382.69995117	0.0	621.5	0.0	0.0	0.0	0.0	-3171386.0	-3171386.0	-3171386.0	-3171386.0	
1.0	2847.64892578	413755.09375	-124.599998474	6916.0	0.0	-13.3999996185	28.2999992371	1166.0	1131.0	0.0	9.0	11670.7998047	3398.69995117	0.0	662.5	0.0	0.0	0.0	0.0	-3350912.0	-3350912.0	-3350912.0	-3350912.0	
1.0	2847.80102539	413650.09375	-124.599998474	6909.0	0.0	-17.3999996185	26.2999992371	1208.0	1177.0	0.0	11.0	12086.7998047	3416.69995117	0.0	637.5	0.0	0.0	0.0	0.0	-2747578.0	-2747578.0	-2747578.0	-2747578.0	
1.0	2847.95043945	413469.09375	-125.599998474	6913.0	0.0	-18.3999996185	26.2999992371	1169.0	1238.0	0.0	6.0	12081.7998047	3549.69995117	0.0	644.5	0.0	0.0	0.0	0.0	-2903042.0	-2903042.0	-2903042.0	-2903042.0	
1.0	2848.09985352	413599.09375	-127.599998474	6925.0	0.0	-17.3999996185	30.2999992371	1256.0	1127.0	0.0	7.0	12249.7998047	3346.69995117	0.0	677.5	0.0	0.0	0.0	0.0	-3084264.0	-3084264.0	-3084264.0	-3084264.0	
1.0	2848.24951172	413251.09375	-124.599998474	6913.0	0.0	-17.3999996185	27.2999992371	1178.0	1165.0	0.0	3.0	11809.7998047	3451.69995117	0.0	621.5	0.0	0.0	0.0	0.0	-2786183.0	-2786183.0	-2786183.0	-2786183.0	
1.0	2848.39892578	413498.09375	-122.599998474	6902.0	0.0	-8.39999961853	29.2999992371	1206.0	1144.0	0.0	6.0	12311.7998047	3352.69995117	0.0	682.5	0.0	0.0	0.0	0.0	-2966325.0	-2966325.0	-2966325.0	-2966325.0	
1.0	2848.55102539	413281.09375	-122.599998474	6906.0	0.0	-6.40000009537	27.2999992371	1147.0	1112.0	0.0	9.0	12153.7998047	3458.69995117	0.0	641.5	0.0	0.0	0.0	0.0	-3329977.0	-3329977.0	-3329977.0	-3329977.0	
1.0	2848.70068359	413174.09375	-123.599998474	6914.0	0.0	-8.39999961853	25.2999992371	1266.0	1234.0	0.0	7.0	12271.7998047	3552.69995117	0.0	657.5	0.0	0.0	0.0	0.0	-2886458.0	-2886458.0	-2886458.0	-2886458.0	
1.0	2848.85009766	413307.09375	-119.599998474	6912.0	0.0	-7.40000009537	22.2999992371	1241.0	1145.0	0.0	5.0	12187.7998047	3400.69995117	0.0	580.5	0.0	0.0	0.0	0.0	-3113753.0	-3113753.0	-3113753.0	-3113753.0	
1.0	2848.99975586	413282.09375	-122.599998474	6910.0	0.0	-9.39999961853	24.2999992371	1218.0	1223.0	0.0	9.0	11766.7998047	3559.69995117	0.0	677.5	0.0	0.0	0.0	0.0	-3913562.0	-3913562.0	-3913562.0	-3913562.0	
1.0	2849.14941406	413185.09375	-121.599998474	6910.0	0.0	-8.39999961853	28.2999992371	1331.0	1275.0	0.0	15.0	12293.7998047	3528.69995117	0.0	697.5	0.0	0.0	0.0	0.0	-2791844.0	-2791844.0	-2791844.0	-2791844.0	
1.0	2849.29907227	413328.09375	-121.599998474	6911.0	0.0	-8.39999961853	22.2999992371	1264.0	1244.0	0.0	6.0	12211.7998047	3419.69995117	0.0	636.5	0.0	0.0	0.0	0.0	-2589775.0	-2589775.0	-2589775.0	-2589775.0	
1.0	2849.44873047	413108.09375	-123.599998474	6907.0	0.0	0.600000023842	22.2999992371	1264.0	1243.0	0.0	7.0	12091.7998047	3545.69995117	0.0	632.5	0.0	0.0	0.0	0.0	-2564183.0	-2564183.0	-2564183.0	-2564183.0	
1.0	2849.60107422	412967.09375	-124.599998474	6908.0	0.0	8.60000038147	26.2999992371	1313.0	1279.0	0.0	12.0	12160.7998047	3644.69995117	0.0	650.5	0.0	0.0	0.0	0.0	-2595970.0	-2595970.0	-2595970.0	-2595970.0	
1.0	2849.75073242	412753.09375	-126.599998474	6893.0	0.0	7.59999990463	21.2999992371	1289.0	1338.0	0.0	4.0	12079.7998047	3700.69995117	0.0	589.5	0.0	0.0	0.0	0.0	-2550828.0	-2550828.0	-2550828.0	-2550828.0	
1.0	2849.90063477	412802.09375	-127.599998474	6913.0	0.0	-3.40000009537	16.2999992371	1295.0	1335.0	0.0	11.0	11882.7998047	3653.69995117	0.0	685.5	0.0	0.0	0.0	0.0	-4046133.0	-4046133.0	-4046133.0	-4046133.0	
1.0	2850.05029297	413147.09375	-124.599998474	6918.0	0.0	-6.40000009537	15.3000001907	1268.0	1275.0	0.0	7.0	12082.7998047	3597.69995117	0.0	618.5	0.0	0.0	0.0	0.0	-2956052.0	-2956052.0	-2956052.0	-2956052.0	
1.0	2850.20019531	412732.09375	-126.599998474	6903.0	0.0	-7.40000009537	18.2999992371	1388.0	1347.0	0.0	4.0	12133.7998047	3684.69995117	0.0	693.5	0.0	0.0	0.0	0.0	-2770444.0	-2770444.0	-2770444.0	-2770444.0	
1.0	2850.34985352	412380.09375	-122.599998474	6911.0	0.0	2.59999990463	17.2999992371	1386.0	1363.0	0.0	10.0	12045.7998047	3656.69995117	0.0	692.5	0.0	0.0	0.0	0.0	-3767264.0	-3767264.0	-3767264.0	-3767264.0	
1.0	2850.49975586	412423.09375	-126.599998474	6903.0	0.0	3.59999990463	18.2999992371	1362.0	1344.0	0.0	4.0	12444.7998047	3620.69995117	0.0	613.5	0.0	0.0	0.0	0.0	-3137928.0	-3137928.0	-3137928.0	-3137928.0	
1.0	2850.6496582	412436.09375	-124.599998474	6892.0	0.0	3.59999990463	16.2999992371	1385.0	1380.0	0.0	1.0	12497.7998047	3675.69995117	0.0	644.5	0.0	0.0	0.0	0.0	-2694703.0	-2694703.0	-2694703.0	-2694703.0	
1.0	2850.79956055	412518.09375	-126.599998474	6909.0	0.0	2.59999990463	16.2999992371	1400.0	1343.0	0.0	7.0	12247.7998047	3621.69995117	0.0	645.5	0.0	0.0	0.0	0.0	-3294313.0	-3294313.0	-3294313.0	-3294313.0	
1.0	2850.94946289	412325.09375	-126.599998474	6897.0	0.0	3.59999990463	18.2999992371	1323.0	1367.0	0.0	2.0	12162.7998047	3626.69995117	0.0	640.5	0.0	0.0	0.0	0.0	-3178744.0	-3178744.0	-3178744.0	-3178744.0	
1.0	2851.09936523	412618.09375	-125.599998474	6899.0	0.0	4.59999990463	18.2999992371	1420.0	1309.0	0.0	7.0	12125.7998047	3588.69995117	0.0	602.5	0.0	0.0	0.0	0.0	-3242566.0	-3242566.0	-3242566.0	-3242566.0	
1.0	2851.24926758	412507.09375	-125.599998474	6910.0	0.0	-2.40000009537	14.3000001907	1332.0	1294.0	0.0	7.0	11840.7998047	3548.69995117	0.0	588.5	0.0	0.0	0.0	0.0	-4065255.0	-4065255.0	-4065255.0	-4065255.0	
1.0	2851.39941406	412289.09375	-124.599998474	6906.0	0.0	-7.40000009537	16.2999992371	1359.0	1336.0	0.0	8.0	12263.7998047	3562.69995117	0.0	629.5	0.0	0.0	0.0	0.0	-2983825.0	-2983825.0	-2983825.0	-2983825.0	
1.0	2851.54931641	412538.09375	-124.599998474	6918.0	0.0	-6.40000009537	16.2999992371	1352.0	1393.0	0.0	6.0	12018.7998047	3744.69995117	0.0	681.5	0.0	0.0	0.0	0.0	-2981459.0	-2981459.0	-2981459.0	-2981459.0	
1.0	2851.69946289	412302.09375	-123.599998474	6897.0	0.0	-4.40000009537	16.2999992371	1309.0	1317.0	0.0	14.0	12352.7998047	3639.69995117	0.0	665.5	0.0	0.0	0.0	0.0	-2683576.0	-2683576.0	-2683576.0	-2683576.0	
1.0	2851.84936523	411947.09375	-125.599998474	6900.0	0.0	-12.3999996185	16.2999992371	1358.0	1350.0	0.0	2.0	12204.7998047	3614.69995117	0.0	638.5	0.0	0.0	0.0	0.0	-3072928.0	-3072928.0	-3072928.0	-3072928.0	
1.0	2851.99951172	411931.09375	-125.599998474	6897.0	0.0	-10.3999996185	15.3000001907	1253.0	1322.0	0.0	4.0	12198.7998047	3592.69995117	0.0	647.5	0.0	0.0	0.0	0.0	-2540927.0	-2540927.0	-2540927.0	-2540927.0	
1.0	2852.1496582	411991.09375	-124.599998474	6913.0	0.0	-13.3999996185	17.2999992371	1255.0	1238.0	0.0	9.0	12082.7998047	3467.69995117	0.0	666.5	0.0	0.0	0.0	0.0	-3512629.0	-3512629.0	-3512629.0	-3512629.0	
1.0	2852.29956055	412270.09375	-125.599998474	6912.0	0.0	-13.3999996185	16.2999992371	1320.0	1275.0	0.0	5.0	12342.7998047	3577.69995117	0.0	673.5	0.0	0.0	0.0	0.0	-3036486.0	-3036486.0	-3036486.0	-3036486.0	
1.0	2852.44970703	412295.09375	-125.599998474	6912.0	0.0	-15.3999996185	18.2999992371	1283.0	1218.0	0.0	4.0	12120.7998047	3518.69995117	0.0	637.5	0.0	0.0	0.0	0.0	-2890389.0	-2890389.0	-2890389.0	-2890389.0	
1.0	2852.60009766	411734.09375	-124.599998474	6917.0	0.0	-17.3999996185	14.3000001907	1299.0	1188.0	0.0	10.0	12133.7998047	3372.69995117	0.0	682.5	0.0	0.0	0.0	0.0	-3304063.0	-3304063.0	-3304063.0	-3304063.0	
1.0	2852.75024414	411880.09375	-125.599998474	6903.0	0.0	-16.3999996185	17.2999992371	1261.0	1217.0	0.0	6.0	12053.7998047	3615.69995117	0.0	696.5	0.0	0.0	0.0	0.0	-2940848.0	-2940848.0	-2940848.0	-2940848.0	
1.0	2852.90039062	411686.09375	-129.600006104	6934.0	0.0	-16.3999996185	16.2999992371	1243.0	1188.0	0.0	9.0	12109.7998047	3374.69995117	0.0	639.5	0.0	0.0	0.0	0.0	-3265761.0	-3265761.0	-3265761.0	-3265761.0	
1.0	2853.05053711	411711.09375	-124.599998474	6923.0	0.0	-7.40000009537	16.2999992371	1237.0	1211.0	0.0	7.0	12233.7998047	3497.69995117	0.0	629.5	0.0	0.0	0.0	0.0	-3394539.0	-3394539.0	-3394539.0	-3394539.0	
1.0	2853.20092773	411779.09375	-129.600006104	6931.0	0.0	-6.40000009537	15.3000001907	1140.0	1158.0	0.0	3.0	11625.7998047	3431.69995117	0.0	675.5	0.0	0.0	0.0	0.0	-3233228.0	-3233228.0	-3233228.0	-3233228.0	
1.0	2853.35107422	411475.09375	-125.599998474	6932.0	0.0	-12.3999996185	17.2999992371	1201.0	1148.0	0.0	6.0	12290.7998047	3471.69995117	0.0	649.5	0.0	0.0	0.0	0.0	-2661558.0	-2661558.0	-2661558.0	-2661558.0	
1.0	2853.4987793	411594.09375	-125.599998474	6916.0	0.0	-9.39999961853	20.2999992371	1188.0	1169.0	0.0	6.0	12223.7998047	3447.69995117	0.0	692.5	0.0	0.0	0.0	0.0	-2834347.0	-2834347.0	-2834347.0	-2834347.0	
1.0	2853.64916992	411459.09375	-121.599998474	6913.0	0.0	-10.3999996185	18.2999992371	1153.0	1150.0	0.0	8.0	11957.7998047	3358.69995117	0.0	660.5	0.0	0.0	0.0	0.0	-3254152.0	-3254152.0	-3254152.0	-3254152.0	
1.0	2853.79956055	411482.09375	-143.600006104	6909.0	0.0	-10.3999996185	14.3000001907	1185.0	1081.0	0.0	5.0	12255.7998047	3301.69995117	0.0	669.5	0.0	0.0	0.0	0.0	-2811511.0	-2811511.0	-2811511.0	-2811511.0	
1.0	2853.94995117	411408.09375	-122.599998474	6923.0	0.0	-8.39999961853	19.2999992371	1099.0	1095.0	0.0	5.0	11957.7998047	3365.69995117	0.0	648.5	0.0	0.0	0.0	0.0	-3543314.0	-3543314.0	-3543314.0	-3543314.0	
1.0	2854.1003418	411274.09375	-122.599998474	6911.0	0.0	-9.39999961853	25.2999992371	1133.0	1063.0	0.0	6.0	12131.7998047	3317.69995117	0.0	629.5	0.0	0.0	0.0	0.0	-3260562.0	-3260562.0	-3260562.0	-3260562.0	
1.0	2854.25073242	411440.09375	-124.599998474	6903.0	0.0	-9.39999961853	25.2999992371	1140.0	1090.0	0.0	5.0	11950.7998047	3363.69995117	0.0	643.5	0.0	0.0	0.0	0.0	-2986449.0	-2986449.0	-2986449.0	-2986449.0	
1.0	2854.40112305	411111.09375	-125.599998474	6895.0	0.0	-6.40000009537	26.2999992371	1136.0	1113.0	0.0	8.0	12192.7998047	3306.69995117	0.0	641.5	0.0	0.0	0.0	0.0	-3521372.0	-3521372.0	-3521372.0	-3521372.0	
1.0	2854.54907227	411135.09375	-123.599998474	6908.0	0.0	-6.40000009537	26.2999992371	1174.0	1115.0	0.0	2.0	12163.7998047	3370.69995117	0.0	657.5	0.0	0.0	0.0	0.0	-3126667.0	-3126667.0	-3126667.0	-3126667.0	
1.0	2854.69946289	411288.09375	-125.599998474	6898.0	0.0	-9.39999961853	17.2999992371	1129.0	1094.0	0.0	10.0	11967.7998047	3286.69995117	0.0	682.5	0.0	0.0	0.0	0.0	-2772245.0	-2772245.0	-2772245.0	-2772245.0	
1.0	2854.85009766	411176.09375	-121.599998474	6899.0	0.0	-6.40000009537	16.2999992371	1126.0	1090.0	0.0	7.0	12067.7998047	3312.69995117	0.0	642.5	0.0	0.0	0.0	0.0	-3144840.0	-3144840.0	-3144840.0	-3144840.0	
1.0	2855.00048828	411137.09375	-120.599998474	6907.0	0.0	-6.40000009537	14.3000001907	1121.0	1148.0	0.0	6.0	11957.7998047	3415.69995117	0.0	705.5	0.0	0.0	0.0	0.0	-2628859.0	-2628859.0	-2628859.0	-2628859.0	
1.0	2855.49902344	410768.09375	-121.599998474	6903.0	0.0	-9.39999961853	16.2999992371	1135.0	1125.0	0.0	6.0	11894.7998047	3360.69995117	0.0	643.5	0.0	0.0	0.0	0.0	-3100805.0	-3100805.0	-3100805.0	-3100805.0	
1.0	2856.00048828	410791.09375	-122.599998474	6922.0	0.0	-5.40000009537	16.2999992371	1155.0	1186.0	0.0	7.0	11864.7998047	3485.69995117	0.0	639.5	0.0	0.0	0.0	0.0	-2751075.0	-2751075.0	-2751075.0	-2751075.0	
1.0	2856.49926758	410776.09375	-123.599998474	6899.0	0.0	-5.40000009537	15.3000001907	1181.0	1083.0	0.0	4.0	12163.7998047	3374.69995117	0.0	662.5	0.0	0.0	0.0	0.0	-2829283.0	-2829283.0	-2829283.0	-2829283.0	
1.0	2857.0012207	410684.09375	-121.599998474	6917.0	0.0	-7.40000009537	14.3000001907	1179.0	1169.0	0.0	6.0	12172.7998047	3388.69995117	0.0	647.5	0.0	0.0	0.0	0.0	-2847227.0	-2847227.0	-2847227.0	-2847227.0	
1.0	2857.50073242	410754.09375	-122.599998474	6896.0	0.0	-8.39999961853	16.2999992371	1192.0	1123.0	0.0	5.0	12194.7998047	3398.69995117	0.0	631.5	0.0	0.0	0.0	0.0	-3054745.0	-3054745.0	-3054745.0	-3054745.0	
1.0	2858.00048828	410535.09375	-124.599998474	6903.0	0.0	-6.40000009537	15.3000001907	1141.0	1103.0	0.0	9.0	11767.7998047	3304.69995117	0.0	632.5	0.0	0.0	0.0	0.0	-3438991.0	-3438991.0	-3438991.0	-3438991.0	
1.0	2858.50048828	410738.09375	-124.599998474	6913.0	0.0	-6.40000009537	12.3000001907	1157.0	1198.0	0.0	7.0	12101.7998047	3506.69995117	0.0	620.5	0.0	0.0	0.0	0.0	-2975737.0	-2975737.0	-2975737.0	-2975737.0	
1.0	2859.00073242	410527.09375	-121.599998474	6934.0	0.0	5.59999990463	16.2999992371	1174.0	1169.0	0.0	4.0	12001.7998047	3488.69995117	0.0	637.5	0.0	0.0	0.0	0.0	-3159611.0	-3159611.0	-3159611.0	-3159611.0	
1.0	2859.4987793	410417.09375	-124.599998474	6892.0	0.0	-1.39999997616	15.3000001907	1164.0	1234.0	0.0	8.0	11994.7998047	3504.69995117	0.0	615.5	0.0	0.0	0.0	0.0	-2718888.0	-2718888.0	-2718888.0	-2718888.0	
1.0	2859.99951172	410180.09375	-123.599998474	6895.0	0.0	-3.40000009537	14.3000001907	1228.0	1163.0	0.0	10.0	12307.7998047	3318.69995117	0.0	692.5	0.0	0.0	0.0	0.0	-3305290.0	-3305290.0	-3305290.0	-3305290.0	
1.0	2860.50048828	410400.09375	-122.599998474	6899.0	0.0	-5.40000009537	12.3000001907	1112.0	1168.0	0.0	9.0	12050.7998047	3447.69995117	0.0	671.5	0.0	0.0	0.0	0.0	-3002720.0	-3002720.0	-3002720.0	-3002720.0	
1.0	2860.99926758	410179.09375	-124.599998474	6901.0	0.0	-6.40000009537	12.3000001907	1202.0	1154.0	0.0	7.0	12103.7998047	3472.69995117	0.0	676.5	0.0	0.0	0.0	0.0	-2925530.0	-2925530.0	-2925530.0	-2925530.0	
1.0	2861.50073242	409914.09375	-123.599998474	6899.0	0.0	-11.3999996185	13.3000001907	1244.0	1208.0	0.0	11.0	12276.7998047	3466.69995117	0.0	670.5	0.0	0.0	0.0	0.0	-2654073.0	-2654073.0	-2654073.0	-2654073.0	
1.0	2862.0	410136.09375	-125.599998474	6899.0	0.0	-9.39999961853	12.3000001907	1230.0	1208.0	0.0	4.0	12475.7998047	3457.69995117	0.0	695.5	0.0	0.0	0.0	0.0	-3070834.0	-3070834.0	-3070834.0	-3070834.0	
1.0	2862.49926758	409947.09375	-126.599998474	6903.0	0.0	-8.39999961853	11.3000001907	1204.0	1186.0	0.0	4.0	12446.7998047	3518.69995117	0.0	672.5	0.0	0.0	0.0	0.0	-2767017.0	-2767017.0	-2767017.0	-2767017.0	
1.0	2862.99902344	409993.09375	-124.599998474	6907.0	0.0	-8.39999961853	10.3000001907	1172.0	1228.0	0.0	9.0	11998.7998047	3562.69995117	0.0	607.5	0.0	0.0	0.0	0.0	-2496268.0	-2496268.0	-2496268.0	-2496268.0	
1.0	2863.49902344	409780.09375	-122.599998474	6903.0	0.0	-6.40000009537	11.3000001907	1287.0	1156.0	0.0	10.0	12356.7998047	3450.69995117	0.0	597.5	0.0	0.0	0.0	0.0	-3232834.0	-3232834.0	-3232834.0	-3232834.0	
1.0	2863.99926758	409676.09375	-126.599998474	6894.0	0.0	0.600000023842	9.30000019073	1222.0	1120.0	0.0	6.0	12527.7998047	3395.69995117	0.0	669.5	0.0	0.0	0.0	0.0	-2989635.0	-2989635.0	-2989635.0	-2989635.0	
1.0	2864.49975586	409595.09375	-120.599998474	6904.0	0.0	-1.39999997616	11.3000001907	1251.0	1180.0	0.0	4.0	12464.7998047	3502.69995117	0.0	662.5	0.0	0.0	0.0	0.0	-2679535.0	-2679535.0	-2679535.0	-2679535.0	
1.0	2865.00048828	409715.09375	-123.599998474	6905.0	0.0	-17.3999996185	13.3000001907	1231.0	1153.0	0.0	7.0	12660.7998047	3441.69995117	0.0	629.5	0.0	0.0	0.0	0.0	-3007899.0	-3007899.0	-3007899.0	-3007899.0	
1.0	2865.4987793	409634.09375	-122.599998474	6889.0	0.0	-14.3999996185	10.3000001907	1176.0	1183.0	0.0	6.0	12266.7998047	3504.69995117	0.0	653.5	0.0	0.0	0.0	0.0	-2597531.0	-2597531.0	-2597531.0	-2597531.0	
1.0	2866.0	409182.09375	-120.599998474	6896.0	0.0	-9.39999961853	9.30000019073	1216.0	1210.0	0.0	8.0	12283.7998047	3497.69995117	0.0	687.5	0.0	0.0	0.0	0.0	-2653746.0	-2653746.0	-2653746.0	-2653746.0	
1.0	2866.4987793	409160.09375	-126.599998474	6900.0	0.0	-6.40000009537	15.3000001907	1230.0	1184.0	0.0	8.0	12207.7998047	3425.69995117	0.0	672.5	0.0	0.0	0.0	0.0	-2687635.0	-2687635.0	-2687635.0	-2687635.0	
1.0	2867.00048828	409432.09375	-120.599998474	6899.0	0.0	-6.40000009537	2.29999995232	1210.0	1191.0	0.0	7.0	12562.7998047	3408.69995117	0.0	659.5	0.0	0.0	0.0	0.0	-2866979.0	-2866979.0	-2866979.0	-2866979.0	
1.0	2867.5	409253.09375	-121.599998474	6903.0	0.0	-5.40000009537	-6.69999980927	1210.0	1248.0	0.0	7.0	11875.7998047	3498.69995117	0.0	610.5	0.0	0.0	0.0	0.0	-3155736.0	-3155736.0	-3155736.0	-3155736.0	
1.0	2867.99951172	409124.09375	-120.599998474	6900.0	0.0	-3.40000009537	-7.69999980927	1178.0	1271.0	0.0	7.0	11964.7998047	3512.69995117	0.0	696.5	0.0	0.0	0.0	0.0	-3636941.0	-3636941.0	-3636941.0	-3636941.0	
1.0	2868.49951172	409124.09375	-117.599998474	6902.0	0.0	-1.39999997616	-9.69999980927	1193.0	1134.0	0.0	4.0	12633.7998047	3327.69995117	0.0	671.5	0.0	0.0	0.0	0.0	-2898022.0	-2898022.0	-2898022.0	-2898022.0	
1.0	2868.99951172	408840.09375	-122.599998474	6898.0	0.0	-4.40000009537	-6.69999980927	1185.0	1157.0	0.0	12.0	12327.7998047	3490.69995117	0.0	658.5	0.0	0.0	0.0	0.0	-2691952.0	-2691952.0	-2691952.0	-2691952.0	
1.0	2869.5	409056.09375	-140.600006104	6918.0	0.0	-6.40000009537	4.30000019073	1131.0	1135.0	0.0	4.0	12040.7998047	3505.69995117	0.0	677.5	0.0	0.0	0.0	0.0	-2582696.0	-2582696.0	-2582696.0	-2582696.0	
1.0	2870.00048828	409111.09375	-143.600006104	6896.0	0.0	-3.40000009537	6.30000019073	1214.0	1135.0	0.0	7.0	12509.7998047	3389.69995117	0.0	684.5	0.0	0.0	0.0	0.0	-2538079.0	-2538079.0	-2538079.0	-2538079.0	
1.0	2870.99975586	408784.09375	-123.599998474	6891.0	0.0	-12.3999996185	4.30000019073	1223.0	1186.0	0.0	8.0	12495.7998047	3439.69995117	0.0	652.5	0.0	0.0	0.0	0.0	-2736599.0	-2736599.0	-2736599.0	-2736599.0	
1.0	2872.00024414	408668.09375	-121.599998474	6892.0	0.0	-13.3999996185	4.30000019073	1246.0	1158.0	0.0	3.0	12051.7998047	3476.69995117	0.0	658.5	0.0	0.0	0.0	0.0	-3168848.0	-3168848.0	-3168848.0	-3168848.0	
1.0	2872.99902344	408528.09375	-125.599998474	6904.0	0.0	-13.3999996185	6.30000019073	1253.0	1247.0	0.0	9.0	12502.7998047	3557.69995117	0.0	697.5	0.0	0.0	0.0	0.0	-2891499.0	-2891499.0	-2891499.0	-2891499.0	
1.0	2873.9987793	408603.09375	-126.599998474	6881.0	0.0	-8.39999961853	5.30000019073	1276.0	1236.0	0.0	7.0	12519.7998047	3608.69995117	0.0	632.5	0.0	0.0	0.0	0.0	-3147387.0	-3147387.0	-3147387.0	-3147387.0	
1.0	2874.99951172	408307.09375	-136.600006104	6895.0	0.0	-8.39999961853	6.30000019073	1240.0	1264.0	0.0	13.0	12167.7998047	3539.69995117	0.0	696.5	0.0	0.0	0.0	0.0	-2692619.0	-2692619.0	-2692619.0	-2692619.0	
1.0	2876.0012207	408271.09375	-133.600006104	6906.0	0.0	-5.40000009537	5.30000019073	1246.0	1284.0	0.0	11.0	12139.7998047	3656.69995117	0.0	692.5	0.0	0.0	0.0	0.0	-3733969.0	-3733969.0	-3733969.0	-3733969.0	
1.0	2876.9987793	408425.09375	-131.600006104	6908.0	0.0	-6.40000009537	5.30000019073	1315.0	1339.0	0.0	8.0	12470.7998047	3601.69995117	0.0	692.5	0.0	0.0	0.0	0.0	-2853949.0	-2853949.0	-2853949.0	-2853949.0	
1.0	2878.0	407997.09375	-129.600006104	6912.0	0.0	-5.40000009537	5.30000019073	1359.0	1436.0	0.0	7.0	12490.7998047	3715.69995117	0.0	647.5	0.0	0.0	0.0	0.0	-2824741.0	-2824741.0	-2824741.0	-2824741.0	
1.0	2878.99951172	407995.09375	-128.600006104	6897.0	0.0	-7.40000009537	7.30000019073	1457.0	1385.0	0.0	3.0	12479.7998047	3732.69995117	0.0	652.5	0.0	0.0	0.0	0.0	-3160027.0	-3160027.0	-3160027.0	-3160027.0	
1.0	2880.0	407686.09375	-125.599998474	6910.0	0.0	-5.40000009537	3.29999995232	1502.0	1420.0	0.0	7.0	12507.7998047	3810.69995117	0.0	665.5	0.0	0.0	0.0	0.0	-2624285.0	-2624285.0	-2624285.0	-2624285.0	
1.0	2880.9987793	407705.09375	-126.599998474	6909.0	0.0	-4.40000009537	8.30000019073	1464.0	1452.0	0.0	4.0	12680.7998047	3838.69995117	0.0	685.5	0.0	0.0	0.0	0.0	-2568420.0	-2568420.0	-2568420.0	-2568420.0	
1.0	2882.0012207	407613.09375	-122.599998474	6895.0	0.0	-5.40000009537	8.30000019073	1487.0	1525.0	0.0	5.0	12754.7998047	3937.69995117	0.0	630.5	0.0	0.0	0.0	0.0	-2904563.0	-2904563.0	-2904563.0	-2904563.0	
1.0	2882.99951172	407417.09375	-122.599998474	6897.0	0.0	1.60000002384	8.30000019073	1479.0	1524.0	0.0	8.0	12781.7998047	3964.69995117	0.0	718.5	0.0	0.0	0.0	0.0	-2747190.0	-2747190.0	-2747190.0	-2747190.0	
1.0	2884.0012207	407355.09375	-121.599998474	6910.0	0.0	0.600000023842	6.30000019073	1496.0	1536.0	0.0	6.0	12918.7998047	3869.69995117	0.0	676.5	0.0	0.0	0.0	0.0	-2953088.0	-2953088.0	-2953088.0	-2953088.0	
1.0	2884.9987793	407292.09375	-121.599998474	6902.0	0.0	0.600000023842	6.30000019073	1411.0	1553.0	0.0	10.0	12660.7998047	3950.69995117	0.0	744.5	0.0	0.0	0.0	0.0	-2618223.0	-2618223.0	-2618223.0	-2618223.0	
1.0	2886.0	407181.09375	-123.599998474	6906.0	0.0	2.59999990463	7.30000019073	1557.0	1445.0	0.0	11.0	12853.7998047	3800.69995117	0.0	606.5	0.0	0.0	0.0	0.0	-2738277.0	-2738277.0	-2738277.0	-2738277.0	
1.0	2886.99951172	407064.09375	-121.599998474	6906.0	0.0	4.59999990463	3.29999995232	1525.0	1468.0	0.0	4.0	12932.7998047	3861.69995117	0.0	661.5	0.0	0.0	0.0	0.0	-2637734.0	-2637734.0	-2637734.0	-2637734.0	
1.0	2890.0012207	407027.09375	-119.599998474	6915.0	0.0	1.60000002384	5.30000019073	1398.0	1529.0	0.0	3.0	12547.7998047	3942.69995117	0.0	652.5	0.0	0.0	0.0	0.0	-3293513.0	-3293513.0	-3293513.0	-3293513.0	
1.0	2893.0012207	406418.09375	-122.599998474	6916.0	0.0	1.60000002384	5.30000019073	1378.0	1349.0	0.0	9.0	13166.7998047	3647.69995117	0.0	692.5	0.0	0.0	0.0	0.0	-2956712.0	-2956712.0	-2956712.0	-2956712.0	
1.0	2895.99926758	406025.09375	-127.599998474	6903.0	0.0	-2.40000009537	5.30000019073	1321.0	1253.0	0.0	8.0	12694.7998047	3698.69995117	0.0	666.5	0.0	0.0	0.0	0.0	-2739893.0	-2739893.0	-2739893.0	-2739893.0	
1.0	2899.00097656	405892.09375	-122.599998474	6908.0	0.0	-6.40000009537	6.30000019073	1301.0	1222.0	0.0	11.0	12861.7998047	3616.69995117	0.0	663.5	0.0	0.0	0.0	0.0	-3293411.0	-3293411.0	-3293411.0	-3293411.0	
1.0	2902.00073242	405783.09375	-116.599998474	6901.0	0.0	-6.40000009537	2.29999995232	1205.0	1249.0	0.0	4.0	12571.7998047	3597.69995117	0.0	618.5	0.0	0.0	0.0	0.0	-2913948.0	-2913948.0	-2913948.0	-2913948.0	
1.0	2905.0012207	405262.09375	-125.599998474	6898.0	0.0	-15.3999996185	1.29999995232	1258.0	1199.0	0.0	8.0	12384.7998047	3618.69995117	0.0	676.5	0.0	0.0	0.0	0.0	-3239256.0	-3239256.0	-3239256.0	-3239256.0	
