SSRL   MicroEXAFS Data Collector 2.0 
Wed Jul 03 16:40:43 2019
PTS:	205	COLS:	24
alexbox-4ch-xspress.det
RuL3_edge_cell.rgn
SSRL BEAMLINE
COMMENTS





S1VGAP: 0.800000	S1HGAP: 1.000000	TABLEHORZ: 5.000000	SAMPLEV: 41.000000	CALVERT: 4.100521	BPVRT: 46.657988	M1VERT: 6.971044	SAMPLEHOLD: 25.998010	S1HTRAN: 4.775000	

Weights:
 1.000	1.000	1.000	1.000	1.000	1.000	1.000	1.000	1.000	1.000	1.000	1.000	1.000	1.000	1.000	1.000	1.000	1.000	1.000	1.000	1.000	1.000	
Offsets:
 480.9	1036.6	3120.0	0.0	112.4	585.7	0.0	0.0	0.0	0.0	0.2	1.3	0.0	1.5	0.0	0.0	0.0	0.0	79708896.9	79708896.9	79708896.9	79708896.9	
Data:
Real Time Clock
Requested Energy
I0   
I1   
I2   
I3   
MPFB1   
MPFB2   
FF1   
FF2   
FF3   
FF4   
ICR1   
ICR2   
ICR3   
ICR4   
SCA2.1   
SCA2.2   
SCA2.3   
SCA2.4   
TIME1   
TIME2   
TIME3   
TIME4   

1.0	2810.00097656	407723.09375	-133.600006104	6977.0	0.0	3.59999990463	51.2999992371	95.0	30.0	0.0	12.0	9836.79980469	1970.69995117	0.0	622.5	0.0	0.0	0.0	0.0	-2568722.0	-2568722.0	-2568722.0	-2568722.0	
1.0	2810.99975586	407845.09375	-131.600006104	6969.0	0.0	6.59999990463	50.2999992371	91.0	36.0	0.0	9.0	10031.7998047	1873.69995117	0.0	639.5	0.0	0.0	0.0	0.0	-3129928.0	-3129928.0	-3129928.0	-3129928.0	
1.0	2811.99951172	407480.09375	-133.600006104	6976.0	0.0	3.59999990463	51.2999992371	85.0	24.0	0.0	5.0	9398.79980469	1950.69995117	0.0	612.5	0.0	0.0	0.0	0.0	-4179100.0	-4179100.0	-4179100.0	-4179100.0	
1.0	2813.00024414	407243.09375	-133.600006104	6973.0	0.0	4.59999990463	53.2999992371	79.0	33.0	0.0	8.0	9675.79980469	1933.69995117	0.0	605.5	0.0	0.0	0.0	0.0	-2960657.0	-2960657.0	-2960657.0	-2960657.0	
1.0	2813.99951172	407526.09375	-142.600006104	6970.0	0.0	1.60000002384	56.2999992371	107.0	45.0	0.0	12.0	9758.79980469	1958.69995117	0.0	643.5	0.0	0.0	0.0	0.0	-2787463.0	-2787463.0	-2787463.0	-2787463.0	
1.0	2815.0	407019.09375	-134.600006104	6980.0	0.0	4.59999990463	52.2999992371	108.0	37.0	0.0	8.0	9590.79980469	1989.69995117	0.0	616.5	0.0	0.0	0.0	0.0	-3251952.0	-3251952.0	-3251952.0	-3251952.0	
1.0	2815.99902344	406919.09375	-137.600006104	6973.0	0.0	1.60000002384	45.2999992371	106.0	44.0	0.0	13.0	9763.79980469	1949.69995117	0.0	682.5	0.0	0.0	0.0	0.0	-3653337.0	-3653337.0	-3653337.0	-3653337.0	
1.0	2816.99902344	406899.09375	-134.600006104	6979.0	0.0	1.60000002384	52.2999992371	98.0	28.0	0.0	6.0	10086.7998047	1930.69995117	0.0	622.5	0.0	0.0	0.0	0.0	-3173518.0	-3173518.0	-3173518.0	-3173518.0	
1.0	2818.0	406762.09375	-132.600006104	6973.0	0.0	3.59999990463	52.2999992371	106.0	33.0	0.0	3.0	9732.79980469	1972.69995117	0.0	644.5	0.0	0.0	0.0	0.0	-2806895.0	-2806895.0	-2806895.0	-2806895.0	
1.0	2818.99975586	406959.09375	-134.600006104	6982.0	0.0	4.59999990463	52.2999992371	90.0	46.0	0.0	8.0	9786.79980469	1940.69995117	0.0	669.5	0.0	0.0	0.0	0.0	-3184306.0	-3184306.0	-3184306.0	-3184306.0	
1.0	2820.00048828	406555.09375	-136.600006104	6988.0	0.0	0.600000023842	52.2999992371	111.0	62.0	0.0	8.0	9993.79980469	1988.69995117	0.0	633.5	0.0	0.0	0.0	0.0	-2849661.0	-2849661.0	-2849661.0	-2849661.0	
1.0	2820.99975586	406308.09375	-135.600006104	6984.0	0.0	-3.40000009537	51.2999992371	147.0	110.0	0.0	7.0	10114.7998047	2044.69995117	0.0	657.5	0.0	0.0	0.0	0.0	-2692078.0	-2692078.0	-2692078.0	-2692078.0	
1.0	2822.0	406140.09375	-133.600006104	6986.0	0.0	-3.40000009537	52.2999992371	255.0	298.0	0.0	5.0	10219.7998047	2328.69995117	0.0	593.5	0.0	0.0	0.0	0.0	-3076501.0	-3076501.0	-3076501.0	-3076501.0	
1.0	2822.9987793	406235.09375	-134.600006104	6982.0	0.0	-0.40000000596	53.2999992371	317.0	467.0	0.0	1.0	10357.7998047	2665.69995117	0.0	598.5	0.0	0.0	0.0	0.0	-2693320.0	-2693320.0	-2693320.0	-2693320.0	
1.0	2824.0012207	405764.09375	-133.600006104	6986.0	0.0	-0.40000000596	53.2999992371	447.0	558.0	0.0	13.0	10330.7998047	2785.69995117	0.0	613.5	0.0	0.0	0.0	0.0	-3190139.0	-3190139.0	-3190139.0	-3190139.0	
1.0	2824.99951172	406611.09375	-131.600006104	6998.0	0.0	-4.40000009537	52.2999992371	436.0	671.0	0.0	9.0	10167.7998047	2934.69995117	0.0	621.5	0.0	0.0	0.0	0.0	-2461338.0	-2461338.0	-2461338.0	-2461338.0	
1.0	2825.99902344	405656.09375	-134.600006104	6992.0	0.0	-2.40000009537	51.2999992371	421.0	636.0	0.0	5.0	10338.7998047	2945.69995117	0.0	564.5	0.0	0.0	0.0	0.0	-2699457.0	-2699457.0	-2699457.0	-2699457.0	
1.0	2826.99951172	404963.09375	-145.600006104	6985.0	0.0	-5.40000009537	54.2999992371	449.0	671.0	0.0	11.0	10515.7998047	2898.69995117	0.0	640.5	0.0	0.0	0.0	0.0	-3133068.0	-3133068.0	-3133068.0	-3133068.0	
1.0	2828.0012207	405201.09375	-137.600006104	6969.0	0.0	-5.40000009537	48.2999992371	436.0	620.0	0.0	12.0	10569.7998047	2799.69995117	0.0	643.5	0.0	0.0	0.0	0.0	-3201800.0	-3201800.0	-3201800.0	-3201800.0	
1.0	2829.0012207	405138.09375	-133.600006104	6991.0	0.0	-4.40000009537	53.2999992371	411.0	542.0	0.0	9.0	10375.7998047	2788.69995117	0.0	645.5	0.0	0.0	0.0	0.0	-2713437.0	-2713437.0	-2713437.0	-2713437.0	
1.0	2829.99975586	404572.09375	-130.600006104	6993.0	0.0	-17.3999996185	53.2999992371	383.0	478.0	0.0	6.0	10571.7998047	2735.69995117	0.0	636.5	0.0	0.0	0.0	0.0	-2660220.0	-2660220.0	-2660220.0	-2660220.0	
1.0	2830.99951172	404685.09375	-129.600006104	7002.0	0.0	-20.3999996185	44.2999992371	388.0	458.0	0.0	6.0	10488.7998047	2660.69995117	0.0	596.5	0.0	0.0	0.0	0.0	-3018903.0	-3018903.0	-3018903.0	-3018903.0	
1.0	2832.00024414	404546.09375	-130.600006104	6989.0	0.0	-22.3999996185	40.2999992371	335.0	439.0	0.0	6.0	10204.7998047	2638.69995117	0.0	630.5	0.0	0.0	0.0	0.0	-2639717.0	-2639717.0	-2639717.0	-2639717.0	
1.0	2832.99926758	404637.09375	-134.600006104	6971.0	0.0	-22.3999996185	45.2999992371	368.0	468.0	0.0	8.0	10314.7998047	2647.69995117	0.0	630.5	0.0	0.0	0.0	0.0	-3121195.0	-3121195.0	-3121195.0	-3121195.0	
1.0	2833.99951172	404802.09375	-129.600006104	7000.0	0.0	-20.3999996185	46.2999992371	336.0	458.0	0.0	4.0	10448.7998047	2646.69995117	0.0	584.5	0.0	0.0	0.0	0.0	-2705126.0	-2705126.0	-2705126.0	-2705126.0	
1.0	2835.00073242	404513.09375	-132.600006104	6985.0	0.0	-18.3999996185	43.2999992371	381.0	496.0	0.0	6.0	10323.7998047	2644.69995117	0.0	651.5	0.0	0.0	0.0	0.0	-2591277.0	-2591277.0	-2591277.0	-2591277.0	
1.0	2836.00073242	404349.09375	-130.600006104	6988.0	0.0	-20.3999996185	36.2999992371	403.0	559.0	0.0	9.0	10384.7998047	2704.69995117	0.0	641.5	0.0	0.0	0.0	0.0	-3043286.0	-3043286.0	-3043286.0	-3043286.0	
1.0	2836.40039062	404360.09375	-131.600006104	6986.0	0.0	-21.3999996185	44.2999992371	406.0	559.0	0.0	8.0	10663.7998047	2695.69995117	0.0	651.5	0.0	0.0	0.0	0.0	-2708498.0	-2708498.0	-2708498.0	-2708498.0	
1.0	2836.55053711	404487.09375	-129.600006104	6990.0	0.0	-19.3999996185	39.2999992371	432.0	552.0	0.0	5.0	10406.7998047	2747.69995117	0.0	610.5	0.0	0.0	0.0	0.0	-3275235.0	-3275235.0	-3275235.0	-3275235.0	
1.0	2836.70092773	404208.09375	-131.600006104	6987.0	0.0	-20.3999996185	28.2999992371	421.0	612.0	0.0	7.0	10270.7998047	2797.69995117	0.0	630.5	0.0	0.0	0.0	0.0	-2510897.0	-2510897.0	-2510897.0	-2510897.0	
1.0	2836.85107422	404225.09375	-134.600006104	6996.0	0.0	-19.3999996185	30.2999992371	421.0	570.0	0.0	6.0	10550.7998047	2681.69995117	0.0	607.5	0.0	0.0	0.0	0.0	-3067850.0	-3067850.0	-3067850.0	-3067850.0	
1.0	2836.9987793	404613.09375	-131.600006104	6995.0	0.0	-20.3999996185	32.2999992371	390.0	560.0	0.0	7.0	10170.7998047	2710.69995117	0.0	651.5	0.0	0.0	0.0	0.0	-4052530.0	-4052530.0	-4052530.0	-4052530.0	
1.0	2837.14916992	406354.09375	-135.600006104	7005.0	0.0	-8.39999961853	20.2999992371	432.0	564.0	0.0	7.0	10425.7998047	2793.69995117	0.0	600.5	0.0	0.0	0.0	0.0	-2794138.0	-2794138.0	-2794138.0	-2794138.0	
1.0	2837.29956055	407678.09375	-134.600006104	6978.0	0.0	-3.40000009537	19.2999992371	461.0	581.0	0.0	11.0	10611.7998047	2792.69995117	0.0	631.5	0.0	0.0	0.0	0.0	-3269835.0	-3269835.0	-3269835.0	-3269835.0	
1.0	2837.44995117	408968.09375	-132.600006104	6996.0	0.0	-4.40000009537	18.2999992371	489.0	613.0	0.0	5.0	10774.7998047	2811.69995117	0.0	605.5	0.0	0.0	0.0	0.0	-2890401.0	-2890401.0	-2890401.0	-2890401.0	
1.0	2837.6003418	409131.09375	-132.600006104	6992.0	0.0	-3.40000009537	21.2999992371	468.0	657.0	0.0	14.0	10629.7998047	2905.69995117	0.0	668.5	0.0	0.0	0.0	0.0	-2761196.0	-2761196.0	-2761196.0	-2761196.0	
1.0	2837.75073242	409314.09375	-135.600006104	6999.0	0.0	-16.3999996185	22.2999992371	533.0	655.0	0.0	11.0	10616.7998047	2929.69995117	0.0	610.5	0.0	0.0	0.0	0.0	-2962457.0	-2962457.0	-2962457.0	-2962457.0	
1.0	2837.90136719	409202.09375	-133.600006104	7004.0	0.0	-18.3999996185	36.2999992371	533.0	707.0	0.0	11.0	10902.7998047	3042.69995117	0.0	662.5	0.0	0.0	0.0	0.0	-2631607.0	-2631607.0	-2631607.0	-2631607.0	
1.0	2838.04907227	409320.09375	-133.600006104	7008.0	0.0	-19.3999996185	36.2999992371	517.0	665.0	0.0	9.0	10853.7998047	2879.69995117	0.0	611.5	0.0	0.0	0.0	0.0	-2630357.0	-2630357.0	-2630357.0	-2630357.0	
1.0	2838.19970703	409402.09375	-134.600006104	7006.0	0.0	-18.3999996185	31.2999992371	518.0	739.0	0.0	12.0	10591.7998047	3019.69995117	0.0	636.5	0.0	0.0	0.0	0.0	-2954758.0	-2954758.0	-2954758.0	-2954758.0	
1.0	2838.35009766	409018.09375	-133.600006104	7005.0	0.0	-18.3999996185	26.2999992371	554.0	722.0	0.0	11.0	10667.7998047	2977.69995117	0.0	685.5	0.0	0.0	0.0	0.0	-3199141.0	-3199141.0	-3199141.0	-3199141.0	
1.0	2838.50073242	409079.09375	-136.600006104	7001.0	0.0	-19.3999996185	29.2999992371	615.0	756.0	0.0	8.0	10917.7998047	3059.69995117	0.0	690.5	0.0	0.0	0.0	0.0	-3070003.0	-3070003.0	-3070003.0	-3070003.0	
1.0	2838.64868164	409158.09375	-137.600006104	7018.0	0.0	-19.3999996185	37.2999992371	618.0	816.0	0.0	5.0	10696.7998047	3141.69995117	0.0	644.5	0.0	0.0	0.0	0.0	-2901140.0	-2901140.0	-2901140.0	-2901140.0	
1.0	2838.79931641	409207.09375	-137.600006104	6995.0	0.0	-17.3999996185	40.2999992371	654.0	850.0	0.0	9.0	10823.7998047	3108.69995117	0.0	646.5	0.0	0.0	0.0	0.0	-3143940.0	-3143940.0	-3143940.0	-3143940.0	
1.0	2838.94995117	408985.09375	-135.600006104	6990.0	0.0	-17.3999996185	40.2999992371	732.0	910.0	0.0	5.0	10900.7998047	3080.69995117	0.0	648.5	0.0	0.0	0.0	0.0	-2933198.0	-2933198.0	-2933198.0	-2933198.0	
1.0	2839.10058594	408824.09375	-140.600006104	7003.0	0.0	-18.3999996185	41.2999992371	758.0	943.0	0.0	11.0	10922.7998047	3174.69995117	0.0	655.5	0.0	0.0	0.0	0.0	-3227180.0	-3227180.0	-3227180.0	-3227180.0	
1.0	2839.2487793	409043.09375	-136.600006104	7003.0	0.0	-19.3999996185	42.2999992371	777.0	1020.0	0.0	8.0	11137.7998047	3340.69995117	0.0	678.5	0.0	0.0	0.0	0.0	-2614404.0	-2614404.0	-2614404.0	-2614404.0	
1.0	2839.39941406	408863.09375	-140.600006104	6993.0	0.0	-22.3999996185	42.2999992371	892.0	1163.0	0.0	7.0	11062.7998047	3411.69995117	0.0	643.5	0.0	0.0	0.0	0.0	-3074943.0	-3074943.0	-3074943.0	-3074943.0	
1.0	2839.55004883	408896.09375	-129.600006104	7007.0	0.0	-22.3999996185	40.2999992371	935.0	1178.0	0.0	9.0	10789.7998047	3437.69995117	0.0	681.5	0.0	0.0	0.0	0.0	-3577040.0	-3577040.0	-3577040.0	-3577040.0	
1.0	2839.70092773	408911.09375	-132.600006104	7007.0	0.0	-20.3999996185	41.2999992371	1043.0	1378.0	0.0	4.0	11146.7998047	3879.69995117	0.0	632.5	0.0	0.0	0.0	0.0	-3222338.0	-3222338.0	-3222338.0	-3222338.0	
1.0	2839.84912109	409145.09375	-132.600006104	6991.0	0.0	-20.3999996185	36.2999992371	1124.0	1381.0	0.0	5.0	11399.7998047	3775.69995117	0.0	661.5	0.0	0.0	0.0	0.0	-2875223.0	-2875223.0	-2875223.0	-2875223.0	
1.0	2840.0	408691.09375	-128.600006104	6997.0	0.0	-19.3999996185	21.2999992371	1158.0	1564.0	0.0	6.0	11048.7998047	4035.69995117	0.0	699.5	0.0	0.0	0.0	0.0	-3198180.0	-3198180.0	-3198180.0	-3198180.0	
1.0	2840.15063477	408488.09375	-132.600006104	7011.0	0.0	-20.3999996185	23.2999992371	1261.0	1672.0	0.0	11.0	11297.7998047	4077.69995117	0.0	697.5	0.0	0.0	0.0	0.0	-3272982.0	-3272982.0	-3272982.0	-3272982.0	
1.0	2840.29907227	408705.09375	-132.600006104	7012.0	0.0	-21.3999996185	28.2999992371	1366.0	1860.0	0.0	8.0	11415.7998047	4262.70019531	0.0	634.5	0.0	0.0	0.0	0.0	-3152367.0	-3152367.0	-3152367.0	-3152367.0	
1.0	2840.44970703	408652.09375	-132.600006104	6996.0	0.0	-22.3999996185	40.2999992371	1447.0	1968.0	0.0	11.0	11112.7998047	4402.70019531	0.0	658.5	0.0	0.0	0.0	0.0	-3510149.0	-3510149.0	-3510149.0	-3510149.0	
1.0	2840.60058594	408582.09375	-136.600006104	7007.0	0.0	-20.3999996185	36.2999992371	1539.0	2139.0	0.0	6.0	11553.7998047	4584.70019531	0.0	628.5	0.0	0.0	0.0	0.0	-3058133.0	-3058133.0	-3058133.0	-3058133.0	
1.0	2840.74902344	408533.09375	-135.600006104	7005.0	0.0	-5.40000009537	38.2999992371	1761.0	2208.0	0.0	7.0	11976.7998047	4836.70019531	0.0	637.5	0.0	0.0	0.0	0.0	-2727491.0	-2727491.0	-2727491.0	-2727491.0	
1.0	2840.89990234	408633.09375	-131.600006104	7001.0	0.0	-3.40000009537	42.2999992371	1702.0	2333.0	0.0	13.0	11609.7998047	4889.70019531	0.0	629.5	0.0	0.0	0.0	0.0	-3470759.0	-3470759.0	-3470759.0	-3470759.0	
1.0	2841.05102539	408504.09375	-134.600006104	7004.0	0.0	-4.40000009537	44.2999992371	1669.0	2220.0	0.0	4.0	11654.7998047	4693.70019531	0.0	653.5	0.0	0.0	0.0	0.0	-3115879.0	-3115879.0	-3115879.0	-3115879.0	
1.0	2841.19921875	408470.09375	-135.600006104	7000.0	0.0	-3.40000009537	44.2999992371	1715.0	2197.0	0.0	9.0	11779.7998047	4688.70019531	0.0	674.5	0.0	0.0	0.0	0.0	-2882840.0	-2882840.0	-2882840.0	-2882840.0	
1.0	2841.3503418	408289.09375	-133.600006104	6998.0	0.0	-3.40000009537	42.2999992371	1607.0	2161.0	0.0	11.0	11551.7998047	4613.70019531	0.0	624.5	0.0	0.0	0.0	0.0	-3593895.0	-3593895.0	-3593895.0	-3593895.0	
1.0	2841.4987793	408486.09375	-135.600006104	6993.0	0.0	-2.40000009537	42.2999992371	1582.0	2068.0	0.0	4.0	11728.7998047	4569.70019531	0.0	619.5	0.0	0.0	0.0	0.0	-3108237.0	-3108237.0	-3108237.0	-3108237.0	
1.0	2841.64990234	408429.09375	-132.600006104	7011.0	0.0	-1.39999997616	43.2999992371	1441.0	1978.0	0.0	7.0	11373.7998047	4506.70019531	0.0	662.5	0.0	0.0	0.0	0.0	-2695764.0	-2695764.0	-2695764.0	-2695764.0	
1.0	2841.80078125	408327.09375	-137.600006104	7004.0	0.0	-2.40000009537	53.2999992371	1342.0	1858.0	0.0	11.0	11037.7998047	4343.70019531	0.0	615.5	0.0	0.0	0.0	0.0	-3173781.0	-3173781.0	-3173781.0	-3173781.0	
1.0	2841.94946289	408297.09375	-139.600006104	7012.0	0.0	-9.39999961853	54.2999992371	1283.0	1681.0	0.0	8.0	11188.7998047	4171.70019531	0.0	664.5	0.0	0.0	0.0	0.0	-3228792.0	-3228792.0	-3228792.0	-3228792.0	
1.0	2842.10058594	408341.09375	-142.600006104	7003.0	0.0	-16.3999996185	54.2999992371	1209.0	1522.0	0.0	12.0	11229.7998047	3958.69995117	0.0	642.5	0.0	0.0	0.0	0.0	-2986888.0	-2986888.0	-2986888.0	-2986888.0	
1.0	2842.24902344	408430.09375	-138.600006104	6996.0	0.0	-20.3999996185	55.2999992371	1018.0	1466.0	0.0	9.0	10927.7998047	3881.69995117	0.0	667.5	0.0	0.0	0.0	0.0	-3359604.0	-3359604.0	-3359604.0	-3359604.0	
1.0	2842.40014648	407969.09375	-138.600006104	6998.0	0.0	-20.3999996185	46.2999992371	973.0	1330.0	0.0	9.0	11039.7998047	3680.69995117	0.0	621.5	0.0	0.0	0.0	0.0	-2820301.0	-2820301.0	-2820301.0	-2820301.0	
1.0	2842.54882812	407920.09375	-142.600006104	6999.0	0.0	-20.3999996185	26.2999992371	942.0	1309.0	0.0	9.0	10978.7998047	3713.69995117	0.0	645.5	0.0	0.0	0.0	0.0	-3202170.0	-3202170.0	-3202170.0	-3202170.0	
1.0	2842.69995117	408028.09375	-144.600006104	6999.0	0.0	-20.3999996185	44.2999992371	914.0	1213.0	0.0	8.0	10886.7998047	3572.69995117	0.0	666.5	0.0	0.0	0.0	0.0	-3927351.0	-3927351.0	-3927351.0	-3927351.0	
1.0	2842.84863281	408062.09375	-140.600006104	7007.0	0.0	-19.3999996185	51.2999992371	824.0	1171.0	0.0	3.0	10924.7998047	3689.69995117	0.0	638.5	0.0	0.0	0.0	0.0	-2749331.0	-2749331.0	-2749331.0	-2749331.0	
1.0	2843.0	408159.09375	-140.600006104	7002.0	0.0	-12.3999996185	36.2999992371	889.0	1082.0	0.0	7.0	11066.7998047	3371.69995117	0.0	606.5	0.0	0.0	0.0	0.0	-2507683.0	-2507683.0	-2507683.0	-2507683.0	
1.0	2843.15136719	408185.09375	-144.600006104	7009.0	0.0	-8.39999961853	53.2999992371	799.0	1059.0	0.0	4.0	10759.7998047	3376.69995117	0.0	601.5	0.0	0.0	0.0	0.0	-3664384.0	-3664384.0	-3664384.0	-3664384.0	
1.0	2843.30004883	408110.09375	-144.600006104	6998.0	0.0	5.59999990463	55.2999992371	734.0	1042.0	0.0	8.0	10633.7998047	3411.69995117	0.0	635.5	0.0	0.0	0.0	0.0	-3349184.0	-3349184.0	-3349184.0	-3349184.0	
1.0	2843.44873047	408017.09375	-137.600006104	7013.0	0.0	-3.40000009537	44.2999992371	780.0	1045.0	0.0	10.0	10709.7998047	3322.69995117	0.0	676.5	0.0	0.0	0.0	0.0	-3251489.0	-3251489.0	-3251489.0	-3251489.0	
1.0	2843.60009766	407867.09375	-140.600006104	7001.0	0.0	-8.39999961853	51.2999992371	705.0	1022.0	0.0	9.0	10745.7998047	3280.69995117	0.0	612.5	0.0	0.0	0.0	0.0	-3544359.0	-3544359.0	-3544359.0	-3544359.0	
1.0	2843.74902344	407877.09375	-139.600006104	7000.0	0.0	-10.3999996185	54.2999992371	705.0	918.0	0.0	5.0	10834.7998047	3280.69995117	0.0	659.5	0.0	0.0	0.0	0.0	-3180923.0	-3180923.0	-3180923.0	-3180923.0	
1.0	2843.90039062	407626.09375	-142.600006104	7009.0	0.0	3.59999990463	57.2999992371	670.0	940.0	0.0	3.0	10680.7998047	3229.69995117	0.0	597.5	0.0	0.0	0.0	0.0	-3132702.0	-3132702.0	-3132702.0	-3132702.0	
1.0	2844.04907227	407600.09375	-144.600006104	7003.0	0.0	4.59999990463	59.2999992371	690.0	940.0	0.0	7.0	10733.7998047	3215.69995117	0.0	651.5	0.0	0.0	0.0	0.0	-3408189.0	-3408189.0	-3408189.0	-3408189.0	
1.0	2844.20068359	407431.09375	-142.600006104	6988.0	0.0	5.59999990463	57.2999992371	666.0	957.0	0.0	6.0	10646.7998047	3196.69995117	0.0	612.5	0.0	0.0	0.0	0.0	-3222962.0	-3222962.0	-3222962.0	-3222962.0	
1.0	2844.34936523	407674.09375	-139.600006104	6999.0	0.0	1.60000002384	56.2999992371	721.0	880.0	0.0	2.0	11138.7998047	3195.69995117	0.0	656.5	0.0	0.0	0.0	0.0	-2691698.0	-2691698.0	-2691698.0	-2691698.0	
1.0	2844.50097656	407727.09375	-139.600006104	7017.0	0.0	-7.40000009537	55.2999992371	709.0	947.0	0.0	5.0	10655.7998047	3179.69995117	0.0	633.5	0.0	0.0	0.0	0.0	-3016864.0	-3016864.0	-3016864.0	-3016864.0	
1.0	2844.64990234	407680.09375	-140.600006104	7005.0	0.0	-11.3999996185	47.2999992371	712.0	905.0	0.0	4.0	11030.7998047	3199.69995117	0.0	616.5	0.0	0.0	0.0	0.0	-2694755.0	-2694755.0	-2694755.0	-2694755.0	
1.0	2844.79882812	407514.09375	-138.600006104	7006.0	0.0	-10.3999996185	52.2999992371	638.0	914.0	0.0	4.0	10688.7998047	3188.69995117	0.0	640.5	0.0	0.0	0.0	0.0	-3099056.0	-3099056.0	-3099056.0	-3099056.0	
1.0	2844.95043945	407730.09375	-144.600006104	7000.0	0.0	-23.3999996185	52.2999992371	650.0	856.0	0.0	8.0	10929.7998047	3138.69995117	0.0	627.5	0.0	0.0	0.0	0.0	-3391845.0	-3391845.0	-3391845.0	-3391845.0	
1.0	2845.09936523	407461.09375	-133.600006104	6991.0	0.0	-23.3999996185	50.2999992371	603.0	858.0	0.0	5.0	10548.7998047	3205.69995117	0.0	641.5	0.0	0.0	0.0	0.0	-2925120.0	-2925120.0	-2925120.0	-2925120.0	
1.0	2845.25097656	407270.09375	-133.600006104	6998.0	0.0	-22.3999996185	48.2999992371	587.0	801.0	0.0	3.0	10939.7998047	3133.69995117	0.0	604.5	0.0	0.0	0.0	0.0	-2847047.0	-2847047.0	-2847047.0	-2847047.0	
1.0	2845.40014648	407203.09375	-132.600006104	7005.0	0.0	-11.3999996185	45.2999992371	596.0	766.0	0.0	5.0	10676.7998047	3095.69995117	0.0	586.5	0.0	0.0	0.0	0.0	-3172306.0	-3172306.0	-3172306.0	-3172306.0	
1.0	2845.54907227	407200.09375	-134.600006104	7008.0	0.0	-11.3999996185	39.2999992371	613.0	757.0	0.0	11.0	10840.7998047	3081.69995117	0.0	674.5	0.0	0.0	0.0	0.0	-3064436.0	-3064436.0	-3064436.0	-3064436.0	
1.0	2845.70092773	407033.09375	-137.600006104	6999.0	0.0	-19.3999996185	42.2999992371	585.0	764.0	0.0	7.0	10496.7998047	3047.69995117	0.0	638.5	0.0	0.0	0.0	0.0	-2821306.0	-2821306.0	-2821306.0	-2821306.0	
1.0	2845.85009766	407351.09375	-134.600006104	6998.0	0.0	-21.3999996185	43.2999992371	590.0	822.0	0.0	10.0	10420.7998047	3068.69995117	0.0	685.5	0.0	0.0	0.0	0.0	-3161024.0	-3161024.0	-3161024.0	-3161024.0	
1.0	2845.99902344	406902.09375	-133.600006104	7007.0	0.0	-20.3999996185	44.2999992371	537.0	781.0	0.0	7.0	10720.7998047	3007.69995117	0.0	664.5	0.0	0.0	0.0	0.0	-2814342.0	-2814342.0	-2814342.0	-2814342.0	
1.0	2846.15087891	406821.09375	-136.600006104	7001.0	0.0	-17.3999996185	43.2999992371	571.0	742.0	0.0	17.0	10545.7998047	3052.69995117	0.0	653.5	0.0	0.0	0.0	0.0	-3146412.0	-3146412.0	-3146412.0	-3146412.0	
1.0	2846.30004883	406907.09375	-132.600006104	6988.0	0.0	-18.3999996185	41.2999992371	533.0	800.0	0.0	3.0	10668.7998047	3131.69995117	0.0	626.5	0.0	0.0	0.0	0.0	-3342092.0	-3342092.0	-3342092.0	-3342092.0	
1.0	2846.44921875	407015.09375	-135.600006104	6999.0	0.0	-13.3999996185	39.2999992371	569.0	779.0	0.0	7.0	10785.7998047	2955.69995117	0.0	636.5	0.0	0.0	0.0	0.0	-3059891.0	-3059891.0	-3059891.0	-3059891.0	
1.0	2846.60107422	406626.09375	-132.600006104	7012.0	0.0	-18.3999996185	38.2999992371	553.0	764.0	0.0	4.0	10535.7998047	3001.69995117	0.0	616.5	0.0	0.0	0.0	0.0	-2802099.0	-2802099.0	-2802099.0	-2802099.0	
1.0	2846.75024414	406615.09375	-136.600006104	6997.0	0.0	-18.3999996185	37.2999992371	519.0	704.0	0.0	7.0	10638.7998047	2968.69995117	0.0	644.5	0.0	0.0	0.0	0.0	-3272081.0	-3272081.0	-3272081.0	-3272081.0	
1.0	2846.8996582	406814.09375	-133.600006104	6997.0	0.0	-14.3999996185	38.2999992371	557.0	747.0	0.0	5.0	10743.7998047	3056.69995117	0.0	621.5	0.0	0.0	0.0	0.0	-2764923.0	-2764923.0	-2764923.0	-2764923.0	
1.0	2847.04907227	406682.09375	-133.600006104	6995.0	0.0	-16.3999996185	37.2999992371	524.0	723.0	0.0	9.0	10693.7998047	2935.69995117	0.0	646.5	0.0	0.0	0.0	0.0	-2951230.0	-2951230.0	-2951230.0	-2951230.0	
1.0	2847.20092773	406689.09375	-132.600006104	6998.0	0.0	-15.3999996185	40.2999992371	591.0	674.0	0.0	11.0	10702.7998047	2975.69995117	0.0	654.5	0.0	0.0	0.0	0.0	-3388031.0	-3388031.0	-3388031.0	-3388031.0	
1.0	2847.3503418	406576.09375	-133.600006104	7007.0	0.0	-16.3999996185	41.2999992371	592.0	750.0	0.0	6.0	10874.7998047	3016.69995117	0.0	639.5	0.0	0.0	0.0	0.0	-2654762.0	-2654762.0	-2654762.0	-2654762.0	
1.0	2847.49951172	406281.09375	-134.600006104	6995.0	0.0	-19.3999996185	39.2999992371	563.0	699.0	0.0	8.0	10704.7998047	2928.69995117	0.0	677.5	0.0	0.0	0.0	0.0	-3173250.0	-3173250.0	-3173250.0	-3173250.0	
1.0	2847.64892578	406595.09375	-133.600006104	6990.0	0.0	-31.3999996185	38.2999992371	519.0	745.0	0.0	8.0	10546.7998047	3054.69995117	0.0	619.5	0.0	0.0	0.0	0.0	-3264184.0	-3264184.0	-3264184.0	-3264184.0	
1.0	2847.80102539	406562.09375	-133.600006104	6982.0	0.0	-30.3999996185	40.2999992371	515.0	688.0	0.0	9.0	10775.7998047	2934.69995117	0.0	620.5	0.0	0.0	0.0	0.0	-2805347.0	-2805347.0	-2805347.0	-2805347.0	
1.0	2847.95043945	406239.09375	-135.600006104	6991.0	0.0	-15.3999996185	46.2999992371	563.0	760.0	0.0	9.0	10789.7998047	2993.69995117	0.0	664.5	0.0	0.0	0.0	0.0	-2610953.0	-2610953.0	-2610953.0	-2610953.0	
1.0	2848.09985352	406570.09375	-130.600006104	6990.0	0.0	-19.3999996185	50.2999992371	540.0	781.0	0.0	10.0	10555.7998047	2993.69995117	0.0	617.5	0.0	0.0	0.0	0.0	-3385404.0	-3385404.0	-3385404.0	-3385404.0	
1.0	2848.24951172	406278.09375	-133.600006104	7002.0	0.0	-15.3999996185	49.2999992371	538.0	736.0	0.0	10.0	10843.7998047	2955.69995117	0.0	639.5	0.0	0.0	0.0	0.0	-2927232.0	-2927232.0	-2927232.0	-2927232.0	
1.0	2848.39892578	406044.09375	-141.600006104	6997.0	0.0	-17.3999996185	47.2999992371	539.0	780.0	0.0	6.0	10497.7998047	3110.69995117	0.0	612.5	0.0	0.0	0.0	0.0	-2699937.0	-2699937.0	-2699937.0	-2699937.0	
1.0	2848.55102539	406240.09375	-139.600006104	7004.0	0.0	-16.3999996185	49.2999992371	574.0	765.0	0.0	9.0	10656.7998047	3090.69995117	0.0	627.5	0.0	0.0	0.0	0.0	-2959701.0	-2959701.0	-2959701.0	-2959701.0	
1.0	2848.70068359	405759.09375	-139.600006104	6991.0	0.0	-19.3999996185	50.2999992371	547.0	764.0	0.0	3.0	10530.7998047	3082.69995117	0.0	637.5	0.0	0.0	0.0	0.0	-2742758.0	-2742758.0	-2742758.0	-2742758.0	
1.0	2848.85009766	406080.09375	-138.600006104	6997.0	0.0	-20.3999996185	51.2999992371	604.0	791.0	0.0	11.0	11056.7998047	3098.69995117	0.0	665.5	0.0	0.0	0.0	0.0	-2516215.0	-2516215.0	-2516215.0	-2516215.0	
1.0	2848.99975586	406184.09375	-140.600006104	6999.0	0.0	-16.3999996185	49.2999992371	596.0	728.0	0.0	5.0	10900.7998047	3009.69995117	0.0	675.5	0.0	0.0	0.0	0.0	-2865771.0	-2865771.0	-2865771.0	-2865771.0	
1.0	2849.14941406	405656.09375	-138.600006104	6987.0	0.0	-17.3999996185	52.2999992371	623.0	809.0	0.0	3.0	10717.7998047	3120.69995117	0.0	646.5	0.0	0.0	0.0	0.0	-2761660.0	-2761660.0	-2761660.0	-2761660.0	
1.0	2849.29907227	406029.09375	-136.600006104	6999.0	0.0	-19.3999996185	54.2999992371	556.0	749.0	0.0	14.0	10766.7998047	3046.69995117	0.0	685.5	0.0	0.0	0.0	0.0	-3037832.0	-3037832.0	-3037832.0	-3037832.0	
1.0	2849.44873047	405946.09375	-137.600006104	6993.0	0.0	-18.3999996185	55.2999992371	570.0	768.0	0.0	6.0	10369.7998047	3028.69995117	0.0	612.5	0.0	0.0	0.0	0.0	-3321656.0	-3321656.0	-3321656.0	-3321656.0	
1.0	2849.60107422	405821.09375	-140.600006104	7000.0	0.0	-23.3999996185	51.2999992371	584.0	758.0	0.0	11.0	10620.7998047	3019.69995117	0.0	703.5	0.0	0.0	0.0	0.0	-3151898.0	-3151898.0	-3151898.0	-3151898.0	
1.0	2849.75073242	405532.09375	-137.600006104	6997.0	0.0	-19.3999996185	54.2999992371	594.0	769.0	0.0	8.0	10778.7998047	3023.69995117	0.0	620.5	0.0	0.0	0.0	0.0	-3352848.0	-3352848.0	-3352848.0	-3352848.0	
1.0	2849.90063477	405405.09375	-137.600006104	6991.0	0.0	-19.3999996185	55.2999992371	540.0	808.0	0.0	11.0	10721.7998047	3109.69995117	0.0	636.5	0.0	0.0	0.0	0.0	-3380033.0	-3380033.0	-3380033.0	-3380033.0	
1.0	2850.05029297	405709.09375	-139.600006104	6989.0	0.0	-17.3999996185	51.2999992371	596.0	819.0	0.0	7.0	10993.7998047	3051.69995117	0.0	651.5	0.0	0.0	0.0	0.0	-2727812.0	-2727812.0	-2727812.0	-2727812.0	
1.0	2850.20019531	405545.09375	-139.600006104	6995.0	0.0	-16.3999996185	51.2999992371	587.0	788.0	0.0	6.0	10648.7998047	3061.69995117	0.0	688.5	0.0	0.0	0.0	0.0	-3178296.0	-3178296.0	-3178296.0	-3178296.0	
1.0	2850.34985352	405540.09375	-137.600006104	7003.0	0.0	-17.3999996185	36.2999992371	590.0	784.0	0.0	10.0	11053.7998047	3019.69995117	0.0	630.5	0.0	0.0	0.0	0.0	-3655152.0	-3655152.0	-3655152.0	-3655152.0	
1.0	2850.49975586	405174.09375	-136.600006104	6991.0	0.0	-21.3999996185	51.2999992371	596.0	795.0	0.0	10.0	10716.7998047	3079.69995117	0.0	635.5	0.0	0.0	0.0	0.0	-3210865.0	-3210865.0	-3210865.0	-3210865.0	
1.0	2850.6496582	405557.09375	-139.600006104	7009.0	0.0	-11.3999996185	55.2999992371	587.0	823.0	0.0	3.0	10809.7998047	3179.69995117	0.0	708.5	0.0	0.0	0.0	0.0	-3154927.0	-3154927.0	-3154927.0	-3154927.0	
1.0	2850.79956055	405298.09375	-139.600006104	6996.0	0.0	-10.3999996185	58.2999992371	583.0	768.0	0.0	3.0	10851.7998047	3047.69995117	0.0	645.5	0.0	0.0	0.0	0.0	-3874089.0	-3874089.0	-3874089.0	-3874089.0	
1.0	2850.94946289	405342.09375	-144.600006104	6986.0	0.0	-8.39999961853	57.2999992371	568.0	817.0	0.0	3.0	10751.7998047	3135.69995117	0.0	639.5	0.0	0.0	0.0	0.0	-2871667.0	-2871667.0	-2871667.0	-2871667.0	
1.0	2851.09936523	405359.09375	-135.600006104	6991.0	0.0	-8.39999961853	58.2999992371	587.0	797.0	0.0	5.0	10959.7998047	3025.69995117	0.0	659.5	0.0	0.0	0.0	0.0	-2914365.0	-2914365.0	-2914365.0	-2914365.0	
1.0	2851.24926758	405220.09375	-136.600006104	6989.0	0.0	-7.40000009537	59.2999992371	577.0	808.0	0.0	10.0	10838.7998047	3001.69995117	0.0	640.5	0.0	0.0	0.0	0.0	-3462927.0	-3462927.0	-3462927.0	-3462927.0	
1.0	2851.39941406	405024.09375	-143.600006104	7000.0	0.0	-8.39999961853	58.2999992371	596.0	772.0	0.0	7.0	10872.7998047	3111.69995117	0.0	678.5	0.0	0.0	0.0	0.0	-2646423.0	-2646423.0	-2646423.0	-2646423.0	
1.0	2851.54931641	405126.09375	-147.600006104	7003.0	0.0	-7.40000009537	57.2999992371	613.0	795.0	0.0	4.0	11177.7998047	3016.69995117	0.0	627.5	0.0	0.0	0.0	0.0	-2590259.0	-2590259.0	-2590259.0	-2590259.0	
1.0	2851.69946289	404925.09375	-145.600006104	6995.0	0.0	-6.40000009537	59.2999992371	548.0	815.0	0.0	6.0	10881.7998047	3102.69995117	0.0	637.5	0.0	0.0	0.0	0.0	-2818900.0	-2818900.0	-2818900.0	-2818900.0	
1.0	2851.84936523	405119.09375	-144.600006104	7006.0	0.0	-5.40000009537	59.2999992371	574.0	756.0	0.0	4.0	10835.7998047	3016.69995117	0.0	599.5	0.0	0.0	0.0	0.0	-3087886.0	-3087886.0	-3087886.0	-3087886.0	
1.0	2851.99951172	404665.09375	-141.600006104	6993.0	0.0	0.600000023842	56.2999992371	602.0	779.0	0.0	12.0	10784.7998047	3056.69995117	0.0	635.5	0.0	0.0	0.0	0.0	-3122564.0	-3122564.0	-3122564.0	-3122564.0	
1.0	2852.1496582	404675.09375	-147.600006104	6989.0	0.0	0.600000023842	57.2999992371	579.0	805.0	0.0	5.0	10876.7998047	3149.69995117	0.0	628.5	0.0	0.0	0.0	0.0	-3316787.0	-3316787.0	-3316787.0	-3316787.0	
1.0	2852.29956055	404697.09375	-148.600006104	7002.0	0.0	0.600000023842	46.2999992371	588.0	758.0	0.0	6.0	10871.7998047	3079.69995117	0.0	643.5	0.0	0.0	0.0	0.0	-3090929.0	-3090929.0	-3090929.0	-3090929.0	
1.0	2852.44970703	404835.09375	-146.600006104	6996.0	0.0	1.60000002384	56.2999992371	594.0	747.0	0.0	10.0	11053.7998047	3031.69995117	0.0	647.5	0.0	0.0	0.0	0.0	-2841081.0	-2841081.0	-2841081.0	-2841081.0	
1.0	2852.60009766	404940.09375	-148.600006104	7004.0	0.0	0.600000023842	47.2999992371	569.0	751.0	0.0	8.0	10617.7998047	3184.69995117	0.0	642.5	0.0	0.0	0.0	0.0	-2567043.0	-2567043.0	-2567043.0	-2567043.0	
1.0	2852.75024414	404667.09375	-146.600006104	7003.0	0.0	-2.40000009537	47.2999992371	565.0	801.0	0.0	8.0	10803.7998047	3066.69995117	0.0	673.5	0.0	0.0	0.0	0.0	-2971069.0	-2971069.0	-2971069.0	-2971069.0	
1.0	2852.90039062	404894.09375	-146.600006104	6992.0	0.0	-3.40000009537	50.2999992371	570.0	787.0	0.0	6.0	10984.7998047	3038.69995117	0.0	607.5	0.0	0.0	0.0	0.0	-3118383.0	-3118383.0	-3118383.0	-3118383.0	
1.0	2853.05053711	404482.09375	-151.600006104	7008.0	0.0	-1.39999997616	47.2999992371	568.0	769.0	0.0	10.0	10981.7998047	3069.69995117	0.0	648.5	0.0	0.0	0.0	0.0	-2794949.0	-2794949.0	-2794949.0	-2794949.0	
1.0	2853.20092773	404299.09375	-147.600006104	6993.0	0.0	-2.40000009537	46.2999992371	583.0	743.0	0.0	5.0	10989.7998047	3061.69995117	0.0	644.5	0.0	0.0	0.0	0.0	-3297365.0	-3297365.0	-3297365.0	-3297365.0	
1.0	2853.35107422	404515.09375	-146.600006104	7005.0	0.0	-4.40000009537	51.2999992371	552.0	785.0	0.0	9.0	11133.7998047	3070.69995117	0.0	677.5	0.0	0.0	0.0	0.0	-3014992.0	-3014992.0	-3014992.0	-3014992.0	
1.0	2853.4987793	404398.09375	-131.600006104	6996.0	0.0	-2.40000009537	49.2999992371	535.0	770.0	0.0	6.0	10791.7998047	3053.69995117	0.0	635.5	0.0	0.0	0.0	0.0	-2692833.0	-2692833.0	-2692833.0	-2692833.0	
1.0	2853.64916992	404246.09375	-135.600006104	7032.0	0.0	-0.40000000596	48.2999992371	575.0	774.0	0.0	6.0	10819.7998047	3102.69995117	0.0	622.5	0.0	0.0	0.0	0.0	-2507690.0	-2507690.0	-2507690.0	-2507690.0	
1.0	2853.79956055	403911.09375	-128.600006104	7003.0	0.0	1.60000002384	47.2999992371	530.0	759.0	0.0	10.0	10722.7998047	3046.69995117	0.0	659.5	0.0	0.0	0.0	0.0	-2935852.0	-2935852.0	-2935852.0	-2935852.0	
1.0	2853.94995117	404417.09375	-128.600006104	6999.0	0.0	-0.40000000596	48.2999992371	549.0	797.0	0.0	9.0	10945.7998047	3189.69995117	0.0	658.5	0.0	0.0	0.0	0.0	-3265225.0	-3265225.0	-3265225.0	-3265225.0	
1.0	2854.1003418	404316.09375	-127.599998474	6994.0	0.0	-9.39999961853	47.2999992371	574.0	767.0	0.0	9.0	10703.7998047	3123.69995117	0.0	666.5	0.0	0.0	0.0	0.0	-3007403.0	-3007403.0	-3007403.0	-3007403.0	
1.0	2854.25073242	404239.09375	-129.600006104	6990.0	0.0	1.60000002384	45.2999992371	587.0	789.0	0.0	7.0	10584.7998047	3108.69995117	0.0	679.5	0.0	0.0	0.0	0.0	-2886379.0	-2886379.0	-2886379.0	-2886379.0	
1.0	2854.40112305	404106.09375	-130.600006104	6990.0	0.0	9.60000038147	46.2999992371	519.0	822.0	0.0	8.0	10673.7998047	3132.69995117	0.0	629.5	0.0	0.0	0.0	0.0	-2918508.0	-2918508.0	-2918508.0	-2918508.0	
1.0	2854.54907227	404116.09375	-130.600006104	6993.0	0.0	6.59999990463	47.2999992371	523.0	784.0	0.0	9.0	10951.7998047	3011.69995117	0.0	677.5	0.0	0.0	0.0	0.0	-2531277.0	-2531277.0	-2531277.0	-2531277.0	
1.0	2854.69946289	404135.09375	-127.599998474	6997.0	0.0	5.59999990463	48.2999992371	540.0	760.0	0.0	9.0	10901.7998047	3057.69995117	0.0	650.5	0.0	0.0	0.0	0.0	-3178075.0	-3178075.0	-3178075.0	-3178075.0	
1.0	2854.85009766	403894.09375	-126.599998474	6989.0	0.0	7.59999990463	43.2999992371	594.0	796.0	0.0	7.0	10691.7998047	3098.69995117	0.0	683.5	0.0	0.0	0.0	0.0	-2790302.0	-2790302.0	-2790302.0	-2790302.0	
1.0	2855.00048828	404097.09375	-125.599998474	7002.0	0.0	6.59999990463	46.2999992371	523.0	756.0	0.0	5.0	10580.7998047	3069.69995117	0.0	682.5	0.0	0.0	0.0	0.0	-3242962.0	-3242962.0	-3242962.0	-3242962.0	
1.0	2855.49902344	403779.09375	-127.599998474	6993.0	0.0	7.59999990463	44.2999992371	568.0	755.0	0.0	6.0	10793.7998047	2958.69995117	0.0	643.5	0.0	0.0	0.0	0.0	-3214022.0	-3214022.0	-3214022.0	-3214022.0	
1.0	2856.00048828	404154.09375	-130.600006104	7004.0	0.0	6.59999990463	41.2999992371	558.0	735.0	0.0	10.0	10578.7998047	3003.69995117	0.0	689.5	0.0	0.0	0.0	0.0	-3250163.0	-3250163.0	-3250163.0	-3250163.0	
1.0	2856.49926758	403780.09375	-129.600006104	6994.0	0.0	2.59999990463	45.2999992371	596.0	787.0	0.0	4.0	10567.7998047	3096.69995117	0.0	622.5	0.0	0.0	0.0	0.0	-3215198.0	-3215198.0	-3215198.0	-3215198.0	
1.0	2857.0012207	403987.09375	-133.600006104	7002.0	0.0	6.59999990463	44.2999992371	571.0	752.0	0.0	5.0	10882.7998047	3027.69995117	0.0	625.5	0.0	0.0	0.0	0.0	-2752207.0	-2752207.0	-2752207.0	-2752207.0	
1.0	2857.50073242	403812.09375	-130.600006104	7000.0	0.0	6.59999990463	30.2999992371	531.0	774.0	0.0	8.0	10834.7998047	3067.69995117	0.0	647.5	0.0	0.0	0.0	0.0	-2879478.0	-2879478.0	-2879478.0	-2879478.0	
1.0	2858.00048828	403862.09375	-129.600006104	6999.0	0.0	11.6000003815	45.2999992371	542.0	789.0	0.0	7.0	11001.7998047	3090.69995117	0.0	627.5	0.0	0.0	0.0	0.0	-3191383.0	-3191383.0	-3191383.0	-3191383.0	
1.0	2858.50048828	403589.09375	-129.600006104	6991.0	0.0	9.60000038147	44.2999992371	583.0	765.0	0.0	10.0	10808.7998047	3169.69995117	0.0	665.5	0.0	0.0	0.0	0.0	-3197574.0	-3197574.0	-3197574.0	-3197574.0	
1.0	2859.00073242	403409.09375	-131.600006104	6998.0	0.0	7.59999990463	44.2999992371	594.0	773.0	0.0	6.0	10890.7998047	3090.69995117	0.0	685.5	0.0	0.0	0.0	0.0	-2796002.0	-2796002.0	-2796002.0	-2796002.0	
1.0	2859.4987793	403328.09375	-128.600006104	6982.0	0.0	7.59999990463	45.2999992371	573.0	802.0	0.0	5.0	10959.7998047	3107.69995117	0.0	664.5	0.0	0.0	0.0	0.0	-2548769.0	-2548769.0	-2548769.0	-2548769.0	
1.0	2859.99951172	403132.09375	-129.600006104	6984.0	0.0	7.59999990463	45.2999992371	599.0	781.0	0.0	6.0	10850.7998047	3077.69995117	0.0	671.5	0.0	0.0	0.0	0.0	-3279732.0	-3279732.0	-3279732.0	-3279732.0	
1.0	2860.50048828	403137.09375	-130.600006104	6990.0	0.0	8.60000038147	42.2999992371	571.0	780.0	0.0	7.0	11025.7998047	3121.69995117	0.0	724.5	0.0	0.0	0.0	0.0	-3119445.0	-3119445.0	-3119445.0	-3119445.0	
1.0	2860.99926758	403044.09375	-131.600006104	6986.0	0.0	8.60000038147	42.2999992371	576.0	771.0	0.0	3.0	10922.7998047	2972.69995117	0.0	649.5	0.0	0.0	0.0	0.0	-3315130.0	-3315130.0	-3315130.0	-3315130.0	
1.0	2861.50073242	402920.09375	-135.600006104	6990.0	0.0	7.59999990463	43.2999992371	569.0	807.0	0.0	3.0	10863.7998047	3159.69995117	0.0	690.5	0.0	0.0	0.0	0.0	-2994623.0	-2994623.0	-2994623.0	-2994623.0	
1.0	2862.0	402732.09375	-127.599998474	6999.0	0.0	-7.40000009537	39.2999992371	557.0	777.0	0.0	8.0	10898.7998047	3120.69995117	0.0	652.5	0.0	0.0	0.0	0.0	-3219560.0	-3219560.0	-3219560.0	-3219560.0	
1.0	2862.49926758	402916.09375	-132.600006104	6992.0	0.0	-11.3999996185	25.2999992371	567.0	802.0	0.0	5.0	10908.7998047	3106.69995117	0.0	619.5	0.0	0.0	0.0	0.0	-3441306.0	-3441306.0	-3441306.0	-3441306.0	
1.0	2862.99902344	402739.09375	-131.600006104	6987.0	0.0	-13.3999996185	21.2999992371	555.0	781.0	0.0	7.0	11005.7998047	3214.69995117	0.0	689.5	0.0	0.0	0.0	0.0	-2848102.0	-2848102.0	-2848102.0	-2848102.0	
1.0	2863.49902344	402630.09375	-135.600006104	7007.0	0.0	-20.3999996185	23.2999992371	596.0	810.0	0.0	7.0	10865.7998047	3110.69995117	0.0	652.5	0.0	0.0	0.0	0.0	-3271667.0	-3271667.0	-3271667.0	-3271667.0	
1.0	2863.99926758	402696.09375	-131.600006104	6989.0	0.0	-19.3999996185	19.2999992371	559.0	801.0	0.0	9.0	10844.7998047	3210.69995117	0.0	689.5	0.0	0.0	0.0	0.0	-2548585.0	-2548585.0	-2548585.0	-2548585.0	
1.0	2864.49975586	402555.09375	-133.600006104	6991.0	0.0	-33.4000015259	44.2999992371	601.0	773.0	0.0	8.0	11091.7998047	3120.69995117	0.0	655.5	0.0	0.0	0.0	0.0	-3142231.0	-3142231.0	-3142231.0	-3142231.0	
1.0	2865.00048828	402537.09375	-133.600006104	6991.0	0.0	-19.3999996185	50.2999992371	630.0	745.0	0.0	12.0	11032.7998047	3033.69995117	0.0	660.5	0.0	0.0	0.0	0.0	-3113994.0	-3113994.0	-3113994.0	-3113994.0	
1.0	2865.4987793	402303.09375	-133.600006104	7005.0	0.0	-21.3999996185	53.2999992371	612.0	827.0	0.0	10.0	10921.7998047	3131.69995117	0.0	634.5	0.0	0.0	0.0	0.0	-2730040.0	-2730040.0	-2730040.0	-2730040.0	
1.0	2866.0	402284.09375	-128.600006104	6998.0	0.0	-18.3999996185	54.2999992371	599.0	808.0	0.0	5.0	11044.7998047	3145.69995117	0.0	673.5	0.0	0.0	0.0	0.0	-2921296.0	-2921296.0	-2921296.0	-2921296.0	
1.0	2866.4987793	402188.09375	-131.600006104	7003.0	0.0	-19.3999996185	57.2999992371	566.0	811.0	0.0	6.0	11280.7998047	3168.69995117	0.0	631.5	0.0	0.0	0.0	0.0	-2554395.0	-2554395.0	-2554395.0	-2554395.0	
1.0	2867.00048828	402158.09375	-134.600006104	7001.0	0.0	-16.3999996185	54.2999992371	612.0	776.0	0.0	8.0	11074.7998047	3128.69995117	0.0	661.5	0.0	0.0	0.0	0.0	-2835016.0	-2835016.0	-2835016.0	-2835016.0	
1.0	2867.5	402109.09375	-135.600006104	6998.0	0.0	-18.3999996185	54.2999992371	545.0	771.0	0.0	5.0	10801.7998047	3070.69995117	0.0	682.5	0.0	0.0	0.0	0.0	-3123633.0	-3123633.0	-3123633.0	-3123633.0	
1.0	2867.99951172	402425.09375	-128.600006104	7011.0	0.0	-9.39999961853	53.2999992371	576.0	772.0	0.0	8.0	10951.7998047	3163.69995117	0.0	673.5	0.0	0.0	0.0	0.0	-3048987.0	-3048987.0	-3048987.0	-3048987.0	
1.0	2868.49951172	402400.09375	-133.600006104	7001.0	0.0	-7.40000009537	54.2999992371	569.0	823.0	0.0	9.0	10948.7998047	3164.69995117	0.0	610.5	0.0	0.0	0.0	0.0	-2645990.0	-2645990.0	-2645990.0	-2645990.0	
1.0	2868.99951172	401967.09375	-136.600006104	7002.0	0.0	-7.40000009537	55.2999992371	566.0	827.0	0.0	7.0	11074.7998047	3227.69995117	0.0	637.5	0.0	0.0	0.0	0.0	-2797570.0	-2797570.0	-2797570.0	-2797570.0	
1.0	2869.5	402033.09375	-134.600006104	7028.0	0.0	-8.39999961853	54.2999992371	557.0	797.0	0.0	9.0	10736.7998047	3133.69995117	0.0	672.5	0.0	0.0	0.0	0.0	-3165790.0	-3165790.0	-3165790.0	-3165790.0	
1.0	2870.00048828	401764.09375	-134.600006104	6997.0	0.0	-6.40000009537	56.2999992371	566.0	760.0	0.0	6.0	10870.7998047	3078.69995117	0.0	704.5	0.0	0.0	0.0	0.0	-2769477.0	-2769477.0	-2769477.0	-2769477.0	
1.0	2870.99975586	401866.09375	-130.600006104	7001.0	0.0	-7.40000009537	55.2999992371	572.0	821.0	0.0	9.0	11019.7998047	3092.69995117	0.0	661.5	0.0	0.0	0.0	0.0	-3216185.0	-3216185.0	-3216185.0	-3216185.0	
1.0	2872.00024414	401740.09375	-131.600006104	6985.0	0.0	-6.40000009537	55.2999992371	599.0	821.0	0.0	2.0	11283.7998047	3132.69995117	0.0	686.5	0.0	0.0	0.0	0.0	-2705326.0	-2705326.0	-2705326.0	-2705326.0	
1.0	2872.99902344	401467.09375	-132.600006104	7003.0	0.0	-5.40000009537	53.2999992371	604.0	820.0	0.0	5.0	10953.7998047	3127.69995117	0.0	654.5	0.0	0.0	0.0	0.0	-2610590.0	-2610590.0	-2610590.0	-2610590.0	
1.0	2873.9987793	401433.09375	-135.600006104	7004.0	0.0	-8.39999961853	54.2999992371	546.0	828.0	0.0	6.0	10772.7998047	3221.69995117	0.0	654.5	0.0	0.0	0.0	0.0	-2914562.0	-2914562.0	-2914562.0	-2914562.0	
1.0	2874.99951172	401289.09375	-134.600006104	7011.0	0.0	2.59999990463	56.2999992371	552.0	799.0	0.0	13.0	11089.7998047	3090.69995117	0.0	607.5	0.0	0.0	0.0	0.0	-3211405.0	-3211405.0	-3211405.0	-3211405.0	
1.0	2876.0012207	401452.09375	-133.600006104	7005.0	0.0	2.59999990463	55.2999992371	653.0	796.0	0.0	4.0	11081.7998047	3148.69995117	0.0	638.5	0.0	0.0	0.0	0.0	-2962153.0	-2962153.0	-2962153.0	-2962153.0	
1.0	2876.9987793	401898.09375	-135.600006104	7014.0	0.0	0.600000023842	56.2999992371	596.0	797.0	0.0	6.0	11058.7998047	3178.69995117	0.0	683.5	0.0	0.0	0.0	0.0	-2853206.0	-2853206.0	-2853206.0	-2853206.0	
1.0	2878.0	403240.09375	-137.600006104	6999.0	0.0	1.60000002384	59.2999992371	620.0	870.0	0.0	5.0	10956.7998047	3342.69995117	0.0	693.5	0.0	0.0	0.0	0.0	-3084957.0	-3084957.0	-3084957.0	-3084957.0	
1.0	2878.99951172	404579.09375	-136.600006104	7009.0	0.0	-1.39999997616	55.2999992371	606.0	814.0	0.0	9.0	10901.7998047	3185.69995117	0.0	705.5	0.0	0.0	0.0	0.0	-2941263.0	-2941263.0	-2941263.0	-2941263.0	
1.0	2880.0	406343.09375	-136.600006104	7010.0	0.0	-2.40000009537	55.2999992371	614.0	862.0	0.0	11.0	11422.7998047	3134.69995117	0.0	726.5	0.0	0.0	0.0	0.0	-3116040.0	-3116040.0	-3116040.0	-3116040.0	
1.0	2880.9987793	406065.09375	-138.600006104	6998.0	0.0	-0.40000000596	57.2999992371	662.0	846.0	0.0	7.0	11577.7998047	3263.69995117	0.0	663.5	0.0	0.0	0.0	0.0	-2940935.0	-2940935.0	-2940935.0	-2940935.0	
1.0	2882.0012207	405794.09375	-136.600006104	7003.0	0.0	0.600000023842	54.2999992371	644.0	929.0	0.0	0.0	10974.7998047	3472.69995117	0.0	635.5	0.0	0.0	0.0	0.0	-2875405.0	-2875405.0	-2875405.0	-2875405.0	
1.0	2882.99951172	405660.09375	-136.600006104	7013.0	0.0	-0.40000000596	51.2999992371	678.0	850.0	0.0	6.0	11341.7998047	3337.69995117	0.0	724.5	0.0	0.0	0.0	0.0	-3211462.0	-3211462.0	-3211462.0	-3211462.0	
1.0	2884.0012207	405478.09375	-137.600006104	7005.0	0.0	-1.39999997616	52.2999992371	672.0	878.0	0.0	4.0	11551.7998047	3196.69995117	0.0	666.5	0.0	0.0	0.0	0.0	-2683339.0	-2683339.0	-2683339.0	-2683339.0	
1.0	2884.9987793	405331.09375	-136.600006104	7000.0	0.0	-0.40000000596	54.2999992371	651.0	880.0	0.0	2.0	11276.7998047	3259.69995117	0.0	678.5	0.0	0.0	0.0	0.0	-3296922.0	-3296922.0	-3296922.0	-3296922.0	
1.0	2886.0	405230.09375	-135.600006104	7024.0	0.0	-2.40000009537	53.2999992371	656.0	840.0	0.0	4.0	11412.7998047	3169.69995117	0.0	648.5	0.0	0.0	0.0	0.0	-2901000.0	-2901000.0	-2901000.0	-2901000.0	
1.0	2886.99951172	405145.09375	-148.600006104	7005.0	0.0	-2.40000009537	53.2999992371	642.0	832.0	0.0	9.0	11047.7998047	3183.69995117	0.0	636.5	0.0	0.0	0.0	0.0	-3559555.0	-3559555.0	-3559555.0	-3559555.0	
1.0	2890.0012207	404947.09375	-147.600006104	7016.0	0.0	-1.39999997616	47.2999992371	560.0	825.0	0.0	5.0	11132.7998047	3226.69995117	0.0	636.5	0.0	0.0	0.0	0.0	-2779500.0	-2779500.0	-2779500.0	-2779500.0	
1.0	2893.0012207	404594.09375	-146.600006104	7004.0	0.0	-9.39999961853	55.2999992371	567.0	797.0	0.0	4.0	11236.7998047	3173.69995117	0.0	672.5	0.0	0.0	0.0	0.0	-3842265.0	-3842265.0	-3842265.0	-3842265.0	
1.0	2895.99926758	404412.09375	-150.600006104	7020.0	0.0	-6.40000009537	57.2999992371	555.0	791.0	0.0	11.0	11138.7998047	3210.69995117	0.0	667.5	0.0	0.0	0.0	0.0	-2777898.0	-2777898.0	-2777898.0	-2777898.0	
1.0	2899.00097656	403770.09375	-150.600006104	7024.0	0.0	-5.40000009537	56.2999992371	593.0	743.0	0.0	5.0	11228.7998047	3137.69995117	0.0	701.5	0.0	0.0	0.0	0.0	-2503774.0	-2503774.0	-2503774.0	-2503774.0	
1.0	2902.00073242	403613.09375	-148.600006104	7008.0	0.0	-9.39999961853	57.2999992371	581.0	791.0	0.0	2.0	11341.7998047	3096.69995117	0.0	691.5	0.0	0.0	0.0	0.0	-2887117.0	-2887117.0	-2887117.0	-2887117.0	
1.0	2905.0012207	403397.09375	-147.600006104	7035.0	0.0	-5.40000009537	53.2999992371	551.0	796.0	0.0	6.0	11282.7998047	3200.69995117	0.0	690.5	0.0	0.0	0.0	0.0	-3132582.0	-3132582.0	-3132582.0	-3132582.0	
