SSRL   MicroEXAFS Data Collector 2.0 
Thu Jul 04 11:02:52 2019
PTS:	205	COLS:	24
alexbox-4ch-xspress.det
RuL3_edge_cell.rgn
SSRL BEAMLINE
COMMENTS





S1VGAP: 0.800000	S1HGAP: 1.500000	TABLEHORZ: 6.000000	SAMPLEV: 41.000000	CALVERT: 4.100521	BPVRT: 46.052197	M1VERT: 6.983426	SAMPLEHOLD: 25.998010	S1HTRAN: 4.481500	

Weights:
 1.000	1.000	1.000	1.000	1.000	1.000	1.000	1.000	1.000	1.000	1.000	1.000	1.000	1.000	1.000	1.000	1.000	1.000	1.000	1.000	1.000	1.000	
Offsets:
 207.7	877.2	4819.6	0.0	125.3	562.6	0.0	0.0	0.0	0.0	0.1	2.1	0.0	1.0	0.0	0.0	0.0	0.0	79705487.8	79705487.8	79705487.8	79705487.8	
Data:
Real Time Clock
Requested Energy
I0   
I1   
I2   
I3   
MPFB1   
MPFB2   
FF1   
FF2   
FF3   
FF4   
ICR1   
ICR2   
ICR3   
ICR4   
SCA2.1   
SCA2.2   
SCA2.3   
SCA2.4   
TIME1   
TIME2   
TIME3   
TIME4   

1.0	2810.00097656	222933.296875	33.7999992371	1733.40002441	0.0	1.70000004768	-1.60000002384	363.0	61.0	0.0	24.0	28521.9003906	8779.90039062	0.0	1515.0	0.0	0.0	0.0	0.0	-2821916.75	-2821916.75	-2821916.75	-2821916.75	
1.0	2810.99975586	222929.296875	30.7999992371	1721.40002441	0.0	-0.300000011921	-2.59999990463	373.0	85.0	0.0	28.0	28513.9003906	8774.90039062	0.0	1558.0	0.0	0.0	0.0	0.0	-2965486.75	-2965486.75	-2965486.75	-2965486.75	
1.0	2811.99951172	222979.296875	36.7999992371	1715.40002441	0.0	4.69999980927	0.40000000596	355.0	96.0	0.0	18.0	28028.9003906	8654.90039062	0.0	1518.0	0.0	0.0	0.0	0.0	-3346176.75	-3346176.75	-3346176.75	-3346176.75	
1.0	2813.00024414	223016.296875	34.7999992371	1739.40002441	0.0	0.699999988079	-0.600000023842	378.0	91.0	0.0	27.0	28326.9003906	8839.90039062	0.0	1592.0	0.0	0.0	0.0	0.0	-2732810.75	-2732810.75	-2732810.75	-2732810.75	
1.0	2813.99951172	223020.296875	33.7999992371	1727.40002441	0.0	0.699999988079	1.39999997616	385.0	100.0	0.0	15.0	28027.9003906	8776.90039062	0.0	1511.0	0.0	0.0	0.0	0.0	-3283939.75	-3283939.75	-3283939.75	-3283939.75	
1.0	2815.0	223083.296875	35.7999992371	1729.40002441	0.0	1.70000004768	-4.59999990463	374.0	98.0	0.0	17.0	28153.9003906	8605.90039062	0.0	1547.0	0.0	0.0	0.0	0.0	-3044962.75	-3044962.75	-3044962.75	-3044962.75	
1.0	2815.99902344	223048.296875	33.7999992371	1734.40002441	0.0	0.699999988079	-9.60000038147	394.0	104.0	0.0	18.0	28549.9003906	8831.90039062	0.0	1568.0	0.0	0.0	0.0	0.0	-3948606.75	-3948606.75	-3948606.75	-3948606.75	
1.0	2816.99902344	223128.296875	35.7999992371	1734.40002441	0.0	2.70000004768	-11.6000003815	406.0	100.0	0.0	15.0	28822.9003906	8719.90039062	0.0	1581.0	0.0	0.0	0.0	0.0	-2771559.75	-2771559.75	-2771559.75	-2771559.75	
1.0	2818.0	223141.296875	35.7999992371	1730.40002441	0.0	1.70000004768	-9.60000038147	404.0	90.0	0.0	18.0	28618.9003906	8934.90039062	0.0	1517.0	0.0	0.0	0.0	0.0	-3004367.75	-3004367.75	-3004367.75	-3004367.75	
1.0	2818.99975586	223146.296875	37.7999992371	1724.40002441	0.0	0.699999988079	-10.6000003815	458.0	158.0	0.0	23.0	28554.9003906	9265.90039062	0.0	1534.0	0.0	0.0	0.0	0.0	-2878281.75	-2878281.75	-2878281.75	-2878281.75	
1.0	2820.00048828	223223.296875	25.7999992371	1751.40002441	0.0	1.70000004768	-9.60000038147	523.0	195.0	0.0	18.0	28647.9003906	9335.90039062	0.0	1552.0	0.0	0.0	0.0	0.0	-3046655.75	-3046655.75	-3046655.75	-3046655.75	
1.0	2820.99975586	223218.296875	43.7999992371	1732.40002441	0.0	0.699999988079	-7.59999990463	665.0	239.0	0.0	28.0	28977.9003906	9402.90039062	0.0	1563.0	0.0	0.0	0.0	0.0	-3277444.75	-3277444.75	-3277444.75	-3277444.75	
1.0	2822.0	223160.296875	37.7999992371	1723.40002441	0.0	-0.300000011921	-10.6000003815	890.0	370.0	0.0	20.0	29431.9003906	10390.9003906	0.0	1516.0	0.0	0.0	0.0	0.0	-2716687.75	-2716687.75	-2716687.75	-2716687.75	
1.0	2822.9987793	223253.296875	33.7999992371	1729.40002441	0.0	-0.300000011921	-6.59999990463	1534.0	653.0	0.0	19.0	30013.9003906	11368.9003906	0.0	1490.0	0.0	0.0	0.0	0.0	-2835931.75	-2835931.75	-2835931.75	-2835931.75	
1.0	2824.0012207	223124.296875	28.7999992371	1737.40002441	0.0	2.70000004768	-5.59999990463	2285.0	999.0	0.0	23.0	29935.9003906	13183.9003906	0.0	1484.0	0.0	0.0	0.0	0.0	-3939823.75	-3939823.75	-3939823.75	-3939823.75	
1.0	2824.99951172	223086.296875	32.7999992371	1738.40002441	0.0	4.69999980927	-2.59999990463	2475.0	1017.0	0.0	17.0	31421.9003906	13455.9003906	0.0	1453.0	0.0	0.0	0.0	0.0	-2756772.75	-2756772.75	-2756772.75	-2756772.75	
1.0	2825.99902344	223025.296875	10.8000001907	1733.40002441	0.0	4.69999980927	-2.59999990463	2355.0	996.0	0.0	24.0	30805.9003906	13499.9003906	0.0	1581.0	0.0	0.0	0.0	0.0	-2996122.75	-2996122.75	-2996122.75	-2996122.75	
1.0	2826.99951172	223172.296875	11.8000001907	1724.40002441	0.0	0.699999988079	-4.59999990463	2316.0	1092.0	0.0	19.0	30874.9003906	13721.9003906	0.0	1606.0	0.0	0.0	0.0	0.0	-2724586.75	-2724586.75	-2724586.75	-2724586.75	
1.0	2828.0012207	223192.296875	32.7999992371	1769.40002441	0.0	2.70000004768	-3.59999990463	2413.0	1049.0	0.0	20.0	31631.9003906	13476.9003906	0.0	1533.0	0.0	0.0	0.0	0.0	-2951424.75	-2951424.75	-2951424.75	-2951424.75	
1.0	2829.0012207	223250.296875	30.7999992371	1766.40002441	0.0	3.70000004768	-6.59999990463	2199.0	964.0	0.0	10.0	31124.9003906	12834.9003906	0.0	1577.0	0.0	0.0	0.0	0.0	-3095063.75	-3095063.75	-3095063.75	-3095063.75	
1.0	2829.99975586	223243.296875	25.7999992371	1767.40002441	0.0	1.70000004768	-7.59999990463	2115.0	896.0	0.0	22.0	31288.9003906	12903.9003906	0.0	1547.0	0.0	0.0	0.0	0.0	-2528313.75	-2528313.75	-2528313.75	-2528313.75	
1.0	2830.99951172	223291.296875	27.7999992371	1755.40002441	0.0	-0.300000011921	-7.59999990463	2019.0	820.0	0.0	21.0	31290.9003906	12349.9003906	0.0	1491.0	0.0	0.0	0.0	0.0	-2832250.75	-2832250.75	-2832250.75	-2832250.75	
1.0	2832.00024414	223400.296875	26.7999992371	1753.40002441	0.0	0.699999988079	-6.59999990463	1953.0	793.0	0.0	21.0	31409.9003906	12381.9003906	0.0	1519.0	0.0	0.0	0.0	0.0	-2658084.75	-2658084.75	-2658084.75	-2658084.75	
1.0	2832.99926758	223509.296875	30.7999992371	1768.40002441	0.0	0.699999988079	-7.59999990463	1866.0	869.0	0.0	14.0	30779.9003906	12349.9003906	0.0	1523.0	0.0	0.0	0.0	0.0	-2928964.75	-2928964.75	-2928964.75	-2928964.75	
1.0	2833.99951172	223403.296875	31.7999992371	1756.40002441	0.0	7.69999980927	-12.6000003815	1869.0	771.0	0.0	21.0	30952.9003906	12205.9003906	0.0	1571.0	0.0	0.0	0.0	0.0	-3113939.75	-3113939.75	-3113939.75	-3113939.75	
1.0	2835.00073242	223522.296875	31.7999992371	1766.40002441	0.0	8.69999980927	-16.6000003815	1956.0	782.0	0.0	21.0	31434.9003906	12406.9003906	0.0	1621.0	0.0	0.0	0.0	0.0	-2593242.75	-2593242.75	-2593242.75	-2593242.75	
1.0	2836.00073242	223534.296875	29.7999992371	1762.40002441	0.0	8.69999980927	-14.6000003815	1858.0	877.0	0.0	17.0	30608.9003906	12426.9003906	0.0	1686.0	0.0	0.0	0.0	0.0	-2992835.75	-2992835.75	-2992835.75	-2992835.75	
1.0	2836.40039062	223547.296875	30.7999992371	1764.40002441	0.0	12.6999998093	4.40000009537	1842.0	853.0	0.0	15.0	31391.9003906	12263.9003906	0.0	1589.0	0.0	0.0	0.0	0.0	-3176102.75	-3176102.75	-3176102.75	-3176102.75	
1.0	2836.55053711	223481.296875	29.7999992371	1762.40002441	0.0	11.6999998093	3.40000009537	1913.0	879.0	0.0	18.0	30929.9003906	12553.9003906	0.0	1674.0	0.0	0.0	0.0	0.0	-2918106.75	-2918106.75	-2918106.75	-2918106.75	
1.0	2836.70092773	223608.296875	27.7999992371	1780.40002441	0.0	6.69999980927	6.40000009537	1950.0	886.0	0.0	18.0	31322.9003906	12334.9003906	0.0	1604.0	0.0	0.0	0.0	0.0	-3309191.75	-3309191.75	-3309191.75	-3309191.75	
1.0	2836.85107422	223603.296875	32.7999992371	1746.40002441	0.0	2.70000004768	-3.59999990463	1967.0	919.0	0.0	26.0	31065.9003906	12617.9003906	0.0	1635.0	0.0	0.0	0.0	0.0	-2741882.75	-2741882.75	-2741882.75	-2741882.75	
1.0	2836.9987793	223548.296875	31.7999992371	1754.40002441	0.0	1.70000004768	-0.600000023842	2034.0	956.0	0.0	13.0	31137.9003906	12471.9003906	0.0	1570.0	0.0	0.0	0.0	0.0	-3249488.75	-3249488.75	-3249488.75	-3249488.75	
1.0	2837.14916992	223560.296875	30.7999992371	1744.40002441	0.0	4.69999980927	-6.59999990463	1966.0	958.0	0.0	22.0	30873.9003906	12478.9003906	0.0	1601.0	0.0	0.0	0.0	0.0	-3544667.75	-3544667.75	-3544667.75	-3544667.75	
1.0	2837.29956055	223582.296875	30.7999992371	1759.40002441	0.0	1.70000004768	-9.60000038147	2061.0	968.0	0.0	7.0	31390.9003906	12583.9003906	0.0	1496.0	0.0	0.0	0.0	0.0	-2897879.75	-2897879.75	-2897879.75	-2897879.75	
1.0	2837.44995117	223499.296875	28.7999992371	1771.40002441	0.0	-1.29999995232	-8.60000038147	1955.0	1002.0	0.0	13.0	30922.9003906	12841.9003906	0.0	1555.0	0.0	0.0	0.0	0.0	-2648455.75	-2648455.75	-2648455.75	-2648455.75	
1.0	2837.6003418	223515.296875	30.7999992371	1765.40002441	0.0	-5.30000019073	-12.6000003815	2000.0	1022.0	0.0	20.0	30734.9003906	12679.9003906	0.0	1534.0	0.0	0.0	0.0	0.0	-2958981.75	-2958981.75	-2958981.75	-2958981.75	
1.0	2837.75073242	223498.296875	31.7999992371	1764.40002441	0.0	-9.30000019073	-23.6000003815	2117.0	1126.0	0.0	22.0	32145.9003906	12868.9003906	0.0	1629.0	0.0	0.0	0.0	0.0	-2616710.75	-2616710.75	-2616710.75	-2616710.75	
1.0	2837.90136719	223568.296875	33.7999992371	1763.40002441	0.0	-5.30000019073	-24.6000003815	2185.0	1118.0	0.0	18.0	31183.9003906	12872.9003906	0.0	1620.0	0.0	0.0	0.0	0.0	-2704157.75	-2704157.75	-2704157.75	-2704157.75	
1.0	2838.04907227	223509.296875	32.7999992371	1750.40002441	0.0	-8.30000019073	-26.6000003815	2234.0	1091.0	0.0	10.0	31345.9003906	12843.9003906	0.0	1587.0	0.0	0.0	0.0	0.0	-3529984.75	-3529984.75	-3529984.75	-3529984.75	
1.0	2838.19970703	223450.296875	32.7999992371	1765.40002441	0.0	-7.30000019073	-26.6000003815	2167.0	1228.0	0.0	21.0	32030.9003906	13026.9003906	0.0	1565.0	0.0	0.0	0.0	0.0	-2865485.75	-2865485.75	-2865485.75	-2865485.75	
1.0	2838.35009766	223546.296875	17.7999992371	1763.40002441	0.0	-7.30000019073	-25.6000003815	2301.0	1207.0	0.0	20.0	31408.9003906	13137.9003906	0.0	1632.0	0.0	0.0	0.0	0.0	-2871968.75	-2871968.75	-2871968.75	-2871968.75	
1.0	2838.50073242	223451.296875	12.8000001907	1759.40002441	0.0	-12.3000001907	-27.6000003815	2279.0	1193.0	0.0	21.0	31489.9003906	12962.9003906	0.0	1469.0	0.0	0.0	0.0	0.0	-3602605.75	-3602605.75	-3602605.75	-3602605.75	
1.0	2838.64868164	223608.296875	26.7999992371	1763.40002441	0.0	-20.2999992371	-20.6000003815	2297.0	1228.0	0.0	21.0	32035.9003906	13216.9003906	0.0	1643.0	0.0	0.0	0.0	0.0	-2632266.75	-2632266.75	-2632266.75	-2632266.75	
1.0	2838.79931641	223559.296875	38.7999992371	1753.40002441	0.0	-21.2999992371	-16.6000003815	2289.0	1282.0	0.0	14.0	30914.9003906	13179.9003906	0.0	1597.0	0.0	0.0	0.0	0.0	-2780361.75	-2780361.75	-2780361.75	-2780361.75	
1.0	2838.94995117	223474.296875	38.7999992371	1774.40002441	0.0	-20.2999992371	-17.6000003815	2220.0	1268.0	0.0	18.0	31389.9003906	13411.9003906	0.0	1587.0	0.0	0.0	0.0	0.0	-3108529.75	-3108529.75	-3108529.75	-3108529.75	
1.0	2839.10058594	223469.296875	38.7999992371	1778.40002441	0.0	-19.2999992371	2.40000009537	2316.0	1314.0	0.0	20.0	31604.9003906	13290.9003906	0.0	1599.0	0.0	0.0	0.0	0.0	-3300959.75	-3300959.75	-3300959.75	-3300959.75	
1.0	2839.2487793	223387.296875	39.7999992371	1745.40002441	0.0	-21.2999992371	2.40000009537	2360.0	1329.0	0.0	13.0	31613.9003906	13268.9003906	0.0	1597.0	0.0	0.0	0.0	0.0	-3170789.75	-3170789.75	-3170789.75	-3170789.75	
1.0	2839.39941406	223519.296875	40.7999992371	1756.40002441	0.0	-17.2999992371	5.40000009537	2391.0	1410.0	0.0	16.0	31432.9003906	13503.9003906	0.0	1479.0	0.0	0.0	0.0	0.0	-3321091.75	-3321091.75	-3321091.75	-3321091.75	
1.0	2839.55004883	223524.296875	38.7999992371	1762.40002441	0.0	-20.2999992371	5.40000009537	2465.0	1452.0	0.0	20.0	31888.9003906	13624.9003906	0.0	1567.0	0.0	0.0	0.0	0.0	-2787248.75	-2787248.75	-2787248.75	-2787248.75	
1.0	2839.70092773	223437.296875	33.7999992371	1774.40002441	0.0	-19.2999992371	7.40000009537	2493.0	1452.0	0.0	17.0	32056.9003906	13460.9003906	0.0	1588.0	0.0	0.0	0.0	0.0	-3207174.75	-3207174.75	-3207174.75	-3207174.75	
1.0	2839.84912109	223287.296875	32.7999992371	1788.40002441	0.0	-18.2999992371	5.40000009537	2552.0	1423.0	0.0	15.0	31454.9003906	13472.9003906	0.0	1548.0	0.0	0.0	0.0	0.0	-3888590.75	-3888590.75	-3888590.75	-3888590.75	
1.0	2840.0	223079.296875	28.7999992371	1773.40002441	0.0	-29.2999992371	9.39999961853	2607.0	1680.0	0.0	24.0	32292.9003906	14046.9003906	0.0	1604.0	0.0	0.0	0.0	0.0	-2586206.75	-2586206.75	-2586206.75	-2586206.75	
1.0	2840.15063477	223326.296875	33.7999992371	1754.40002441	0.0	-24.2999992371	7.40000009537	2753.0	1716.0	0.0	14.0	32215.9003906	14163.9003906	0.0	1597.0	0.0	0.0	0.0	0.0	-3169208.75	-3169208.75	-3169208.75	-3169208.75	
1.0	2840.29907227	223324.296875	31.7999992371	1756.40002441	0.0	-23.2999992371	9.39999961853	2920.0	1869.0	0.0	21.0	31990.9003906	14189.9003906	0.0	1532.0	0.0	0.0	0.0	0.0	-3561640.75	-3561640.75	-3561640.75	-3561640.75	
1.0	2840.44970703	223391.296875	30.7999992371	1764.40002441	0.0	-23.2999992371	6.40000009537	3011.0	1999.0	0.0	9.0	32467.9003906	14509.9003906	0.0	1554.0	0.0	0.0	0.0	0.0	-2493560.75	-2493560.75	-2493560.75	-2493560.75	
1.0	2840.60058594	223307.296875	32.7999992371	1769.40002441	0.0	-23.2999992371	6.40000009537	3025.0	2162.0	0.0	12.0	32008.9003906	14879.9003906	0.0	1519.0	0.0	0.0	0.0	0.0	-2833942.75	-2833942.75	-2833942.75	-2833942.75	
1.0	2840.74902344	223208.296875	18.7999992371	1750.40002441	0.0	-20.2999992371	4.40000009537	3275.0	2308.0	0.0	14.0	32172.9003906	14686.9003906	0.0	1593.0	0.0	0.0	0.0	0.0	-3785340.75	-3785340.75	-3785340.75	-3785340.75	
1.0	2840.89990234	223326.296875	23.7999992371	1770.40002441	0.0	-8.30000019073	7.40000009537	3451.0	2380.0	0.0	10.0	32571.9003906	15582.9003906	0.0	1566.0	0.0	0.0	0.0	0.0	-2517391.75	-2517391.75	-2517391.75	-2517391.75	
1.0	2841.05102539	223318.296875	24.7999992371	1764.40002441	0.0	-11.3000001907	6.40000009537	3567.0	2451.0	0.0	18.0	33165.8984375	15424.9003906	0.0	1564.0	0.0	0.0	0.0	0.0	-2714056.75	-2714056.75	-2714056.75	-2714056.75	
1.0	2841.19921875	223343.296875	23.7999992371	1773.40002441	0.0	-11.3000001907	-4.59999990463	3536.0	2489.0	0.0	19.0	32256.9003906	15407.9003906	0.0	1583.0	0.0	0.0	0.0	0.0	-3080174.75	-3080174.75	-3080174.75	-3080174.75	
1.0	2841.3503418	223316.296875	21.7999992371	1725.40002441	0.0	-11.3000001907	-5.59999990463	3654.0	2542.0	0.0	10.0	32606.9003906	15640.9003906	0.0	1620.0	0.0	0.0	0.0	0.0	-3209086.75	-3209086.75	-3209086.75	-3209086.75	
1.0	2841.4987793	223172.296875	23.7999992371	1739.40002441	0.0	-11.3000001907	-7.59999990463	3640.0	2610.0	0.0	13.0	32652.9003906	15666.9003906	0.0	1466.0	0.0	0.0	0.0	0.0	-2843154.75	-2843154.75	-2843154.75	-2843154.75	
1.0	2841.64990234	223223.296875	24.7999992371	1745.40002441	0.0	-9.30000019073	-5.59999990463	3469.0	2641.0	0.0	12.0	32057.9003906	15515.9003906	0.0	1617.0	0.0	0.0	0.0	0.0	-3182968.75	-3182968.75	-3182968.75	-3182968.75	
1.0	2841.80078125	223223.296875	24.7999992371	1752.40002441	0.0	-10.3000001907	-5.59999990463	3427.0	2537.0	0.0	20.0	32377.9003906	15566.9003906	0.0	1621.0	0.0	0.0	0.0	0.0	-3256452.75	-3256452.75	-3256452.75	-3256452.75	
1.0	2841.94946289	223285.296875	25.7999992371	1750.40002441	0.0	-11.3000001907	-4.59999990463	3462.0	2453.0	0.0	17.0	33379.8984375	15359.9003906	0.0	1608.0	0.0	0.0	0.0	0.0	-2918106.75	-2918106.75	-2918106.75	-2918106.75	
1.0	2842.10058594	223260.296875	21.7999992371	1750.40002441	0.0	3.70000004768	-5.59999990463	3280.0	2291.0	0.0	15.0	32073.9003906	14970.9003906	0.0	1541.0	0.0	0.0	0.0	0.0	-3788672.75	-3788672.75	-3788672.75	-3788672.75	
1.0	2842.24902344	223201.296875	24.7999992371	1752.40002441	0.0	2.70000004768	-8.60000038147	3168.0	2267.0	0.0	19.0	32244.9003906	15171.9003906	0.0	1664.0	0.0	0.0	0.0	0.0	-2853622.75	-2853622.75	-2853622.75	-2853622.75	
1.0	2842.40014648	223261.296875	25.7999992371	1732.40002441	0.0	6.69999980927	-13.6000003815	3014.0	2151.0	0.0	17.0	32034.9003906	14943.9003906	0.0	1620.0	0.0	0.0	0.0	0.0	-3276247.75	-3276247.75	-3276247.75	-3276247.75	
1.0	2842.54882812	223208.296875	23.7999992371	1752.40002441	0.0	6.69999980927	-24.6000003815	2943.0	1969.0	0.0	14.0	31771.9003906	14391.9003906	0.0	1545.0	0.0	0.0	0.0	0.0	-3649070.75	-3649070.75	-3649070.75	-3649070.75	
1.0	2842.69995117	223092.296875	26.7999992371	1761.40002441	0.0	2.70000004768	-26.6000003815	3103.0	1835.0	0.0	16.0	33134.8984375	14428.9003906	0.0	1595.0	0.0	0.0	0.0	0.0	-2551495.75	-2551495.75	-2551495.75	-2551495.75	
1.0	2842.84863281	223081.296875	23.7999992371	1737.40002441	0.0	4.69999980927	-28.6000003815	2849.0	1814.0	0.0	17.0	31738.9003906	14348.9003906	0.0	1508.0	0.0	0.0	0.0	0.0	-2987719.75	-2987719.75	-2987719.75	-2987719.75	
1.0	2843.0	223162.296875	23.7999992371	1764.40002441	0.0	4.69999980927	-29.6000003815	2817.0	1806.0	0.0	17.0	32480.9003906	14131.9003906	0.0	1580.0	0.0	0.0	0.0	0.0	-2990669.75	-2990669.75	-2990669.75	-2990669.75	
1.0	2843.15136719	223124.296875	26.7999992371	1748.40002441	0.0	5.69999980927	-30.6000003815	2762.0	1685.0	0.0	15.0	32928.8984375	14328.9003906	0.0	1683.0	0.0	0.0	0.0	0.0	-2571970.75	-2571970.75	-2571970.75	-2571970.75	
1.0	2843.30004883	223084.296875	21.7999992371	1742.40002441	0.0	7.69999980927	-28.6000003815	2759.0	1546.0	0.0	16.0	32216.9003906	13923.9003906	0.0	1585.0	0.0	0.0	0.0	0.0	-2767521.75	-2767521.75	-2767521.75	-2767521.75	
1.0	2843.44873047	223242.296875	24.7999992371	1754.40002441	0.0	7.69999980927	-25.6000003815	2665.0	1510.0	0.0	16.0	32560.9003906	14003.9003906	0.0	1570.0	0.0	0.0	0.0	0.0	-2916275.75	-2916275.75	-2916275.75	-2916275.75	
1.0	2843.60009766	223104.296875	24.7999992371	1742.40002441	0.0	5.69999980927	-9.60000038147	2616.0	1479.0	0.0	12.0	32317.9003906	13846.9003906	0.0	1507.0	0.0	0.0	0.0	0.0	-3208695.75	-3208695.75	-3208695.75	-3208695.75	
1.0	2843.74902344	223147.296875	22.7999992371	1743.40002441	0.0	9.69999980927	-8.60000038147	2560.0	1489.0	0.0	20.0	32147.9003906	13730.9003906	0.0	1504.0	0.0	0.0	0.0	0.0	-3147344.75	-3147344.75	-3147344.75	-3147344.75	
1.0	2843.90039062	223093.296875	22.7999992371	1757.40002441	0.0	3.70000004768	-7.59999990463	2562.0	1377.0	0.0	14.0	32278.9003906	13636.9003906	0.0	1500.0	0.0	0.0	0.0	0.0	-3462808.75	-3462808.75	-3462808.75	-3462808.75	
1.0	2844.04907227	222992.296875	19.7999992371	1747.40002441	0.0	6.69999980927	-7.59999990463	2567.0	1377.0	0.0	20.0	31818.9003906	13605.9003906	0.0	1648.0	0.0	0.0	0.0	0.0	-2906486.75	-2906486.75	-2906486.75	-2906486.75	
1.0	2844.20068359	223046.296875	22.7999992371	1752.40002441	0.0	3.70000004768	-4.59999990463	2509.0	1334.0	0.0	20.0	32052.9003906	13729.9003906	0.0	1599.0	0.0	0.0	0.0	0.0	-2840738.75	-2840738.75	-2840738.75	-2840738.75	
1.0	2844.34936523	222944.296875	23.7999992371	1729.40002441	0.0	0.699999988079	-6.59999990463	2309.0	1338.0	0.0	23.0	31102.9003906	13503.9003906	0.0	1573.0	0.0	0.0	0.0	0.0	-3616508.75	-3616508.75	-3616508.75	-3616508.75	
1.0	2844.50097656	222974.296875	20.7999992371	1742.40002441	0.0	3.70000004768	-7.59999990463	2438.0	1281.0	0.0	13.0	32359.9003906	13510.9003906	0.0	1548.0	0.0	0.0	0.0	0.0	-2622922.75	-2622922.75	-2622922.75	-2622922.75	
1.0	2844.64990234	222971.296875	21.7999992371	1749.40002441	0.0	2.70000004768	-7.59999990463	2376.0	1242.0	0.0	17.0	32173.9003906	13586.9003906	0.0	1621.0	0.0	0.0	0.0	0.0	-2803395.75	-2803395.75	-2803395.75	-2803395.75	
1.0	2844.79882812	222994.296875	19.7999992371	1757.40002441	0.0	-4.30000019073	-10.6000003815	2279.0	1198.0	0.0	17.0	31611.9003906	13434.9003906	0.0	1551.0	0.0	0.0	0.0	0.0	-3211963.75	-3211963.75	-3211963.75	-3211963.75	
1.0	2844.95043945	222952.296875	20.7999992371	1741.40002441	0.0	-7.30000019073	-9.60000038147	2257.0	1250.0	0.0	18.0	31748.9003906	13298.9003906	0.0	1564.0	0.0	0.0	0.0	0.0	-2991664.75	-2991664.75	-2991664.75	-2991664.75	
1.0	2845.09936523	222988.296875	19.7999992371	1754.40002441	0.0	-4.30000019073	-8.60000038147	2297.0	1154.0	0.0	26.0	31932.9003906	13385.9003906	0.0	1690.0	0.0	0.0	0.0	0.0	-2685477.75	-2685477.75	-2685477.75	-2685477.75	
1.0	2845.25097656	222935.296875	22.7999992371	1732.40002441	0.0	-1.29999995232	-8.60000038147	2246.0	1226.0	0.0	18.0	31931.9003906	13356.9003906	0.0	1619.0	0.0	0.0	0.0	0.0	-3558508.75	-3558508.75	-3558508.75	-3558508.75	
1.0	2845.40014648	222912.296875	20.7999992371	1745.40002441	0.0	1.70000004768	-8.60000038147	2310.0	1206.0	0.0	18.0	31683.9003906	13573.9003906	0.0	1696.0	0.0	0.0	0.0	0.0	-2927213.75	-2927213.75	-2927213.75	-2927213.75	
1.0	2845.54907227	222945.296875	20.7999992371	1747.40002441	0.0	-0.300000011921	-16.6000003815	2287.0	1155.0	0.0	14.0	32382.9003906	13227.9003906	0.0	1529.0	0.0	0.0	0.0	0.0	-3026843.75	-3026843.75	-3026843.75	-3026843.75	
1.0	2845.70092773	222939.296875	22.7999992371	1757.40002441	0.0	1.70000004768	-6.59999990463	2272.0	1119.0	0.0	10.0	31718.9003906	13174.9003906	0.0	1578.0	0.0	0.0	0.0	0.0	-3321222.75	-3321222.75	-3321222.75	-3321222.75	
1.0	2845.85009766	223044.296875	26.7999992371	1755.40002441	0.0	0.699999988079	-9.60000038147	2252.0	1161.0	0.0	15.0	32073.9003906	13236.9003906	0.0	1567.0	0.0	0.0	0.0	0.0	-3226048.75	-3226048.75	-3226048.75	-3226048.75	
1.0	2845.99902344	222901.296875	24.7999992371	1739.40002441	0.0	0.699999988079	-18.6000003815	2272.0	1205.0	0.0	15.0	31876.9003906	13382.9003906	0.0	1511.0	0.0	0.0	0.0	0.0	-3244929.75	-3244929.75	-3244929.75	-3244929.75	
1.0	2846.15087891	222948.296875	22.7999992371	1736.40002441	0.0	2.70000004768	-19.6000003815	2360.0	1124.0	0.0	14.0	31958.9003906	13111.9003906	0.0	1639.0	0.0	0.0	0.0	0.0	-3409454.75	-3409454.75	-3409454.75	-3409454.75	
1.0	2846.30004883	222964.296875	20.7999992371	1739.40002441	0.0	1.70000004768	-12.6000003815	2243.0	1064.0	0.0	20.0	31883.9003906	13250.9003906	0.0	1599.0	0.0	0.0	0.0	0.0	-2939903.75	-2939903.75	-2939903.75	-2939903.75	
1.0	2846.44921875	222977.296875	23.7999992371	1758.40002441	0.0	3.70000004768	-8.60000038147	2114.0	1179.0	0.0	18.0	31913.9003906	13186.9003906	0.0	1636.0	0.0	0.0	0.0	0.0	-3104153.75	-3104153.75	-3104153.75	-3104153.75	
1.0	2846.60107422	222954.296875	24.7999992371	1761.40002441	0.0	-0.300000011921	-8.60000038147	2211.0	1149.0	0.0	13.0	31565.9003906	13388.9003906	0.0	1457.0	0.0	0.0	0.0	0.0	-3395762.75	-3395762.75	-3395762.75	-3395762.75	
1.0	2846.75024414	222906.296875	27.7999992371	1751.40002441	0.0	-6.30000019073	-9.60000038147	2246.0	1083.0	0.0	19.0	31772.9003906	13197.9003906	0.0	1586.0	0.0	0.0	0.0	0.0	-3066422.75	-3066422.75	-3066422.75	-3066422.75	
1.0	2846.8996582	222826.296875	21.7999992371	1743.40002441	0.0	-9.30000019073	-6.59999990463	2124.0	1077.0	0.0	20.0	31889.9003906	13103.9003906	0.0	1557.0	0.0	0.0	0.0	0.0	-3187979.75	-3187979.75	-3187979.75	-3187979.75	
1.0	2847.04907227	222762.296875	27.7999992371	1759.40002441	0.0	-5.30000019073	-9.60000038147	2154.0	1086.0	0.0	18.0	31761.9003906	13187.9003906	0.0	1540.0	0.0	0.0	0.0	0.0	-3319712.75	-3319712.75	-3319712.75	-3319712.75	
1.0	2847.20092773	222860.296875	24.7999992371	1718.40002441	0.0	-4.30000019073	-5.59999990463	2316.0	1118.0	0.0	17.0	32480.9003906	13060.9003906	0.0	1542.0	0.0	0.0	0.0	0.0	-2683294.75	-2683294.75	-2683294.75	-2683294.75	
1.0	2847.3503418	222833.296875	24.7999992371	1754.40002441	0.0	-8.30000019073	-6.59999990463	2135.0	1058.0	0.0	13.0	32126.9003906	13161.9003906	0.0	1587.0	0.0	0.0	0.0	0.0	-3281123.75	-3281123.75	-3281123.75	-3281123.75	
1.0	2847.49951172	222664.296875	22.7999992371	1774.40002441	0.0	-22.2999992371	-5.59999990463	2227.0	1050.0	0.0	22.0	31523.9003906	13334.9003906	0.0	1563.0	0.0	0.0	0.0	0.0	-3329477.75	-3329477.75	-3329477.75	-3329477.75	
1.0	2847.64892578	222718.296875	26.7999992371	1763.40002441	0.0	-21.2999992371	-7.59999990463	2268.0	1127.0	0.0	22.0	32567.9003906	13400.9003906	0.0	1609.0	0.0	0.0	0.0	0.0	-2594690.75	-2594690.75	-2594690.75	-2594690.75	
1.0	2847.80102539	222766.296875	26.7999992371	1764.40002441	0.0	-23.2999992371	-5.59999990463	2210.0	1078.0	0.0	19.0	31875.9003906	13095.9003906	0.0	1523.0	0.0	0.0	0.0	0.0	-2513416.75	-2513416.75	-2513416.75	-2513416.75	
1.0	2847.95043945	222820.296875	26.7999992371	1752.40002441	0.0	-25.2999992371	-5.59999990463	2232.0	1061.0	0.0	13.0	32073.9003906	13162.9003906	0.0	1551.0	0.0	0.0	0.0	0.0	-3098619.75	-3098619.75	-3098619.75	-3098619.75	
1.0	2848.09985352	222691.296875	26.7999992371	1749.40002441	0.0	-20.2999992371	-5.59999990463	2170.0	1105.0	0.0	14.0	31355.9003906	13020.9003906	0.0	1642.0	0.0	0.0	0.0	0.0	-3146899.75	-3146899.75	-3146899.75	-3146899.75	
1.0	2848.24951172	222751.296875	26.7999992371	1758.40002441	0.0	-19.2999992371	-2.59999990463	2191.0	1070.0	0.0	16.0	32334.9003906	13311.9003906	0.0	1584.0	0.0	0.0	0.0	0.0	-2695636.75	-2695636.75	-2695636.75	-2695636.75	
1.0	2848.39892578	222795.296875	28.7999992371	1752.40002441	0.0	-20.2999992371	0.40000000596	2149.0	1142.0	0.0	13.0	32036.9003906	13349.9003906	0.0	1553.0	0.0	0.0	0.0	0.0	-3008277.75	-3008277.75	-3008277.75	-3008277.75	
1.0	2848.55102539	222729.296875	23.7999992371	1773.40002441	0.0	-22.2999992371	-1.60000002384	2226.0	1146.0	0.0	25.0	32126.9003906	13269.9003906	0.0	1698.0	0.0	0.0	0.0	0.0	-2707745.75	-2707745.75	-2707745.75	-2707745.75	
1.0	2848.70068359	222737.296875	37.7999992371	1763.40002441	0.0	-18.2999992371	-1.60000002384	2213.0	1133.0	0.0	9.0	32049.9003906	13257.9003906	0.0	1529.0	0.0	0.0	0.0	0.0	-3048345.75	-3048345.75	-3048345.75	-3048345.75	
1.0	2848.85009766	222680.296875	36.7999992371	1757.40002441	0.0	-17.2999992371	1.39999997616	2171.0	1081.0	0.0	15.0	32060.9003906	13086.9003906	0.0	1510.0	0.0	0.0	0.0	0.0	-3641223.75	-3641223.75	-3641223.75	-3641223.75	
1.0	2848.99975586	222798.296875	25.7999992371	1745.40002441	0.0	-17.2999992371	-0.600000023842	2198.0	1068.0	0.0	21.0	31666.9003906	13234.9003906	0.0	1677.0	0.0	0.0	0.0	0.0	-3242983.75	-3242983.75	-3242983.75	-3242983.75	
1.0	2849.14941406	222675.296875	36.7999992371	1764.40002441	0.0	-2.29999995232	-1.60000002384	2130.0	1091.0	0.0	15.0	32080.9003906	13153.9003906	0.0	1674.0	0.0	0.0	0.0	0.0	-3064710.75	-3064710.75	-3064710.75	-3064710.75	
1.0	2849.29907227	222658.296875	40.7999992371	1757.40002441	0.0	-3.29999995232	-1.60000002384	2079.0	1110.0	0.0	14.0	31713.9003906	13257.9003906	0.0	1576.0	0.0	0.0	0.0	0.0	-3409230.75	-3409230.75	-3409230.75	-3409230.75	
1.0	2849.44873047	222677.296875	38.7999992371	1765.40002441	0.0	-14.3000001907	2.40000009537	2212.0	1099.0	0.0	17.0	32488.9003906	13316.9003906	0.0	1593.0	0.0	0.0	0.0	0.0	-2641029.75	-2641029.75	-2641029.75	-2641029.75	
1.0	2849.60107422	222613.296875	41.7999992371	1758.40002441	0.0	-14.3000001907	0.40000000596	2165.0	1133.0	0.0	19.0	32413.9003906	13436.9003906	0.0	1604.0	0.0	0.0	0.0	0.0	-3142805.75	-3142805.75	-3142805.75	-3142805.75	
1.0	2849.75073242	222538.296875	34.7999992371	1768.40002441	0.0	-2.29999995232	-0.600000023842	2252.0	1099.0	0.0	15.0	31818.9003906	13249.9003906	0.0	1571.0	0.0	0.0	0.0	0.0	-3429789.75	-3429789.75	-3429789.75	-3429789.75	
1.0	2849.90063477	222746.296875	14.8000001907	1758.40002441	0.0	0.699999988079	0.40000000596	2204.0	1169.0	0.0	18.0	31956.9003906	13370.9003906	0.0	1591.0	0.0	0.0	0.0	0.0	-3032514.75	-3032514.75	-3032514.75	-3032514.75	
1.0	2850.05029297	222620.296875	17.7999992371	1769.40002441	0.0	7.69999980927	-2.59999990463	2200.0	1055.0	0.0	8.0	32401.9003906	13256.9003906	0.0	1606.0	0.0	0.0	0.0	0.0	-2742158.75	-2742158.75	-2742158.75	-2742158.75	
1.0	2850.20019531	222603.296875	36.7999992371	1761.40002441	0.0	3.70000004768	-0.600000023842	2186.0	1066.0	0.0	14.0	31935.9003906	13223.9003906	0.0	1573.0	0.0	0.0	0.0	0.0	-3052682.75	-3052682.75	-3052682.75	-3052682.75	
1.0	2850.34985352	222609.296875	36.7999992371	1758.40002441	0.0	6.69999980927	-2.59999990463	2325.0	1146.0	0.0	24.0	32507.9003906	13316.9003906	0.0	1585.0	0.0	0.0	0.0	0.0	-3181697.75	-3181697.75	-3181697.75	-3181697.75	
1.0	2850.49975586	222577.296875	35.7999992371	1753.40002441	0.0	5.69999980927	1.39999997616	2317.0	1146.0	0.0	17.0	32736.9003906	13454.9003906	0.0	1581.0	0.0	0.0	0.0	0.0	-2541737.75	-2541737.75	-2541737.75	-2541737.75	
1.0	2850.6496582	222612.296875	38.7999992371	1734.40002441	0.0	5.69999980927	1.39999997616	2170.0	1108.0	0.0	13.0	31875.9003906	13408.9003906	0.0	1569.0	0.0	0.0	0.0	0.0	-3207771.75	-3207771.75	-3207771.75	-3207771.75	
1.0	2850.79956055	222572.296875	38.7999992371	1765.40002441	0.0	5.69999980927	1.39999997616	2299.0	1092.0	0.0	15.0	32169.9003906	13175.9003906	0.0	1619.0	0.0	0.0	0.0	0.0	-2983123.75	-2983123.75	-2983123.75	-2983123.75	
1.0	2850.94946289	222894.296875	35.7999992371	1755.40002441	0.0	5.69999980927	0.40000000596	2190.0	1133.0	0.0	17.0	32298.9003906	13354.9003906	0.0	1543.0	0.0	0.0	0.0	0.0	-2986097.75	-2986097.75	-2986097.75	-2986097.75	
1.0	2851.09936523	223580.296875	33.7999992371	1766.40002441	0.0	2.70000004768	-1.60000002384	2253.0	1084.0	0.0	11.0	32423.9003906	13224.9003906	0.0	1609.0	0.0	0.0	0.0	0.0	-3183275.75	-3183275.75	-3183275.75	-3183275.75	
1.0	2851.24926758	224530.296875	36.7999992371	1768.40002441	0.0	5.69999980927	-2.59999990463	2167.0	1183.0	0.0	11.0	31713.9003906	13407.9003906	0.0	1495.0	0.0	0.0	0.0	0.0	-3313164.75	-3313164.75	-3313164.75	-3313164.75	
1.0	2851.39941406	225365.296875	36.7999992371	1767.40002441	0.0	-4.30000019073	0.40000000596	2256.0	1141.0	0.0	17.0	32763.9003906	13406.9003906	0.0	1648.0	0.0	0.0	0.0	0.0	-2749725.75	-2749725.75	-2749725.75	-2749725.75	
1.0	2851.54931641	225341.296875	31.7999992371	1786.40002441	0.0	-10.3000001907	-2.59999990463	2269.0	1254.0	0.0	19.0	32580.9003906	13631.9003906	0.0	1662.0	0.0	0.0	0.0	0.0	-2656377.75	-2656377.75	-2656377.75	-2656377.75	
1.0	2851.69946289	225333.296875	30.7999992371	1773.40002441	0.0	-8.30000019073	-1.60000002384	2235.0	1161.0	0.0	19.0	33136.8984375	13640.9003906	0.0	1637.0	0.0	0.0	0.0	0.0	-2593808.75	-2593808.75	-2593808.75	-2593808.75	
1.0	2851.84936523	225362.296875	34.7999992371	1780.40002441	0.0	-9.30000019073	-18.6000003815	2263.0	1168.0	0.0	19.0	32179.9003906	13316.9003906	0.0	1625.0	0.0	0.0	0.0	0.0	-3256417.75	-3256417.75	-3256417.75	-3256417.75	
1.0	2851.99951172	225306.296875	33.7999992371	1785.40002441	0.0	4.69999980927	-10.6000003815	2256.0	1156.0	0.0	22.0	32525.9003906	13422.9003906	0.0	1516.0	0.0	0.0	0.0	0.0	-3784072.75	-3784072.75	-3784072.75	-3784072.75	
1.0	2852.1496582	225406.296875	34.7999992371	1773.40002441	0.0	6.69999980927	-6.59999990463	2279.0	1123.0	0.0	15.0	32950.8984375	13393.9003906	0.0	1648.0	0.0	0.0	0.0	0.0	-3163774.75	-3163774.75	-3163774.75	-3163774.75	
1.0	2852.29956055	225409.296875	35.7999992371	1788.40002441	0.0	4.69999980927	-5.59999990463	2304.0	1135.0	0.0	13.0	32255.9003906	13266.9003906	0.0	1615.0	0.0	0.0	0.0	0.0	-2775916.75	-2775916.75	-2775916.75	-2775916.75	
1.0	2852.44970703	225394.296875	30.7999992371	1782.40002441	0.0	4.69999980927	-3.59999990463	2157.0	1126.0	0.0	23.0	32186.9003906	13357.9003906	0.0	1653.0	0.0	0.0	0.0	0.0	-3381886.75	-3381886.75	-3381886.75	-3381886.75	
1.0	2852.60009766	225383.296875	38.7999992371	1786.40002441	0.0	3.70000004768	-17.6000003815	2230.0	1137.0	0.0	18.0	32679.9003906	13473.9003906	0.0	1597.0	0.0	0.0	0.0	0.0	-3027687.75	-3027687.75	-3027687.75	-3027687.75	
1.0	2852.75024414	225489.296875	41.7999992371	1795.40002441	0.0	2.70000004768	-9.60000038147	2215.0	1162.0	0.0	20.0	32388.9003906	13472.9003906	0.0	1600.0	0.0	0.0	0.0	0.0	-2608176.75	-2608176.75	-2608176.75	-2608176.75	
1.0	2852.90039062	225294.296875	38.7999992371	1774.40002441	0.0	1.70000004768	-4.59999990463	2199.0	1121.0	0.0	8.0	32247.9003906	13581.9003906	0.0	1631.0	0.0	0.0	0.0	0.0	-3290707.75	-3290707.75	-3290707.75	-3290707.75	
1.0	2853.05053711	225464.296875	36.7999992371	1767.40002441	0.0	1.70000004768	-2.59999990463	2174.0	1164.0	0.0	15.0	32373.9003906	13532.9003906	0.0	1579.0	0.0	0.0	0.0	0.0	-2796692.75	-2796692.75	-2796692.75	-2796692.75	
1.0	2853.20092773	225228.296875	38.7999992371	1766.40002441	0.0	-9.30000019073	-4.59999990463	2213.0	1123.0	0.0	25.0	32510.9003906	13647.9003906	0.0	1566.0	0.0	0.0	0.0	0.0	-2702427.75	-2702427.75	-2702427.75	-2702427.75	
1.0	2853.35107422	225342.296875	43.7999992371	1775.40002441	0.0	-23.2999992371	-1.60000002384	2185.0	1125.0	0.0	15.0	32351.9003906	13613.9003906	0.0	1583.0	0.0	0.0	0.0	0.0	-2918093.75	-2918093.75	-2918093.75	-2918093.75	
1.0	2853.4987793	225337.296875	36.7999992371	1785.40002441	0.0	-30.2999992371	-0.600000023842	2170.0	1119.0	0.0	18.0	32309.9003906	13316.9003906	0.0	1612.0	0.0	0.0	0.0	0.0	-3177071.75	-3177071.75	-3177071.75	-3177071.75	
1.0	2853.64916992	225380.296875	37.7999992371	1770.40002441	0.0	-33.2999992371	-0.600000023842	2111.0	1075.0	0.0	12.0	32083.9003906	13421.9003906	0.0	1488.0	0.0	0.0	0.0	0.0	-2976631.75	-2976631.75	-2976631.75	-2976631.75	
1.0	2853.79956055	225321.296875	36.7999992371	1777.40002441	0.0	-29.2999992371	9.39999961853	2263.0	1070.0	0.0	23.0	32424.9003906	13087.9003906	0.0	1670.0	0.0	0.0	0.0	0.0	-3349820.75	-3349820.75	-3349820.75	-3349820.75	
1.0	2853.94995117	225359.296875	37.7999992371	1782.40002441	0.0	-30.2999992371	8.39999961853	2249.0	1150.0	0.0	10.0	32460.9003906	13612.9003906	0.0	1549.0	0.0	0.0	0.0	0.0	-3240237.75	-3240237.75	-3240237.75	-3240237.75	
1.0	2854.1003418	225253.296875	36.7999992371	1780.40002441	0.0	-27.2999992371	8.39999961853	2307.0	1102.0	0.0	21.0	32681.9003906	13474.9003906	0.0	1673.0	0.0	0.0	0.0	0.0	-3095817.75	-3095817.75	-3095817.75	-3095817.75	
1.0	2854.25073242	225286.296875	41.7999992371	1775.40002441	0.0	-15.3000001907	9.39999961853	2326.0	1093.0	0.0	15.0	32848.8984375	13343.9003906	0.0	1602.0	0.0	0.0	0.0	0.0	-3259212.75	-3259212.75	-3259212.75	-3259212.75	
1.0	2854.40112305	225383.296875	35.7999992371	1767.40002441	0.0	-12.3000001907	10.3999996185	2116.0	1094.0	0.0	15.0	32548.9003906	13325.9003906	0.0	1568.0	0.0	0.0	0.0	0.0	-2848893.75	-2848893.75	-2848893.75	-2848893.75	
1.0	2854.54907227	225242.296875	38.7999992371	1796.40002441	0.0	-11.3000001907	11.3999996185	2208.0	1114.0	0.0	20.0	32928.8984375	13375.9003906	0.0	1543.0	0.0	0.0	0.0	0.0	-3109854.75	-3109854.75	-3109854.75	-3109854.75	
1.0	2854.69946289	225300.296875	38.7999992371	1791.40002441	0.0	-13.3000001907	13.3999996185	2170.0	1089.0	0.0	24.0	32599.9003906	13272.9003906	0.0	1604.0	0.0	0.0	0.0	0.0	-3490902.75	-3490902.75	-3490902.75	-3490902.75	
1.0	2854.85009766	225163.296875	39.7999992371	1772.40002441	0.0	-12.3000001907	10.3999996185	2216.0	1110.0	0.0	16.0	32493.9003906	13413.9003906	0.0	1600.0	0.0	0.0	0.0	0.0	-3028842.75	-3028842.75	-3028842.75	-3028842.75	
1.0	2855.00048828	225384.296875	36.7999992371	1788.40002441	0.0	-7.30000019073	9.39999961853	2150.0	1088.0	0.0	16.0	31738.9003906	13421.9003906	0.0	1549.0	0.0	0.0	0.0	0.0	-3257267.75	-3257267.75	-3257267.75	-3257267.75	
1.0	2855.49902344	225160.296875	35.7999992371	1774.40002441	0.0	-8.30000019073	10.3999996185	2213.0	1075.0	0.0	22.0	32320.9003906	13502.9003906	0.0	1654.0	0.0	0.0	0.0	0.0	-2696880.75	-2696880.75	-2696880.75	-2696880.75	
1.0	2856.00048828	225375.296875	39.7999992371	1792.40002441	0.0	-10.3000001907	11.3999996185	2205.0	1072.0	0.0	15.0	32787.8984375	13645.9003906	0.0	1587.0	0.0	0.0	0.0	0.0	-2758872.75	-2758872.75	-2758872.75	-2758872.75	
1.0	2856.49926758	225355.296875	19.7999992371	1784.40002441	0.0	-12.3000001907	9.39999961853	2144.0	1130.0	0.0	23.0	32293.9003906	13508.9003906	0.0	1661.0	0.0	0.0	0.0	0.0	-2902825.75	-2902825.75	-2902825.75	-2902825.75	
1.0	2857.0012207	225333.296875	11.8000001907	1801.40002441	0.0	-11.3000001907	4.40000009537	2231.0	1080.0	0.0	18.0	32642.9003906	13148.9003906	0.0	1623.0	0.0	0.0	0.0	0.0	-3166275.75	-3166275.75	-3166275.75	-3166275.75	
1.0	2857.50073242	225250.296875	25.7999992371	1774.40002441	0.0	-11.3000001907	7.40000009537	2144.0	1142.0	0.0	11.0	32334.9003906	13505.9003906	0.0	1717.0	0.0	0.0	0.0	0.0	-2604436.75	-2604436.75	-2604436.75	-2604436.75	
1.0	2858.00048828	225375.296875	27.7999992371	1785.40002441	0.0	-9.30000019073	6.40000009537	2192.0	1111.0	0.0	15.0	32523.9003906	13501.9003906	0.0	1640.0	0.0	0.0	0.0	0.0	-2959058.75	-2959058.75	-2959058.75	-2959058.75	
1.0	2858.50048828	225151.296875	26.7999992371	1778.40002441	0.0	-11.3000001907	1.39999997616	2166.0	1041.0	0.0	23.0	33006.8984375	13273.9003906	0.0	1674.0	0.0	0.0	0.0	0.0	-3277031.75	-3277031.75	-3277031.75	-3277031.75	
1.0	2859.00073242	225301.296875	29.7999992371	1789.40002441	0.0	-9.30000019073	3.40000009537	2267.0	1091.0	0.0	10.0	33070.8984375	13379.9003906	0.0	1647.0	0.0	0.0	0.0	0.0	-3199561.75	-3199561.75	-3199561.75	-3199561.75	
1.0	2859.4987793	225223.296875	30.7999992371	1794.40002441	0.0	-9.30000019073	5.40000009537	2241.0	1110.0	0.0	14.0	32948.8984375	13624.9003906	0.0	1644.0	0.0	0.0	0.0	0.0	-2589782.75	-2589782.75	-2589782.75	-2589782.75	
1.0	2859.99951172	225282.296875	30.7999992371	1791.40002441	0.0	-8.30000019073	6.40000009537	2218.0	1083.0	0.0	19.0	33051.8984375	13522.9003906	0.0	1618.0	0.0	0.0	0.0	0.0	-2911373.75	-2911373.75	-2911373.75	-2911373.75	
1.0	2860.50048828	225346.296875	34.7999992371	1790.40002441	0.0	-12.3000001907	7.40000009537	2222.0	1119.0	0.0	16.0	32580.9003906	13470.9003906	0.0	1622.0	0.0	0.0	0.0	0.0	-3206891.75	-3206891.75	-3206891.75	-3206891.75	
1.0	2860.99926758	225340.296875	34.7999992371	1800.40002441	0.0	-10.3000001907	7.40000009537	2152.0	1151.0	0.0	15.0	32567.9003906	13597.9003906	0.0	1648.0	0.0	0.0	0.0	0.0	-2903218.75	-2903218.75	-2903218.75	-2903218.75	
1.0	2861.50073242	225277.296875	30.7999992371	1788.40002441	0.0	-11.3000001907	7.40000009537	2232.0	1037.0	0.0	19.0	32834.8984375	13326.9003906	0.0	1646.0	0.0	0.0	0.0	0.0	-2966167.75	-2966167.75	-2966167.75	-2966167.75	
1.0	2862.0	225301.296875	35.7999992371	1799.40002441	0.0	-11.3000001907	11.3999996185	2202.0	1123.0	0.0	20.0	32847.8984375	13448.9003906	0.0	1648.0	0.0	0.0	0.0	0.0	-3174258.75	-3174258.75	-3174258.75	-3174258.75	
1.0	2862.49926758	225466.296875	32.7999992371	1792.40002441	0.0	-10.3000001907	6.40000009537	2197.0	1122.0	0.0	27.0	32696.9003906	13550.9003906	0.0	1628.0	0.0	0.0	0.0	0.0	-3196747.75	-3196747.75	-3196747.75	-3196747.75	
1.0	2862.99902344	225333.296875	30.7999992371	1793.40002441	0.0	-3.29999995232	8.39999961853	2233.0	1104.0	0.0	18.0	33258.8984375	13661.9003906	0.0	1673.0	0.0	0.0	0.0	0.0	-2763482.75	-2763482.75	-2763482.75	-2763482.75	
1.0	2863.49902344	225465.296875	30.7999992371	1793.40002441	0.0	-3.29999995232	9.39999961853	2214.0	1115.0	0.0	13.0	32892.8984375	13656.9003906	0.0	1647.0	0.0	0.0	0.0	0.0	-3083851.75	-3083851.75	-3083851.75	-3083851.75	
1.0	2863.99926758	225411.296875	33.7999992371	1792.40002441	0.0	-2.29999995232	7.40000009537	2201.0	1142.0	0.0	15.0	33135.8984375	13734.9003906	0.0	1750.0	0.0	0.0	0.0	0.0	-2556003.75	-2556003.75	-2556003.75	-2556003.75	
1.0	2864.49975586	225336.296875	26.7999992371	1794.40002441	0.0	-3.29999995232	9.39999961853	2254.0	1147.0	0.0	15.0	33051.8984375	13579.9003906	0.0	1598.0	0.0	0.0	0.0	0.0	-2674174.75	-2674174.75	-2674174.75	-2674174.75	
1.0	2865.00048828	225364.296875	32.7999992371	1805.40002441	0.0	11.6999998093	7.40000009537	2095.0	1102.0	0.0	16.0	32890.8984375	13557.9003906	0.0	1642.0	0.0	0.0	0.0	0.0	-2947197.75	-2947197.75	-2947197.75	-2947197.75	
1.0	2865.4987793	225340.296875	29.7999992371	1781.40002441	0.0	2.70000004768	7.40000009537	2164.0	1122.0	0.0	17.0	33025.8984375	13407.9003906	0.0	1667.0	0.0	0.0	0.0	0.0	-2996040.75	-2996040.75	-2996040.75	-2996040.75	
1.0	2866.0	225362.296875	28.7999992371	1792.40002441	0.0	-3.29999995232	7.40000009537	2246.0	1122.0	0.0	15.0	33477.8984375	13676.9003906	0.0	1708.0	0.0	0.0	0.0	0.0	-2708034.75	-2708034.75	-2708034.75	-2708034.75	
1.0	2866.4987793	225301.296875	30.7999992371	1758.40002441	0.0	-8.30000019073	7.40000009537	2123.0	1090.0	0.0	18.0	32645.9003906	13664.9003906	0.0	1630.0	0.0	0.0	0.0	0.0	-2596388.75	-2596388.75	-2596388.75	-2596388.75	
1.0	2867.00048828	225441.296875	29.7999992371	1783.40002441	0.0	-11.3000001907	7.40000009537	2264.0	1173.0	0.0	16.0	33556.8984375	13835.9003906	0.0	1622.0	0.0	0.0	0.0	0.0	-2739889.75	-2739889.75	-2739889.75	-2739889.75	
1.0	2867.5	225365.296875	31.7999992371	1776.40002441	0.0	-11.3000001907	7.40000009537	2169.0	1071.0	0.0	12.0	33114.8984375	13650.9003906	0.0	1595.0	0.0	0.0	0.0	0.0	-3060959.75	-3060959.75	-3060959.75	-3060959.75	
1.0	2867.99951172	225446.296875	33.7999992371	1780.40002441	0.0	-13.3000001907	6.40000009537	2135.0	1107.0	0.0	12.0	33057.8984375	13655.9003906	0.0	1634.0	0.0	0.0	0.0	0.0	-3212410.75	-3212410.75	-3212410.75	-3212410.75	
1.0	2868.49951172	225492.296875	30.7999992371	1781.40002441	0.0	-10.3000001907	8.39999961853	2212.0	1056.0	0.0	21.0	32680.9003906	13708.9003906	0.0	1652.0	0.0	0.0	0.0	0.0	-2862917.75	-2862917.75	-2862917.75	-2862917.75	
1.0	2868.99951172	225391.296875	32.7999992371	1787.40002441	0.0	0.699999988079	5.40000009537	2215.0	1048.0	0.0	18.0	33252.8984375	13644.9003906	0.0	1770.0	0.0	0.0	0.0	0.0	-2736900.75	-2736900.75	-2736900.75	-2736900.75	
1.0	2869.5	225458.296875	31.7999992371	1777.40002441	0.0	3.70000004768	9.39999961853	2236.0	1084.0	0.0	12.0	33618.8984375	13448.9003906	0.0	1598.0	0.0	0.0	0.0	0.0	-2832366.75	-2832366.75	-2832366.75	-2832366.75	
1.0	2870.00048828	225425.296875	33.7999992371	1771.40002441	0.0	2.70000004768	7.40000009537	2162.0	1091.0	0.0	18.0	33664.8984375	13684.9003906	0.0	1601.0	0.0	0.0	0.0	0.0	-3039670.75	-3039670.75	-3039670.75	-3039670.75	
1.0	2870.99975586	225583.296875	35.7999992371	1794.40002441	0.0	4.69999980927	6.40000009537	2136.0	1142.0	0.0	24.0	33048.8984375	13624.9003906	0.0	1683.0	0.0	0.0	0.0	0.0	-2770212.75	-2770212.75	-2770212.75	-2770212.75	
1.0	2872.00024414	225559.296875	28.7999992371	1794.40002441	0.0	5.69999980927	6.40000009537	2116.0	1108.0	0.0	15.0	33206.8984375	13539.9003906	0.0	1704.0	0.0	0.0	0.0	0.0	-3134175.75	-3134175.75	-3134175.75	-3134175.75	
1.0	2872.99902344	225459.296875	30.7999992371	1793.40002441	0.0	3.70000004768	8.39999961853	2224.0	1134.0	0.0	11.0	33447.8984375	13914.9003906	0.0	1639.0	0.0	0.0	0.0	0.0	-2555054.75	-2555054.75	-2555054.75	-2555054.75	
1.0	2873.9987793	225651.296875	29.7999992371	1778.40002441	0.0	3.70000004768	7.40000009537	2189.0	1081.0	0.0	16.0	33283.8984375	13647.9003906	0.0	1735.0	0.0	0.0	0.0	0.0	-2970409.75	-2970409.75	-2970409.75	-2970409.75	
1.0	2874.99951172	225543.296875	29.7999992371	1774.40002441	0.0	2.70000004768	6.40000009537	2133.0	1128.0	0.0	15.0	33104.8984375	13495.9003906	0.0	1697.0	0.0	0.0	0.0	0.0	-3306280.75	-3306280.75	-3306280.75	-3306280.75	
1.0	2876.0012207	225517.296875	31.7999992371	1789.40002441	0.0	0.699999988079	6.40000009537	2120.0	1161.0	0.0	5.0	33472.8984375	13709.9003906	0.0	1656.0	0.0	0.0	0.0	0.0	-2830062.75	-2830062.75	-2830062.75	-2830062.75	
1.0	2876.9987793	225553.296875	30.7999992371	1790.40002441	0.0	1.70000004768	5.40000009537	2177.0	1164.0	0.0	19.0	33730.8984375	13581.9003906	0.0	1712.0	0.0	0.0	0.0	0.0	-3236565.75	-3236565.75	-3236565.75	-3236565.75	
1.0	2878.0	225551.296875	31.7999992371	1780.40002441	0.0	-3.29999995232	6.40000009537	2125.0	1149.0	0.0	12.0	32892.8984375	13764.9003906	0.0	1591.0	0.0	0.0	0.0	0.0	-2676505.75	-2676505.75	-2676505.75	-2676505.75	
1.0	2878.99951172	225640.296875	32.7999992371	1780.40002441	0.0	-0.300000011921	8.39999961853	2209.0	1200.0	0.0	14.0	33638.8984375	13756.9003906	0.0	1734.0	0.0	0.0	0.0	0.0	-2932023.75	-2932023.75	-2932023.75	-2932023.75	
1.0	2880.0	225657.296875	24.7999992371	1785.40002441	0.0	-0.300000011921	4.40000009537	2273.0	1190.0	0.0	18.0	33584.8984375	13711.9003906	0.0	1633.0	0.0	0.0	0.0	0.0	-3090288.75	-3090288.75	-3090288.75	-3090288.75	
1.0	2880.9987793	225742.296875	16.7999992371	1796.40002441	0.0	2.70000004768	8.39999961853	2224.0	1123.0	0.0	18.0	33772.8984375	13831.9003906	0.0	1712.0	0.0	0.0	0.0	0.0	-2707027.75	-2707027.75	-2707027.75	-2707027.75	
1.0	2882.0012207	225597.296875	30.7999992371	1797.40002441	0.0	0.699999988079	5.40000009537	2154.0	1166.0	0.0	18.0	33299.8984375	13854.9003906	0.0	1736.0	0.0	0.0	0.0	0.0	-3203240.75	-3203240.75	-3203240.75	-3203240.75	
1.0	2882.99951172	225768.296875	31.7999992371	1804.40002441	0.0	1.70000004768	5.40000009537	2352.0	1145.0	0.0	26.0	33678.8984375	13665.9003906	0.0	1732.0	0.0	0.0	0.0	0.0	-3061502.75	-3061502.75	-3061502.75	-3061502.75	
1.0	2884.0012207	225734.296875	28.7999992371	1786.40002441	0.0	3.70000004768	7.40000009537	2228.0	1174.0	0.0	8.0	33934.8984375	14004.9003906	0.0	1751.0	0.0	0.0	0.0	0.0	-2659928.75	-2659928.75	-2659928.75	-2659928.75	
1.0	2884.9987793	225795.296875	33.7999992371	1794.40002441	0.0	3.70000004768	6.40000009537	2278.0	1138.0	0.0	12.0	34352.8984375	13776.9003906	0.0	1766.0	0.0	0.0	0.0	0.0	-3038111.75	-3038111.75	-3038111.75	-3038111.75	
1.0	2886.0	225819.296875	30.7999992371	1805.40002441	0.0	4.69999980927	7.40000009537	2204.0	1236.0	0.0	21.0	33931.8984375	13870.9003906	0.0	1728.0	0.0	0.0	0.0	0.0	-2783879.75	-2783879.75	-2783879.75	-2783879.75	
1.0	2886.99951172	225729.296875	29.7999992371	1796.40002441	0.0	3.70000004768	5.40000009537	2206.0	1157.0	0.0	17.0	33539.8984375	13691.9003906	0.0	1710.0	0.0	0.0	0.0	0.0	-2737320.75	-2737320.75	-2737320.75	-2737320.75	
1.0	2890.0012207	225861.296875	30.7999992371	1806.40002441	0.0	2.70000004768	5.40000009537	2300.0	1225.0	0.0	21.0	34278.8984375	13887.9003906	0.0	1719.0	0.0	0.0	0.0	0.0	-2721675.75	-2721675.75	-2721675.75	-2721675.75	
1.0	2893.0012207	226068.296875	30.7999992371	1810.40002441	0.0	1.70000004768	4.40000009537	2156.0	1181.0	0.0	14.0	34144.8984375	13994.9003906	0.0	1683.0	0.0	0.0	0.0	0.0	-3104476.75	-3104476.75	-3104476.75	-3104476.75	
1.0	2895.99926758	226116.296875	32.7999992371	1826.40002441	0.0	-0.300000011921	6.40000009537	2125.0	1142.0	0.0	15.0	34101.8984375	14143.9003906	0.0	1696.0	0.0	0.0	0.0	0.0	-2591549.75	-2591549.75	-2591549.75	-2591549.75	
1.0	2899.00097656	226194.296875	32.7999992371	1822.40002441	0.0	-1.29999995232	5.40000009537	2043.0	1092.0	0.0	14.0	34189.8984375	13926.9003906	0.0	1795.0	0.0	0.0	0.0	0.0	-3059970.75	-3059970.75	-3059970.75	-3059970.75	
1.0	2902.00073242	226220.296875	25.7999992371	1830.40002441	0.0	-1.29999995232	5.40000009537	2183.0	1122.0	0.0	18.0	34374.8984375	14111.9003906	0.0	1758.0	0.0	0.0	0.0	0.0	-2799216.75	-2799216.75	-2799216.75	-2799216.75	
1.0	2905.0012207	226503.296875	27.7999992371	1817.40002441	0.0	0.699999988079	3.40000009537	2111.0	1077.0	0.0	14.0	34839.8984375	14002.9003906	0.0	1755.0	0.0	0.0	0.0	0.0	-2663729.75	-2663729.75	-2663729.75	-2663729.75	
