SSRL   MicroEXAFS Data Collector 2.0 
Wed Jul 03 16:54:49 2019
PTS:	205	COLS:	24
alexbox-4ch-xspress.det
RuL3_edge_cell.rgn
SSRL BEAMLINE
COMMENTS





S1VGAP: 0.800000	S1HGAP: 1.000000	TABLEHORZ: 5.000000	SAMPLEV: 41.000000	CALVERT: 4.100521	BPVRT: 46.657988	M1VERT: 6.971044	SAMPLEHOLD: 25.998010	S1HTRAN: 4.775000	

Weights:
 1.000	1.000	1.000	1.000	1.000	1.000	1.000	1.000	1.000	1.000	1.000	1.000	1.000	1.000	1.000	1.000	1.000	1.000	1.000	1.000	1.000	1.000	
Offsets:
 480.9	1036.6	3120.0	0.0	112.4	585.7	0.0	0.0	0.0	0.0	0.2	1.3	0.0	1.5	0.0	0.0	0.0	0.0	79708896.9	79708896.9	79708896.9	79708896.9	
Data:
Real Time Clock
Requested Energy
I0   
I1   
I2   
I3   
MPFB1   
MPFB2   
FF1   
FF2   
FF3   
FF4   
ICR1   
ICR2   
ICR3   
ICR4   
SCA2.1   
SCA2.2   
SCA2.3   
SCA2.4   
TIME1   
TIME2   
TIME3   
TIME4   

1.0	2810.00097656	407973.09375	-135.600006104	6966.0	0.0	-5.40000009537	36.2999992371	100.0	19.0	0.0	8.0	9762.79980469	1982.69995117	0.0	600.5	0.0	0.0	0.0	0.0	-2621399.0	-2621399.0	-2621399.0	-2621399.0	
1.0	2810.99975586	407818.09375	-134.600006104	6948.0	0.0	-6.40000009537	50.2999992371	94.0	27.0	0.0	7.0	9569.79980469	1899.69995117	0.0	613.5	0.0	0.0	0.0	0.0	-3500857.0	-3500857.0	-3500857.0	-3500857.0	
1.0	2811.99951172	407766.09375	-136.600006104	6955.0	0.0	-6.40000009537	47.2999992371	100.0	36.0	0.0	8.0	9846.79980469	2041.69995117	0.0	623.5	0.0	0.0	0.0	0.0	-2746088.0	-2746088.0	-2746088.0	-2746088.0	
1.0	2813.00024414	407623.09375	-134.600006104	6927.0	0.0	-14.3999996185	52.2999992371	92.0	43.0	0.0	5.0	9927.79980469	1998.69995117	0.0	651.5	0.0	0.0	0.0	0.0	-2605063.0	-2605063.0	-2605063.0	-2605063.0	
1.0	2813.99951172	407358.09375	-135.600006104	6973.0	0.0	-14.3999996185	49.2999992371	104.0	34.0	0.0	17.0	9787.79980469	1963.69995117	0.0	640.5	0.0	0.0	0.0	0.0	-3052899.0	-3052899.0	-3052899.0	-3052899.0	
1.0	2815.0	407261.09375	-135.600006104	6968.0	0.0	-12.3999996185	50.2999992371	83.0	42.0	0.0	10.0	9871.79980469	1932.69995117	0.0	631.5	0.0	0.0	0.0	0.0	-2621738.0	-2621738.0	-2621738.0	-2621738.0	
1.0	2815.99902344	407379.09375	-134.600006104	6957.0	0.0	-13.3999996185	44.2999992371	109.0	42.0	0.0	5.0	9783.79980469	1992.69995117	0.0	593.5	0.0	0.0	0.0	0.0	-3126688.0	-3126688.0	-3126688.0	-3126688.0	
1.0	2816.99902344	407192.09375	-135.600006104	6968.0	0.0	-11.3999996185	47.2999992371	82.0	33.0	0.0	4.0	9971.79980469	2032.69995117	0.0	606.5	0.0	0.0	0.0	0.0	-3113260.0	-3113260.0	-3113260.0	-3113260.0	
1.0	2818.0	406860.09375	-136.600006104	6940.0	0.0	-12.3999996185	47.2999992371	123.0	41.0	0.0	11.0	10277.7998047	1944.69995117	0.0	655.5	0.0	0.0	0.0	0.0	-2794238.0	-2794238.0	-2794238.0	-2794238.0	
1.0	2818.99975586	406906.09375	-132.600006104	6944.0	0.0	-11.3999996185	47.2999992371	96.0	47.0	0.0	13.0	9946.79980469	1976.69995117	0.0	621.5	0.0	0.0	0.0	0.0	-2808900.0	-2808900.0	-2808900.0	-2808900.0	
1.0	2820.00048828	406953.09375	-135.600006104	6941.0	0.0	-13.3999996185	46.2999992371	123.0	54.0	0.0	6.0	9896.79980469	2017.69995117	0.0	573.5	0.0	0.0	0.0	0.0	-3079648.0	-3079648.0	-3079648.0	-3079648.0	
1.0	2820.99975586	406655.09375	-133.600006104	6952.0	0.0	-18.3999996185	37.2999992371	143.0	117.0	0.0	11.0	9971.79980469	2116.69995117	0.0	629.5	0.0	0.0	0.0	0.0	-2544250.0	-2544250.0	-2544250.0	-2544250.0	
1.0	2822.0	406342.09375	-131.600006104	6949.0	0.0	-14.3999996185	40.2999992371	270.0	272.0	0.0	4.0	10186.7998047	2271.69995117	0.0	586.5	0.0	0.0	0.0	0.0	-3041147.0	-3041147.0	-3041147.0	-3041147.0	
1.0	2822.9987793	406111.09375	-130.600006104	6953.0	0.0	-6.40000009537	35.2999992371	348.0	413.0	0.0	13.0	10346.7998047	2566.69995117	0.0	655.5	0.0	0.0	0.0	0.0	-3128680.0	-3128680.0	-3128680.0	-3128680.0	
1.0	2824.0012207	406124.09375	-132.600006104	6967.0	0.0	-2.40000009537	39.2999992371	381.0	587.0	0.0	11.0	10334.7998047	2808.69995117	0.0	624.5	0.0	0.0	0.0	0.0	-2858065.0	-2858065.0	-2858065.0	-2858065.0	
1.0	2824.99951172	405738.09375	-134.600006104	6952.0	0.0	-3.40000009537	40.2999992371	372.0	616.0	0.0	7.0	10105.7998047	2885.69995117	0.0	602.5	0.0	0.0	0.0	0.0	-2619481.0	-2619481.0	-2619481.0	-2619481.0	
1.0	2825.99902344	405257.09375	-134.600006104	6962.0	0.0	-4.40000009537	38.2999992371	445.0	605.0	0.0	8.0	10698.7998047	2834.69995117	0.0	610.5	0.0	0.0	0.0	0.0	-3016817.0	-3016817.0	-3016817.0	-3016817.0	
1.0	2826.99951172	405264.09375	-134.600006104	6955.0	0.0	-3.40000009537	40.2999992371	475.0	596.0	0.0	7.0	10506.7998047	2835.69995117	0.0	671.5	0.0	0.0	0.0	0.0	-2725250.0	-2725250.0	-2725250.0	-2725250.0	
1.0	2828.0012207	405308.09375	-133.600006104	6958.0	0.0	-10.3999996185	43.2999992371	385.0	578.0	0.0	10.0	10140.7998047	2833.69995117	0.0	592.5	0.0	0.0	0.0	0.0	-3100223.0	-3100223.0	-3100223.0	-3100223.0	
1.0	2829.0012207	405095.09375	-133.600006104	6950.0	0.0	-13.3999996185	43.2999992371	378.0	548.0	0.0	13.0	10388.7998047	2696.69995117	0.0	644.5	0.0	0.0	0.0	0.0	-2572609.0	-2572609.0	-2572609.0	-2572609.0	
1.0	2829.99975586	405226.09375	-132.600006104	6957.0	0.0	-16.3999996185	43.2999992371	335.0	496.0	0.0	6.0	10358.7998047	2669.69995117	0.0	674.5	0.0	0.0	0.0	0.0	-2943189.0	-2943189.0	-2943189.0	-2943189.0	
1.0	2830.99951172	405160.09375	-134.600006104	6953.0	0.0	-17.3999996185	43.2999992371	359.0	453.0	0.0	6.0	10125.7998047	2575.69995117	0.0	593.5	0.0	0.0	0.0	0.0	-2620392.0	-2620392.0	-2620392.0	-2620392.0	
1.0	2832.00024414	404831.09375	-135.600006104	6960.0	0.0	-18.3999996185	39.2999992371	333.0	424.0	0.0	4.0	10219.7998047	2656.69995117	0.0	623.5	0.0	0.0	0.0	0.0	-3062180.0	-3062180.0	-3062180.0	-3062180.0	
1.0	2832.99926758	404974.09375	-138.600006104	6957.0	0.0	-17.3999996185	40.2999992371	318.0	442.0	0.0	8.0	10257.7998047	2547.69995117	0.0	677.5	0.0	0.0	0.0	0.0	-3318255.0	-3318255.0	-3318255.0	-3318255.0	
1.0	2833.99951172	404568.09375	-136.600006104	6953.0	0.0	-20.3999996185	43.2999992371	337.0	465.0	0.0	7.0	10455.7998047	2644.69995117	0.0	632.5	0.0	0.0	0.0	0.0	-2854724.0	-2854724.0	-2854724.0	-2854724.0	
1.0	2835.00073242	404519.09375	-137.600006104	6952.0	0.0	-22.3999996185	41.2999992371	356.0	451.0	0.0	8.0	10453.7998047	2637.69995117	0.0	643.5	0.0	0.0	0.0	0.0	-2680712.0	-2680712.0	-2680712.0	-2680712.0	
1.0	2836.00073242	404573.09375	-135.600006104	6960.0	0.0	-18.3999996185	44.2999992371	403.0	524.0	0.0	6.0	10605.7998047	2617.69995117	0.0	664.5	0.0	0.0	0.0	0.0	-3207949.0	-3207949.0	-3207949.0	-3207949.0	
1.0	2836.40039062	404366.09375	-139.600006104	6946.0	0.0	-17.3999996185	39.2999992371	433.0	534.0	0.0	5.0	10393.7998047	2733.69995117	0.0	571.5	0.0	0.0	0.0	0.0	-3069590.0	-3069590.0	-3069590.0	-3069590.0	
1.0	2836.55053711	404406.09375	-134.600006104	6960.0	0.0	-17.3999996185	41.2999992371	417.0	532.0	0.0	9.0	10448.7998047	2755.69995117	0.0	662.5	0.0	0.0	0.0	0.0	-2730525.0	-2730525.0	-2730525.0	-2730525.0	
1.0	2836.70092773	404655.09375	-136.600006104	6950.0	0.0	-17.3999996185	43.2999992371	423.0	557.0	0.0	6.0	10433.7998047	2731.69995117	0.0	621.5	0.0	0.0	0.0	0.0	-3007700.0	-3007700.0	-3007700.0	-3007700.0	
1.0	2836.85107422	404276.09375	-136.600006104	6944.0	0.0	-19.3999996185	42.2999992371	424.0	574.0	0.0	5.0	10602.7998047	2750.69995117	0.0	646.5	0.0	0.0	0.0	0.0	-2829372.0	-2829372.0	-2829372.0	-2829372.0	
1.0	2836.9987793	404236.09375	-136.600006104	6944.0	0.0	-18.3999996185	41.2999992371	452.0	597.0	0.0	9.0	10552.7998047	2738.69995117	0.0	597.5	0.0	0.0	0.0	0.0	-3089304.0	-3089304.0	-3089304.0	-3089304.0	
1.0	2837.14916992	404261.09375	-134.600006104	6963.0	0.0	-18.3999996185	42.2999992371	422.0	622.0	0.0	8.0	10492.7998047	2874.69995117	0.0	604.5	0.0	0.0	0.0	0.0	-2566373.0	-2566373.0	-2566373.0	-2566373.0	
1.0	2837.29956055	404224.09375	-134.600006104	6959.0	0.0	-20.3999996185	41.2999992371	470.0	595.0	0.0	7.0	10292.7998047	2844.69995117	0.0	658.5	0.0	0.0	0.0	0.0	-3205591.0	-3205591.0	-3205591.0	-3205591.0	
1.0	2837.44995117	404149.09375	-133.600006104	6944.0	0.0	-19.3999996185	42.2999992371	465.0	669.0	0.0	8.0	10403.7998047	2844.69995117	0.0	651.5	0.0	0.0	0.0	0.0	-3624783.0	-3624783.0	-3624783.0	-3624783.0	
1.0	2837.6003418	404200.09375	-136.600006104	6957.0	0.0	-16.3999996185	40.2999992371	476.0	645.0	0.0	14.0	10459.7998047	2866.69995117	0.0	649.5	0.0	0.0	0.0	0.0	-3198202.0	-3198202.0	-3198202.0	-3198202.0	
1.0	2837.75073242	404092.09375	-139.600006104	6948.0	0.0	-17.3999996185	41.2999992371	486.0	633.0	0.0	10.0	10471.7998047	2792.69995117	0.0	650.5	0.0	0.0	0.0	0.0	-2940488.0	-2940488.0	-2940488.0	-2940488.0	
1.0	2837.90136719	404253.09375	-133.600006104	6952.0	0.0	-5.40000009537	40.2999992371	521.0	693.0	0.0	8.0	10354.7998047	2940.69995117	0.0	686.5	0.0	0.0	0.0	0.0	-3360130.0	-3360130.0	-3360130.0	-3360130.0	
1.0	2838.04907227	404105.09375	-131.600006104	6956.0	0.0	-3.40000009537	40.2999992371	504.0	710.0	0.0	7.0	10524.7998047	2913.69995117	0.0	619.5	0.0	0.0	0.0	0.0	-3207185.0	-3207185.0	-3207185.0	-3207185.0	
1.0	2838.19970703	404069.09375	-131.600006104	6954.0	0.0	-2.40000009537	40.2999992371	554.0	687.0	0.0	4.0	10541.7998047	2851.69995117	0.0	639.5	0.0	0.0	0.0	0.0	-3233294.0	-3233294.0	-3233294.0	-3233294.0	
1.0	2838.35009766	404109.09375	-131.600006104	6940.0	0.0	-1.39999997616	43.2999992371	565.0	744.0	0.0	5.0	10407.7998047	2946.69995117	0.0	609.5	0.0	0.0	0.0	0.0	-4025519.0	-4025519.0	-4025519.0	-4025519.0	
1.0	2838.50073242	404110.09375	-134.600006104	6956.0	0.0	-16.3999996185	43.2999992371	627.0	753.0	0.0	8.0	10849.7998047	3041.69995117	0.0	625.5	0.0	0.0	0.0	0.0	-3176242.0	-3176242.0	-3176242.0	-3176242.0	
1.0	2838.64868164	403699.09375	-135.600006104	6944.0	0.0	-16.3999996185	41.2999992371	614.0	839.0	0.0	7.0	10777.7998047	3087.69995117	0.0	621.5	0.0	0.0	0.0	0.0	-2845498.0	-2845498.0	-2845498.0	-2845498.0	
1.0	2838.79931641	403991.09375	-136.600006104	6955.0	0.0	-18.3999996185	43.2999992371	630.0	873.0	0.0	11.0	10596.7998047	3064.69995117	0.0	637.5	0.0	0.0	0.0	0.0	-2945527.0	-2945527.0	-2945527.0	-2945527.0	
1.0	2838.94995117	403868.09375	-134.600006104	6962.0	0.0	-19.3999996185	51.2999992371	665.0	943.0	0.0	12.0	10672.7998047	3167.69995117	0.0	676.5	0.0	0.0	0.0	0.0	-2897117.0	-2897117.0	-2897117.0	-2897117.0	
1.0	2839.10058594	404082.09375	-132.600006104	6953.0	0.0	-17.3999996185	49.2999992371	740.0	978.0	0.0	6.0	10962.7998047	3231.69995117	0.0	616.5	0.0	0.0	0.0	0.0	-3125706.0	-3125706.0	-3125706.0	-3125706.0	
1.0	2839.2487793	403777.09375	-133.600006104	6959.0	0.0	-17.3999996185	49.2999992371	776.0	1052.0	0.0	6.0	10770.7998047	3347.69995117	0.0	567.5	0.0	0.0	0.0	0.0	-2707183.0	-2707183.0	-2707183.0	-2707183.0	
1.0	2839.39941406	403899.09375	-135.600006104	6956.0	0.0	-17.3999996185	52.2999992371	823.0	1161.0	0.0	10.0	10830.7998047	3528.69995117	0.0	641.5	0.0	0.0	0.0	0.0	-2681467.0	-2681467.0	-2681467.0	-2681467.0	
1.0	2839.55004883	403811.09375	-134.600006104	6964.0	0.0	-14.3999996185	52.2999992371	946.0	1227.0	0.0	6.0	10888.7998047	3522.69995117	0.0	598.5	0.0	0.0	0.0	0.0	-2819152.0	-2819152.0	-2819152.0	-2819152.0	
1.0	2839.70092773	403759.09375	-131.600006104	6951.0	0.0	-8.39999961853	53.2999992371	991.0	1335.0	0.0	7.0	10822.7998047	3696.69995117	0.0	613.5	0.0	0.0	0.0	0.0	-2569572.0	-2569572.0	-2569572.0	-2569572.0	
1.0	2839.84912109	403738.09375	-132.600006104	6993.0	0.0	-6.40000009537	54.2999992371	1086.0	1450.0	0.0	5.0	11086.7998047	3806.69995117	0.0	621.5	0.0	0.0	0.0	0.0	-3119693.0	-3119693.0	-3119693.0	-3119693.0	
1.0	2840.0	403696.09375	-130.600006104	6945.0	0.0	-6.40000009537	51.2999992371	1148.0	1606.0	0.0	4.0	10880.7998047	3925.69995117	0.0	634.5	0.0	0.0	0.0	0.0	-3216029.0	-3216029.0	-3216029.0	-3216029.0	
1.0	2840.15063477	403720.09375	-133.600006104	6946.0	0.0	-5.40000009537	48.2999992371	1266.0	1708.0	0.0	5.0	10851.7998047	4248.70019531	0.0	667.5	0.0	0.0	0.0	0.0	-2886478.0	-2886478.0	-2886478.0	-2886478.0	
1.0	2840.29907227	403345.09375	-129.600006104	6962.0	0.0	-5.40000009537	49.2999992371	1339.0	1811.0	0.0	7.0	11073.7998047	4271.70019531	0.0	671.5	0.0	0.0	0.0	0.0	-3110041.0	-3110041.0	-3110041.0	-3110041.0	
1.0	2840.44970703	403544.09375	-128.600006104	6948.0	0.0	-5.40000009537	33.2999992371	1434.0	1910.0	0.0	8.0	11226.7998047	4456.70019531	0.0	666.5	0.0	0.0	0.0	0.0	-3274075.0	-3274075.0	-3274075.0	-3274075.0	
1.0	2840.60058594	403422.09375	-128.600006104	6949.0	0.0	-8.39999961853	32.2999992371	1689.0	2104.0	0.0	3.0	11422.7998047	4637.70019531	0.0	629.5	0.0	0.0	0.0	0.0	-3307543.0	-3307543.0	-3307543.0	-3307543.0	
1.0	2840.74902344	403456.09375	-129.600006104	6944.0	0.0	-9.39999961853	34.2999992371	1684.0	2180.0	0.0	7.0	11433.7998047	4717.70019531	0.0	625.5	0.0	0.0	0.0	0.0	-3137342.0	-3137342.0	-3137342.0	-3137342.0	
1.0	2840.89990234	403443.09375	-133.600006104	6947.0	0.0	-8.39999961853	31.2999992371	1783.0	2246.0	0.0	8.0	11744.7998047	4694.70019531	0.0	624.5	0.0	0.0	0.0	0.0	-2663370.0	-2663370.0	-2663370.0	-2663370.0	
1.0	2841.05102539	403289.09375	-131.600006104	6950.0	0.0	-9.39999961853	32.2999992371	1783.0	2300.0	0.0	8.0	11561.7998047	4907.70019531	0.0	651.5	0.0	0.0	0.0	0.0	-2833303.0	-2833303.0	-2833303.0	-2833303.0	
1.0	2841.19921875	403165.09375	-132.600006104	6949.0	0.0	-11.3999996185	35.2999992371	1857.0	2346.0	0.0	8.0	11925.7998047	4814.70019531	0.0	594.5	0.0	0.0	0.0	0.0	-2884714.0	-2884714.0	-2884714.0	-2884714.0	
1.0	2841.3503418	403097.09375	-132.600006104	6934.0	0.0	-10.3999996185	32.2999992371	1709.0	2206.0	0.0	2.0	11659.7998047	4682.70019531	0.0	655.5	0.0	0.0	0.0	0.0	-3161029.0	-3161029.0	-3161029.0	-3161029.0	
1.0	2841.4987793	404261.09375	-131.600006104	6951.0	0.0	-13.3999996185	28.2999992371	1612.0	2140.0	0.0	12.0	11521.7998047	4673.70019531	0.0	630.5	0.0	0.0	0.0	0.0	-2578483.0	-2578483.0	-2578483.0	-2578483.0	
1.0	2841.64990234	405387.09375	-130.600006104	6950.0	0.0	-8.39999961853	29.2999992371	1540.0	2056.0	0.0	6.0	11482.7998047	4538.70019531	0.0	663.5	0.0	0.0	0.0	0.0	-2553135.0	-2553135.0	-2553135.0	-2553135.0	
1.0	2841.80078125	406872.09375	-135.600006104	6949.0	0.0	-9.39999961853	27.2999992371	1461.0	1929.0	0.0	8.0	11575.7998047	4395.70019531	0.0	664.5	0.0	0.0	0.0	0.0	-2773533.0	-2773533.0	-2773533.0	-2773533.0	
1.0	2841.94946289	408170.09375	-133.600006104	6959.0	0.0	-13.3999996185	46.2999992371	1350.0	1726.0	0.0	8.0	11040.7998047	4179.70019531	0.0	639.5	0.0	0.0	0.0	0.0	-3195455.0	-3195455.0	-3195455.0	-3195455.0	
1.0	2842.10058594	408295.09375	-133.600006104	6956.0	0.0	-7.40000009537	43.2999992371	1232.0	1702.0	0.0	12.0	11301.7998047	4116.70019531	0.0	600.5	0.0	0.0	0.0	0.0	-2607534.0	-2607534.0	-2607534.0	-2607534.0	
1.0	2842.24902344	407984.09375	-134.600006104	6956.0	0.0	0.600000023842	33.2999992371	1130.0	1545.0	0.0	10.0	10970.7998047	3855.69995117	0.0	670.5	0.0	0.0	0.0	0.0	-2891530.0	-2891530.0	-2891530.0	-2891530.0	
1.0	2842.40014648	408164.09375	-129.600006104	6965.0	0.0	-1.39999997616	40.2999992371	1105.0	1440.0	0.0	12.0	11109.7998047	3871.69995117	0.0	643.5	0.0	0.0	0.0	0.0	-3136872.0	-3136872.0	-3136872.0	-3136872.0	
1.0	2842.54882812	408067.09375	-130.600006104	6971.0	0.0	-3.40000009537	42.2999992371	1051.0	1303.0	0.0	5.0	11146.7998047	3676.69995117	0.0	635.5	0.0	0.0	0.0	0.0	-2693426.0	-2693426.0	-2693426.0	-2693426.0	
1.0	2842.69995117	408099.09375	-131.600006104	6945.0	0.0	-10.3999996185	48.2999992371	892.0	1285.0	0.0	10.0	10999.7998047	3608.69995117	0.0	610.5	0.0	0.0	0.0	0.0	-2784029.0	-2784029.0	-2784029.0	-2784029.0	
1.0	2842.84863281	408029.09375	-129.600006104	6960.0	0.0	-11.3999996185	54.2999992371	895.0	1194.0	0.0	17.0	10976.7998047	3554.69995117	0.0	614.5	0.0	0.0	0.0	0.0	-3029352.0	-3029352.0	-3029352.0	-3029352.0	
1.0	2843.0	408186.09375	-128.600006104	6961.0	0.0	-8.39999961853	52.2999992371	897.0	1149.0	0.0	11.0	10874.7998047	3458.69995117	0.0	655.5	0.0	0.0	0.0	0.0	-2649746.0	-2649746.0	-2649746.0	-2649746.0	
1.0	2843.15136719	407877.09375	-128.600006104	6950.0	0.0	-7.40000009537	50.2999992371	796.0	1140.0	0.0	8.0	10495.7998047	3503.69995117	0.0	622.5	0.0	0.0	0.0	0.0	-3028966.0	-3028966.0	-3028966.0	-3028966.0	
1.0	2843.30004883	407794.09375	-130.600006104	6954.0	0.0	-5.40000009537	48.2999992371	812.0	1091.0	0.0	11.0	11104.7998047	3529.69995117	0.0	665.5	0.0	0.0	0.0	0.0	-2489368.0	-2489368.0	-2489368.0	-2489368.0	
1.0	2843.44873047	407899.09375	-133.600006104	6960.0	0.0	1.60000002384	50.2999992371	805.0	1028.0	0.0	8.0	11067.7998047	3326.69995117	0.0	656.5	0.0	0.0	0.0	0.0	-2879481.0	-2879481.0	-2879481.0	-2879481.0	
1.0	2843.60009766	407767.09375	-129.600006104	6959.0	0.0	12.6000003815	48.2999992371	763.0	969.0	0.0	9.0	10790.7998047	3279.69995117	0.0	632.5	0.0	0.0	0.0	0.0	-3155551.0	-3155551.0	-3155551.0	-3155551.0	
1.0	2843.74902344	407529.09375	-129.600006104	6954.0	0.0	12.6000003815	46.2999992371	867.0	1042.0	0.0	7.0	11156.7998047	3381.69995117	0.0	658.5	0.0	0.0	0.0	0.0	-2624846.0	-2624846.0	-2624846.0	-2624846.0	
1.0	2843.90039062	407563.09375	-126.599998474	6961.0	0.0	12.6000003815	48.2999992371	739.0	1008.0	0.0	12.0	10699.7998047	3248.69995117	0.0	618.5	0.0	0.0	0.0	0.0	-3061889.0	-3061889.0	-3061889.0	-3061889.0	
1.0	2844.04907227	407605.09375	-133.600006104	6968.0	0.0	8.60000038147	43.2999992371	709.0	984.0	0.0	3.0	10755.7998047	3294.69995117	0.0	606.5	0.0	0.0	0.0	0.0	-3029683.0	-3029683.0	-3029683.0	-3029683.0	
1.0	2844.20068359	407635.09375	-132.600006104	6950.0	0.0	8.60000038147	47.2999992371	724.0	926.0	0.0	7.0	10590.7998047	3187.69995117	0.0	617.5	0.0	0.0	0.0	0.0	-3240276.0	-3240276.0	-3240276.0	-3240276.0	
1.0	2844.34936523	407670.09375	-132.600006104	6943.0	0.0	10.6000003815	39.2999992371	728.0	986.0	0.0	7.0	10975.7998047	3327.69995117	0.0	681.5	0.0	0.0	0.0	0.0	-2667656.0	-2667656.0	-2667656.0	-2667656.0	
1.0	2844.50097656	407362.09375	-136.600006104	6967.0	0.0	9.60000038147	34.2999992371	759.0	961.0	0.0	5.0	10901.7998047	3257.69995117	0.0	667.5	0.0	0.0	0.0	0.0	-2555169.0	-2555169.0	-2555169.0	-2555169.0	
1.0	2844.64990234	407469.09375	-135.600006104	6958.0	0.0	17.6000003815	45.2999992371	683.0	954.0	0.0	9.0	10860.7998047	3285.69995117	0.0	641.5	0.0	0.0	0.0	0.0	-2791537.0	-2791537.0	-2791537.0	-2791537.0	
1.0	2844.79882812	407283.09375	-137.600006104	6950.0	0.0	20.6000003815	51.2999992371	711.0	940.0	0.0	4.0	10700.7998047	3288.69995117	0.0	597.5	0.0	0.0	0.0	0.0	-3149095.0	-3149095.0	-3149095.0	-3149095.0	
1.0	2844.95043945	407222.09375	-134.600006104	6953.0	0.0	23.6000003815	55.2999992371	677.0	912.0	0.0	9.0	10664.7998047	3196.69995117	0.0	665.5	0.0	0.0	0.0	0.0	-2673799.0	-2673799.0	-2673799.0	-2673799.0	
1.0	2845.09936523	407293.09375	-130.600006104	6952.0	0.0	25.6000003815	51.2999992371	718.0	874.0	0.0	6.0	10891.7998047	3159.69995117	0.0	630.5	0.0	0.0	0.0	0.0	-2861906.0	-2861906.0	-2861906.0	-2861906.0	
1.0	2845.25097656	407221.09375	-130.600006104	6961.0	0.0	17.6000003815	53.2999992371	666.0	886.0	0.0	8.0	10656.7998047	3168.69995117	0.0	629.5	0.0	0.0	0.0	0.0	-3040773.0	-3040773.0	-3040773.0	-3040773.0	
1.0	2845.40014648	407301.09375	-131.600006104	6947.0	0.0	14.6000003815	50.2999992371	645.0	835.0	0.0	4.0	10770.7998047	3128.69995117	0.0	659.5	0.0	0.0	0.0	0.0	-3202900.0	-3202900.0	-3202900.0	-3202900.0	
1.0	2845.54907227	406932.09375	-132.600006104	6955.0	0.0	14.6000003815	53.2999992371	631.0	869.0	0.0	8.0	10966.7998047	3254.69995117	0.0	683.5	0.0	0.0	0.0	0.0	-2607868.0	-2607868.0	-2607868.0	-2607868.0	
1.0	2845.70092773	406997.09375	-133.600006104	6958.0	0.0	14.6000003815	54.2999992371	597.0	805.0	0.0	9.0	10715.7998047	3129.69995117	0.0	603.5	0.0	0.0	0.0	0.0	-3238652.0	-3238652.0	-3238652.0	-3238652.0	
1.0	2845.85009766	406948.09375	-131.600006104	6953.0	0.0	11.6000003815	53.2999992371	592.0	768.0	0.0	11.0	10610.7998047	3098.69995117	0.0	606.5	0.0	0.0	0.0	0.0	-2811316.0	-2811316.0	-2811316.0	-2811316.0	
1.0	2845.99902344	407070.09375	-129.600006104	6960.0	0.0	15.6000003815	54.2999992371	636.0	754.0	0.0	4.0	10901.7998047	3065.69995117	0.0	677.5	0.0	0.0	0.0	0.0	-2497259.0	-2497259.0	-2497259.0	-2497259.0	
1.0	2846.15087891	406983.09375	-133.600006104	6944.0	0.0	11.6000003815	49.2999992371	526.0	782.0	0.0	3.0	10828.7998047	3090.69995117	0.0	699.5	0.0	0.0	0.0	0.0	-3046973.0	-3046973.0	-3046973.0	-3046973.0	
1.0	2846.30004883	406942.09375	-150.600006104	6955.0	0.0	-3.40000009537	49.2999992371	564.0	809.0	0.0	10.0	10913.7998047	3052.69995117	0.0	655.5	0.0	0.0	0.0	0.0	-2604039.0	-2604039.0	-2604039.0	-2604039.0	
1.0	2846.44921875	406806.09375	-127.599998474	6949.0	0.0	-4.40000009537	48.2999992371	571.0	754.0	0.0	12.0	10819.7998047	3001.69995117	0.0	687.5	0.0	0.0	0.0	0.0	-3008732.0	-3008732.0	-3008732.0	-3008732.0	
1.0	2846.60107422	406600.09375	-131.600006104	6953.0	0.0	-6.40000009537	42.2999992371	613.0	769.0	0.0	8.0	10851.7998047	3221.69995117	0.0	642.5	0.0	0.0	0.0	0.0	-2943092.0	-2943092.0	-2943092.0	-2943092.0	
1.0	2846.75024414	406557.09375	-129.600006104	6952.0	0.0	-8.39999961853	43.2999992371	588.0	784.0	0.0	6.0	10870.7998047	3069.69995117	0.0	629.5	0.0	0.0	0.0	0.0	-2588948.0	-2588948.0	-2588948.0	-2588948.0	
1.0	2846.8996582	406694.09375	-132.600006104	6956.0	0.0	-6.40000009537	45.2999992371	568.0	809.0	0.0	5.0	10793.7998047	3095.69995117	0.0	655.5	0.0	0.0	0.0	0.0	-3105974.0	-3105974.0	-3105974.0	-3105974.0	
1.0	2847.04907227	406536.09375	-134.600006104	6958.0	0.0	-5.40000009537	41.2999992371	535.0	751.0	0.0	7.0	10767.7998047	3006.69995117	0.0	663.5	0.0	0.0	0.0	0.0	-3060745.0	-3060745.0	-3060745.0	-3060745.0	
1.0	2847.20092773	406443.09375	-131.600006104	6943.0	0.0	-6.40000009537	43.2999992371	504.0	722.0	0.0	6.0	10458.7998047	2986.69995117	0.0	621.5	0.0	0.0	0.0	0.0	-3319989.0	-3319989.0	-3319989.0	-3319989.0	
1.0	2847.3503418	406436.09375	-131.600006104	6943.0	0.0	-8.39999961853	42.2999992371	561.0	761.0	0.0	7.0	10800.7998047	2997.69995117	0.0	635.5	0.0	0.0	0.0	0.0	-2675271.0	-2675271.0	-2675271.0	-2675271.0	
1.0	2847.49951172	406466.09375	-129.600006104	6968.0	0.0	-8.39999961853	42.2999992371	627.0	775.0	0.0	6.0	10884.7998047	3070.69995117	0.0	617.5	0.0	0.0	0.0	0.0	-2886151.0	-2886151.0	-2886151.0	-2886151.0	
1.0	2847.64892578	406354.09375	-128.600006104	6958.0	0.0	-8.39999961853	39.2999992371	557.0	728.0	0.0	7.0	10586.7998047	2986.69995117	0.0	664.5	0.0	0.0	0.0	0.0	-3146651.0	-3146651.0	-3146651.0	-3146651.0	
1.0	2847.80102539	406130.09375	-131.600006104	6966.0	0.0	-9.39999961853	41.2999992371	546.0	765.0	0.0	1.0	10719.7998047	3081.69995117	0.0	672.5	0.0	0.0	0.0	0.0	-2855445.0	-2855445.0	-2855445.0	-2855445.0	
1.0	2847.95043945	406205.09375	-130.600006104	6965.0	0.0	-11.3999996185	42.2999992371	538.0	770.0	0.0	1.0	10594.7998047	2946.69995117	0.0	630.5	0.0	0.0	0.0	0.0	-3146542.0	-3146542.0	-3146542.0	-3146542.0	
1.0	2848.09985352	405986.09375	-132.600006104	6965.0	0.0	-11.3999996185	42.2999992371	564.0	780.0	0.0	6.0	10829.7998047	3049.69995117	0.0	662.5	0.0	0.0	0.0	0.0	-2865414.0	-2865414.0	-2865414.0	-2865414.0	
1.0	2848.24951172	406124.09375	-147.600006104	6977.0	0.0	-0.40000000596	40.2999992371	595.0	715.0	0.0	9.0	10652.7998047	3025.69995117	0.0	717.5	0.0	0.0	0.0	0.0	-2876033.0	-2876033.0	-2876033.0	-2876033.0	
1.0	2848.39892578	406050.09375	-136.600006104	6969.0	0.0	4.59999990463	38.2999992371	508.0	824.0	0.0	8.0	10531.7998047	3144.69995117	0.0	669.5	0.0	0.0	0.0	0.0	-3104503.0	-3104503.0	-3104503.0	-3104503.0	
1.0	2848.55102539	405630.09375	-132.600006104	6976.0	0.0	2.59999990463	37.2999992371	511.0	784.0	0.0	9.0	10606.7998047	3126.69995117	0.0	646.5	0.0	0.0	0.0	0.0	-2629605.0	-2629605.0	-2629605.0	-2629605.0	
1.0	2848.70068359	406039.09375	-129.600006104	6966.0	0.0	-1.39999997616	50.2999992371	577.0	735.0	0.0	6.0	10655.7998047	3055.69995117	0.0	666.5	0.0	0.0	0.0	0.0	-3058942.0	-3058942.0	-3058942.0	-3058942.0	
1.0	2848.85009766	405639.09375	-129.600006104	6975.0	0.0	-3.40000009537	51.2999992371	573.0	784.0	0.0	7.0	10586.7998047	3104.69995117	0.0	627.5	0.0	0.0	0.0	0.0	-2648587.0	-2648587.0	-2648587.0	-2648587.0	
1.0	2848.99975586	405733.09375	-132.600006104	6977.0	0.0	-6.40000009537	52.2999992371	547.0	765.0	0.0	10.0	10507.7998047	3083.69995117	0.0	587.5	0.0	0.0	0.0	0.0	-3117931.0	-3117931.0	-3117931.0	-3117931.0	
1.0	2849.14941406	405731.09375	-134.600006104	6966.0	0.0	-6.40000009537	49.2999992371	593.0	746.0	0.0	8.0	10835.7998047	3006.69995117	0.0	603.5	0.0	0.0	0.0	0.0	-2875757.0	-2875757.0	-2875757.0	-2875757.0	
1.0	2849.29907227	405740.09375	-132.600006104	6965.0	0.0	-8.39999961853	52.2999992371	611.0	806.0	0.0	4.0	10633.7998047	3111.69995117	0.0	640.5	0.0	0.0	0.0	0.0	-2697882.0	-2697882.0	-2697882.0	-2697882.0	
1.0	2849.44873047	405792.09375	-135.600006104	6976.0	0.0	-9.39999961853	55.2999992371	575.0	845.0	0.0	9.0	10400.7998047	3092.69995117	0.0	619.5	0.0	0.0	0.0	0.0	-3182934.0	-3182934.0	-3182934.0	-3182934.0	
1.0	2849.60107422	405499.09375	-134.600006104	6965.0	0.0	-11.3999996185	56.2999992371	565.0	783.0	0.0	12.0	10498.7998047	3119.69995117	0.0	648.5	0.0	0.0	0.0	0.0	-2675337.0	-2675337.0	-2675337.0	-2675337.0	
1.0	2849.75073242	405489.09375	-133.600006104	6961.0	0.0	-9.39999961853	37.2999992371	574.0	831.0	0.0	6.0	10698.7998047	3152.69995117	0.0	639.5	0.0	0.0	0.0	0.0	-3194111.0	-3194111.0	-3194111.0	-3194111.0	
1.0	2849.90063477	405520.09375	-136.600006104	6971.0	0.0	-8.39999961853	32.2999992371	614.0	842.0	0.0	5.0	10812.7998047	3124.69995117	0.0	623.5	0.0	0.0	0.0	0.0	-2613789.0	-2613789.0	-2613789.0	-2613789.0	
1.0	2850.05029297	405436.09375	-136.600006104	6963.0	0.0	-10.3999996185	39.2999992371	564.0	786.0	0.0	8.0	10657.7998047	3048.69995117	0.0	686.5	0.0	0.0	0.0	0.0	-2692248.0	-2692248.0	-2692248.0	-2692248.0	
1.0	2850.20019531	405777.09375	-137.600006104	6969.0	0.0	-14.3999996185	51.2999992371	605.0	796.0	0.0	9.0	10948.7998047	3036.69995117	0.0	651.5	0.0	0.0	0.0	0.0	-2823810.0	-2823810.0	-2823810.0	-2823810.0	
1.0	2850.34985352	405396.09375	-138.600006104	6961.0	0.0	-8.39999961853	55.2999992371	584.0	811.0	0.0	6.0	10787.7998047	3154.69995117	0.0	657.5	0.0	0.0	0.0	0.0	-3116286.0	-3116286.0	-3116286.0	-3116286.0	
1.0	2850.49975586	405332.09375	-135.600006104	6978.0	0.0	-22.3999996185	53.2999992371	633.0	818.0	0.0	5.0	11063.7998047	3167.69995117	0.0	602.5	0.0	0.0	0.0	0.0	-2947761.0	-2947761.0	-2947761.0	-2947761.0	
1.0	2850.6496582	405236.09375	-134.600006104	6968.0	0.0	-20.3999996185	54.2999992371	605.0	855.0	0.0	13.0	10756.7998047	3085.69995117	0.0	678.5	0.0	0.0	0.0	0.0	-2560514.0	-2560514.0	-2560514.0	-2560514.0	
1.0	2850.79956055	405265.09375	-135.600006104	6960.0	0.0	-9.39999961853	54.2999992371	619.0	823.0	0.0	6.0	10811.7998047	3026.69995117	0.0	643.5	0.0	0.0	0.0	0.0	-3223911.0	-3223911.0	-3223911.0	-3223911.0	
1.0	2850.94946289	405183.09375	-134.600006104	6963.0	0.0	-11.3999996185	53.2999992371	611.0	786.0	0.0	3.0	10917.7998047	3080.69995117	0.0	614.5	0.0	0.0	0.0	0.0	-3303619.0	-3303619.0	-3303619.0	-3303619.0	
1.0	2851.09936523	405351.09375	-130.600006104	6969.0	0.0	-12.3999996185	50.2999992371	637.0	769.0	0.0	8.0	10894.7998047	3033.69995117	0.0	651.5	0.0	0.0	0.0	0.0	-2586840.0	-2586840.0	-2586840.0	-2586840.0	
1.0	2851.24926758	405103.09375	-130.600006104	6973.0	0.0	-11.3999996185	48.2999992371	589.0	844.0	0.0	8.0	10735.7998047	3108.69995117	0.0	713.5	0.0	0.0	0.0	0.0	-2944203.0	-2944203.0	-2944203.0	-2944203.0	
1.0	2851.39941406	405023.09375	-130.600006104	6980.0	0.0	-11.3999996185	50.2999992371	641.0	788.0	0.0	7.0	11011.7998047	3072.69995117	0.0	660.5	0.0	0.0	0.0	0.0	-2589693.0	-2589693.0	-2589693.0	-2589693.0	
1.0	2851.54931641	404835.09375	-135.600006104	6975.0	0.0	-10.3999996185	53.2999992371	607.0	807.0	0.0	8.0	10891.7998047	3101.69995117	0.0	653.5	0.0	0.0	0.0	0.0	-3043952.0	-3043952.0	-3043952.0	-3043952.0	
1.0	2851.69946289	405048.09375	-130.600006104	6963.0	0.0	-11.3999996185	52.2999992371	567.0	840.0	0.0	4.0	10805.7998047	3149.69995117	0.0	644.5	0.0	0.0	0.0	0.0	-2657090.0	-2657090.0	-2657090.0	-2657090.0	
1.0	2851.84936523	404721.09375	-130.600006104	6972.0	0.0	-9.39999961853	52.2999992371	614.0	762.0	0.0	5.0	10768.7998047	3048.69995117	0.0	692.5	0.0	0.0	0.0	0.0	-2839993.0	-2839993.0	-2839993.0	-2839993.0	
1.0	2851.99951172	404662.09375	-144.600006104	6969.0	0.0	-9.39999961853	54.2999992371	552.0	766.0	0.0	10.0	10949.7998047	3134.69995117	0.0	678.5	0.0	0.0	0.0	0.0	-3310615.0	-3310615.0	-3310615.0	-3310615.0	
1.0	2852.1496582	404928.09375	-147.600006104	6966.0	0.0	-10.3999996185	53.2999992371	566.0	799.0	0.0	3.0	10925.7998047	3131.69995117	0.0	668.5	0.0	0.0	0.0	0.0	-2914248.0	-2914248.0	-2914248.0	-2914248.0	
1.0	2852.29956055	404597.09375	-128.600006104	6965.0	0.0	-8.39999961853	42.2999992371	530.0	790.0	0.0	8.0	10529.7998047	3057.69995117	0.0	680.5	0.0	0.0	0.0	0.0	-3190989.0	-3190989.0	-3190989.0	-3190989.0	
1.0	2852.44970703	405063.09375	-132.600006104	6960.0	0.0	-10.3999996185	51.2999992371	556.0	774.0	0.0	14.0	10638.7998047	3015.69995117	0.0	655.5	0.0	0.0	0.0	0.0	-2804439.0	-2804439.0	-2804439.0	-2804439.0	
1.0	2852.60009766	404854.09375	-129.600006104	6962.0	0.0	-10.3999996185	51.2999992371	557.0	775.0	0.0	7.0	10779.7998047	2992.69995117	0.0	663.5	0.0	0.0	0.0	0.0	-3177061.0	-3177061.0	-3177061.0	-3177061.0	
1.0	2852.75024414	404657.09375	-127.599998474	6963.0	0.0	-6.40000009537	51.2999992371	554.0	764.0	0.0	9.0	10642.7998047	3053.69995117	0.0	651.5	0.0	0.0	0.0	0.0	-2804883.0	-2804883.0	-2804883.0	-2804883.0	
1.0	2852.90039062	404743.09375	-125.599998474	6957.0	0.0	-6.40000009537	50.2999992371	532.0	762.0	0.0	7.0	10815.7998047	3083.69995117	0.0	655.5	0.0	0.0	0.0	0.0	-3112933.0	-3112933.0	-3112933.0	-3112933.0	
1.0	2853.05053711	404765.09375	-127.599998474	6962.0	0.0	-7.40000009537	52.2999992371	554.0	781.0	0.0	10.0	10728.7998047	3135.69995117	0.0	686.5	0.0	0.0	0.0	0.0	-2886443.0	-2886443.0	-2886443.0	-2886443.0	
1.0	2853.20092773	404707.09375	-128.600006104	6959.0	0.0	-6.40000009537	55.2999992371	528.0	746.0	0.0	7.0	10943.7998047	3057.69995117	0.0	650.5	0.0	0.0	0.0	0.0	-2636523.0	-2636523.0	-2636523.0	-2636523.0	
1.0	2853.35107422	404595.09375	-127.599998474	6960.0	0.0	-4.40000009537	57.2999992371	561.0	734.0	0.0	5.0	10697.7998047	3027.69995117	0.0	651.5	0.0	0.0	0.0	0.0	-2800552.0	-2800552.0	-2800552.0	-2800552.0	
1.0	2853.4987793	404513.09375	-128.600006104	6958.0	0.0	-6.40000009537	55.2999992371	557.0	744.0	0.0	13.0	10539.7998047	3020.69995117	0.0	692.5	0.0	0.0	0.0	0.0	-3141218.0	-3141218.0	-3141218.0	-3141218.0	
1.0	2853.64916992	404358.09375	-129.600006104	6945.0	0.0	-2.40000009537	58.2999992371	563.0	784.0	0.0	18.0	10745.7998047	3075.69995117	0.0	700.5	0.0	0.0	0.0	0.0	-3296168.0	-3296168.0	-3296168.0	-3296168.0	
1.0	2853.79956055	404486.09375	-130.600006104	6967.0	0.0	-5.40000009537	57.2999992371	535.0	739.0	0.0	7.0	11282.7998047	3014.69995117	0.0	703.5	0.0	0.0	0.0	0.0	-2724244.0	-2724244.0	-2724244.0	-2724244.0	
1.0	2853.94995117	404376.09375	-128.600006104	6966.0	0.0	-4.40000009537	57.2999992371	536.0	776.0	0.0	4.0	10703.7998047	3072.69995117	0.0	629.5	0.0	0.0	0.0	0.0	-2562217.0	-2562217.0	-2562217.0	-2562217.0	
1.0	2854.1003418	404269.09375	-130.600006104	6961.0	0.0	-5.40000009537	59.2999992371	538.0	733.0	0.0	11.0	10791.7998047	3123.69995117	0.0	661.5	0.0	0.0	0.0	0.0	-2489020.0	-2489020.0	-2489020.0	-2489020.0	
1.0	2854.25073242	404186.09375	-128.600006104	6962.0	0.0	-3.40000009537	55.2999992371	543.0	716.0	0.0	8.0	10983.7998047	3018.69995117	0.0	667.5	0.0	0.0	0.0	0.0	-2557210.0	-2557210.0	-2557210.0	-2557210.0	
1.0	2854.40112305	404164.09375	-129.600006104	6959.0	0.0	-4.40000009537	56.2999992371	538.0	720.0	0.0	4.0	10945.7998047	3018.69995117	0.0	655.5	0.0	0.0	0.0	0.0	-2841490.0	-2841490.0	-2841490.0	-2841490.0	
1.0	2854.54907227	404339.09375	-130.600006104	6954.0	0.0	-2.40000009537	42.2999992371	546.0	693.0	0.0	5.0	10882.7998047	3066.69995117	0.0	667.5	0.0	0.0	0.0	0.0	-2541551.0	-2541551.0	-2541551.0	-2541551.0	
1.0	2854.69946289	404253.09375	-129.600006104	6945.0	0.0	-4.40000009537	38.2999992371	562.0	727.0	0.0	3.0	10625.7998047	3024.69995117	0.0	632.5	0.0	0.0	0.0	0.0	-2930567.0	-2930567.0	-2930567.0	-2930567.0	
1.0	2854.85009766	404312.09375	-131.600006104	6958.0	0.0	-5.40000009537	38.2999992371	522.0	711.0	0.0	6.0	10683.7998047	3049.69995117	0.0	652.5	0.0	0.0	0.0	0.0	-3149503.0	-3149503.0	-3149503.0	-3149503.0	
1.0	2855.00048828	403796.09375	-128.600006104	6952.0	0.0	-6.40000009537	37.2999992371	563.0	696.0	0.0	6.0	10654.7998047	2921.69995117	0.0	684.5	0.0	0.0	0.0	0.0	-3280436.0	-3280436.0	-3280436.0	-3280436.0	
1.0	2855.49902344	404120.09375	-129.600006104	6962.0	0.0	-5.40000009537	38.2999992371	564.0	704.0	0.0	7.0	10841.7998047	3005.69995117	0.0	638.5	0.0	0.0	0.0	0.0	-2688863.0	-2688863.0	-2688863.0	-2688863.0	
1.0	2856.00048828	403867.09375	-134.600006104	6960.0	0.0	-7.40000009537	39.2999992371	523.0	709.0	0.0	9.0	10948.7998047	2991.69995117	0.0	625.5	0.0	0.0	0.0	0.0	-3352456.0	-3352456.0	-3352456.0	-3352456.0	
1.0	2856.49926758	403759.09375	-128.600006104	6960.0	0.0	-2.40000009537	38.2999992371	562.0	710.0	0.0	3.0	10945.7998047	2932.69995117	0.0	625.5	0.0	0.0	0.0	0.0	-3037581.0	-3037581.0	-3037581.0	-3037581.0	
1.0	2857.0012207	403736.09375	-134.600006104	6963.0	0.0	-5.40000009537	39.2999992371	565.0	743.0	0.0	8.0	10966.7998047	3037.69995117	0.0	651.5	0.0	0.0	0.0	0.0	-2541719.0	-2541719.0	-2541719.0	-2541719.0	
1.0	2857.50073242	403716.09375	-134.600006104	6964.0	0.0	-2.40000009537	36.2999992371	570.0	803.0	0.0	9.0	10712.7998047	3179.69995117	0.0	651.5	0.0	0.0	0.0	0.0	-2625981.0	-2625981.0	-2625981.0	-2625981.0	
1.0	2858.00048828	403698.09375	-134.600006104	6958.0	0.0	-1.39999997616	38.2999992371	481.0	710.0	0.0	11.0	10652.7998047	3054.69995117	0.0	652.5	0.0	0.0	0.0	0.0	-3256825.0	-3256825.0	-3256825.0	-3256825.0	
1.0	2858.50048828	403824.09375	-129.600006104	6966.0	0.0	-4.40000009537	50.2999992371	514.0	697.0	0.0	6.0	10688.7998047	2914.69995117	0.0	663.5	0.0	0.0	0.0	0.0	-3204807.0	-3204807.0	-3204807.0	-3204807.0	
1.0	2859.00073242	403662.09375	-129.600006104	6957.0	0.0	-0.40000000596	56.2999992371	560.0	748.0	0.0	8.0	10712.7998047	3011.69995117	0.0	668.5	0.0	0.0	0.0	0.0	-3684943.0	-3684943.0	-3684943.0	-3684943.0	
1.0	2859.4987793	403635.09375	-132.600006104	6951.0	0.0	-12.3999996185	46.2999992371	551.0	761.0	0.0	5.0	10844.7998047	3102.69995117	0.0	614.5	0.0	0.0	0.0	0.0	-2517832.0	-2517832.0	-2517832.0	-2517832.0	
1.0	2859.99951172	403453.09375	-133.600006104	6969.0	0.0	-13.3999996185	46.2999992371	523.0	690.0	0.0	16.0	10799.7998047	3021.69995117	0.0	629.5	0.0	0.0	0.0	0.0	-3210774.0	-3210774.0	-3210774.0	-3210774.0	
1.0	2860.50048828	403486.09375	-134.600006104	6950.0	0.0	-14.3999996185	46.2999992371	567.0	730.0	0.0	9.0	10859.7998047	3103.69995117	0.0	635.5	0.0	0.0	0.0	0.0	-2631912.0	-2631912.0	-2631912.0	-2631912.0	
1.0	2860.99926758	403247.09375	-132.600006104	6973.0	0.0	-8.39999961853	48.2999992371	555.0	784.0	0.0	2.0	10543.7998047	3077.69995117	0.0	593.5	0.0	0.0	0.0	0.0	-2977161.0	-2977161.0	-2977161.0	-2977161.0	
1.0	2861.50073242	402969.09375	-133.600006104	6960.0	0.0	-7.40000009537	61.2999992371	589.0	756.0	0.0	2.0	11003.7998047	3049.69995117	0.0	633.5	0.0	0.0	0.0	0.0	-2820100.0	-2820100.0	-2820100.0	-2820100.0	
1.0	2862.0	403130.09375	-130.600006104	6972.0	0.0	7.59999990463	54.2999992371	525.0	703.0	0.0	6.0	11001.7998047	3094.69995117	0.0	639.5	0.0	0.0	0.0	0.0	-2741350.0	-2741350.0	-2741350.0	-2741350.0	
1.0	2862.49926758	403070.09375	-137.600006104	6964.0	0.0	11.6000003815	55.2999992371	520.0	697.0	0.0	4.0	10801.7998047	2939.69995117	0.0	668.5	0.0	0.0	0.0	0.0	-3238090.0	-3238090.0	-3238090.0	-3238090.0	
1.0	2862.99902344	403142.09375	-134.600006104	6955.0	0.0	10.6000003815	56.2999992371	527.0	783.0	0.0	7.0	10729.7998047	3030.69995117	0.0	680.5	0.0	0.0	0.0	0.0	-2742268.0	-2742268.0	-2742268.0	-2742268.0	
1.0	2863.49902344	403103.09375	-134.600006104	6960.0	0.0	10.6000003815	53.2999992371	544.0	703.0	0.0	8.0	10621.7998047	3015.69995117	0.0	618.5	0.0	0.0	0.0	0.0	-3174791.0	-3174791.0	-3174791.0	-3174791.0	
1.0	2863.99926758	402776.09375	-134.600006104	6949.0	0.0	10.6000003815	55.2999992371	595.0	732.0	0.0	7.0	11060.7998047	2995.69995117	0.0	632.5	0.0	0.0	0.0	0.0	-2936538.0	-2936538.0	-2936538.0	-2936538.0	
1.0	2864.49975586	402676.09375	-153.600006104	6962.0	0.0	10.6000003815	41.2999992371	532.0	776.0	0.0	8.0	10756.7998047	3053.69995117	0.0	658.5	0.0	0.0	0.0	0.0	-2763080.0	-2763080.0	-2763080.0	-2763080.0	
1.0	2865.00048828	402632.09375	-133.600006104	6963.0	0.0	10.6000003815	58.2999992371	576.0	730.0	0.0	8.0	10655.7998047	3023.69995117	0.0	662.5	0.0	0.0	0.0	0.0	-3082614.0	-3082614.0	-3082614.0	-3082614.0	
1.0	2865.4987793	402397.09375	-130.600006104	6962.0	0.0	13.6000003815	58.2999992371	554.0	744.0	0.0	2.0	11081.7998047	3086.69995117	0.0	634.5	0.0	0.0	0.0	0.0	-2843330.0	-2843330.0	-2843330.0	-2843330.0	
1.0	2866.0	402434.09375	-134.600006104	6958.0	0.0	12.6000003815	57.2999992371	587.0	764.0	0.0	10.0	10895.7998047	3096.69995117	0.0	648.5	0.0	0.0	0.0	0.0	-3252741.0	-3252741.0	-3252741.0	-3252741.0	
1.0	2866.4987793	402293.09375	-136.600006104	6952.0	0.0	12.6000003815	59.2999992371	575.0	731.0	0.0	10.0	10956.7998047	3140.69995117	0.0	663.5	0.0	0.0	0.0	0.0	-2899698.0	-2899698.0	-2899698.0	-2899698.0	
1.0	2867.00048828	402259.09375	-134.600006104	6964.0	0.0	12.6000003815	58.2999992371	548.0	728.0	0.0	9.0	10755.7998047	3013.69995117	0.0	655.5	0.0	0.0	0.0	0.0	-2887239.0	-2887239.0	-2887239.0	-2887239.0	
1.0	2867.5	402662.09375	-135.600006104	6956.0	0.0	12.6000003815	58.2999992371	532.0	678.0	0.0	4.0	10951.7998047	2945.69995117	0.0	651.5	0.0	0.0	0.0	0.0	-3226339.0	-3226339.0	-3226339.0	-3226339.0	
1.0	2867.99951172	402187.09375	-133.600006104	6949.0	0.0	9.60000038147	60.2999992371	571.0	746.0	0.0	10.0	11310.7998047	3014.69995117	0.0	632.5	0.0	0.0	0.0	0.0	-2856391.0	-2856391.0	-2856391.0	-2856391.0	
1.0	2868.49951172	401870.09375	-136.600006104	6974.0	0.0	-17.3999996185	54.2999992371	519.0	743.0	0.0	7.0	10685.7998047	3077.69995117	0.0	718.5	0.0	0.0	0.0	0.0	-3144451.0	-3144451.0	-3144451.0	-3144451.0	
1.0	2868.99951172	401912.09375	-136.600006104	6984.0	0.0	-22.3999996185	56.2999992371	548.0	748.0	0.0	6.0	10903.7998047	3008.69995117	0.0	695.5	0.0	0.0	0.0	0.0	-2614766.0	-2614766.0	-2614766.0	-2614766.0	
1.0	2869.5	402000.09375	-135.600006104	6967.0	0.0	-23.3999996185	56.2999992371	581.0	716.0	0.0	5.0	10681.7998047	3032.69995117	0.0	627.5	0.0	0.0	0.0	0.0	-3067248.0	-3067248.0	-3067248.0	-3067248.0	
1.0	2870.00048828	402272.09375	-136.600006104	6955.0	0.0	-22.3999996185	56.2999992371	584.0	809.0	0.0	3.0	11004.7998047	3143.69995117	0.0	647.5	0.0	0.0	0.0	0.0	-3232449.0	-3232449.0	-3232449.0	-3232449.0	
1.0	2870.99975586	402041.09375	-134.600006104	6945.0	0.0	-25.3999996185	55.2999992371	545.0	767.0	0.0	5.0	10819.7998047	2999.69995117	0.0	626.5	0.0	0.0	0.0	0.0	-2865284.0	-2865284.0	-2865284.0	-2865284.0	
1.0	2872.00024414	401826.09375	-131.600006104	6961.0	0.0	-23.3999996185	55.2999992371	527.0	750.0	0.0	3.0	10991.7998047	3065.69995117	0.0	675.5	0.0	0.0	0.0	0.0	-3217917.0	-3217917.0	-3217917.0	-3217917.0	
1.0	2872.99902344	401585.09375	-132.600006104	6969.0	0.0	-23.3999996185	47.2999992371	556.0	782.0	0.0	9.0	10962.7998047	3157.69995117	0.0	616.5	0.0	0.0	0.0	0.0	-2722081.0	-2722081.0	-2722081.0	-2722081.0	
1.0	2873.9987793	401515.09375	-130.600006104	6960.0	0.0	-9.39999961853	46.2999992371	519.0	755.0	0.0	9.0	10932.7998047	3019.69995117	0.0	656.5	0.0	0.0	0.0	0.0	-3155225.0	-3155225.0	-3155225.0	-3155225.0	
1.0	2874.99951172	401359.09375	-131.600006104	6961.0	0.0	-7.40000009537	45.2999992371	555.0	692.0	0.0	8.0	10992.7998047	3002.69995117	0.0	660.5	0.0	0.0	0.0	0.0	-2771987.0	-2771987.0	-2771987.0	-2771987.0	
1.0	2876.0012207	401232.09375	-130.600006104	6952.0	0.0	-7.40000009537	44.2999992371	533.0	743.0	0.0	7.0	10790.7998047	3102.69995117	0.0	641.5	0.0	0.0	0.0	0.0	-3116022.0	-3116022.0	-3116022.0	-3116022.0	
1.0	2876.9987793	401218.09375	-129.600006104	6956.0	0.0	-8.39999961853	45.2999992371	581.0	817.0	0.0	6.0	11051.7998047	3197.69995117	0.0	621.5	0.0	0.0	0.0	0.0	-2781320.0	-2781320.0	-2781320.0	-2781320.0	
1.0	2878.0	401211.09375	-132.600006104	6961.0	0.0	-5.40000009537	44.2999992371	570.0	774.0	0.0	12.0	11059.7998047	3131.69995117	0.0	702.5	0.0	0.0	0.0	0.0	-3279081.0	-3279081.0	-3279081.0	-3279081.0	
1.0	2878.99951172	400699.09375	-133.600006104	6958.0	0.0	-8.39999961853	49.2999992371	564.0	767.0	0.0	2.0	10951.7998047	3124.69995117	0.0	668.5	0.0	0.0	0.0	0.0	-2562851.0	-2562851.0	-2562851.0	-2562851.0	
1.0	2880.0	400610.09375	-133.600006104	6966.0	0.0	-4.40000009537	56.2999992371	573.0	773.0	0.0	9.0	11335.7998047	3053.69995117	0.0	651.5	0.0	0.0	0.0	0.0	-3109176.0	-3109176.0	-3109176.0	-3109176.0	
1.0	2880.9987793	400589.09375	-134.600006104	6972.0	0.0	-5.40000009537	55.2999992371	611.0	775.0	0.0	8.0	11112.7998047	3183.69995117	0.0	656.5	0.0	0.0	0.0	0.0	-2548102.0	-2548102.0	-2548102.0	-2548102.0	
1.0	2882.0012207	400401.09375	-133.600006104	6957.0	0.0	12.6000003815	55.2999992371	587.0	824.0	0.0	5.0	11152.7998047	3128.69995117	0.0	669.5	0.0	0.0	0.0	0.0	-2829036.0	-2829036.0	-2829036.0	-2829036.0	
1.0	2882.99951172	400503.09375	-134.600006104	6959.0	0.0	11.6000003815	55.2999992371	628.0	814.0	0.0	7.0	11278.7998047	3128.69995117	0.0	650.5	0.0	0.0	0.0	0.0	-2912253.0	-2912253.0	-2912253.0	-2912253.0	
1.0	2884.0012207	400343.09375	-131.600006104	6964.0	0.0	9.60000038147	54.2999992371	590.0	846.0	0.0	1.0	11225.7998047	3180.69995117	0.0	670.5	0.0	0.0	0.0	0.0	-3243305.0	-3243305.0	-3243305.0	-3243305.0	
1.0	2884.9987793	399994.09375	-133.600006104	6961.0	0.0	9.60000038147	57.2999992371	608.0	820.0	0.0	5.0	11359.7998047	3207.69995117	0.0	664.5	0.0	0.0	0.0	0.0	-2549959.0	-2549959.0	-2549959.0	-2549959.0	
1.0	2886.0	399869.09375	-134.600006104	6959.0	0.0	9.60000038147	57.2999992371	593.0	804.0	0.0	6.0	11560.7998047	3067.69995117	0.0	633.5	0.0	0.0	0.0	0.0	-3240084.0	-3240084.0	-3240084.0	-3240084.0	
1.0	2886.99951172	400099.09375	-135.600006104	6969.0	0.0	10.6000003815	58.2999992371	578.0	818.0	0.0	2.0	11117.7998047	3181.69995117	0.0	664.5	0.0	0.0	0.0	0.0	-3098503.0	-3098503.0	-3098503.0	-3098503.0	
1.0	2890.0012207	399378.09375	-131.600006104	6972.0	0.0	11.6000003815	56.2999992371	567.0	826.0	0.0	5.0	10987.7998047	3146.69995117	0.0	650.5	0.0	0.0	0.0	0.0	-3012958.0	-3012958.0	-3012958.0	-3012958.0	
1.0	2893.0012207	399226.09375	-132.600006104	6957.0	0.0	8.60000038147	58.2999992371	560.0	818.0	0.0	3.0	11075.7998047	3208.69995117	0.0	632.5	0.0	0.0	0.0	0.0	-2996428.0	-2996428.0	-2996428.0	-2996428.0	
1.0	2895.99926758	398837.09375	-130.600006104	6969.0	0.0	17.6000003815	58.2999992371	520.0	730.0	0.0	5.0	11058.7998047	3058.69995117	0.0	669.5	0.0	0.0	0.0	0.0	-2603095.0	-2603095.0	-2603095.0	-2603095.0	
1.0	2899.00097656	398452.09375	-130.600006104	6969.0	0.0	6.59999990463	59.2999992371	528.0	752.0	0.0	9.0	11144.7998047	3016.69995117	0.0	692.5	0.0	0.0	0.0	0.0	-2595808.0	-2595808.0	-2595808.0	-2595808.0	
1.0	2902.00073242	398105.09375	-130.600006104	6982.0	0.0	10.6000003815	57.2999992371	474.0	709.0	0.0	0.0	11098.7998047	3088.69995117	0.0	682.5	0.0	0.0	0.0	0.0	-2677492.0	-2677492.0	-2677492.0	-2677492.0	
1.0	2905.0012207	397911.09375	-133.600006104	6984.0	0.0	8.60000038147	56.2999992371	509.0	708.0	0.0	8.0	11085.7998047	3013.69995117	0.0	699.5	0.0	0.0	0.0	0.0	-3229542.0	-3229542.0	-3229542.0	-3229542.0	
