SSRL   MicroEXAFS Data Collector 2.0 
Wed Jul 03 17:08:54 2019
PTS:	205	COLS:	24
alexbox-4ch-xspress.det
RuL3_edge_cell.rgn
SSRL BEAMLINE
COMMENTS





S1VGAP: 0.800000	S1HGAP: 1.000000	TABLEHORZ: 5.000000	SAMPLEV: 41.000000	CALVERT: 4.100521	BPVRT: 46.657988	M1VERT: 6.971044	SAMPLEHOLD: 25.998010	S1HTRAN: 4.775000	

Weights:
 1.000	1.000	1.000	1.000	1.000	1.000	1.000	1.000	1.000	1.000	1.000	1.000	1.000	1.000	1.000	1.000	1.000	1.000	1.000	1.000	1.000	1.000	
Offsets:
 480.9	1036.6	3120.0	0.0	112.4	585.7	0.0	0.0	0.0	0.0	0.2	1.3	0.0	1.5	0.0	0.0	0.0	0.0	79708896.9	79708896.9	79708896.9	79708896.9	
Data:
Real Time Clock
Requested Energy
I0   
I1   
I2   
I3   
MPFB1   
MPFB2   
FF1   
FF2   
FF3   
FF4   
ICR1   
ICR2   
ICR3   
ICR4   
SCA2.1   
SCA2.2   
SCA2.3   
SCA2.4   
TIME1   
TIME2   
TIME3   
TIME4   

1.0	2810.00097656	407592.09375	-134.600006104	6943.0	0.0	21.6000003815	51.2999992371	85.0	40.0	0.0	10.0	9586.79980469	1969.69995117	0.0	602.5	0.0	0.0	0.0	0.0	-3279101.0	-3279101.0	-3279101.0	-3279101.0	
1.0	2810.99975586	407655.09375	-132.600006104	6933.0	0.0	24.6000003815	49.2999992371	100.0	29.0	0.0	6.0	9941.79980469	2039.69995117	0.0	663.5	0.0	0.0	0.0	0.0	-2706158.0	-2706158.0	-2706158.0	-2706158.0	
1.0	2811.99951172	407235.09375	-137.600006104	6936.0	0.0	23.6000003815	50.2999992371	114.0	32.0	0.0	9.0	9925.79980469	1901.69995117	0.0	634.5	0.0	0.0	0.0	0.0	-3091184.0	-3091184.0	-3091184.0	-3091184.0	
1.0	2813.00024414	407386.09375	-135.600006104	6928.0	0.0	20.6000003815	54.2999992371	79.0	37.0	0.0	13.0	9890.79980469	1914.69995117	0.0	648.5	0.0	0.0	0.0	0.0	-2530555.0	-2530555.0	-2530555.0	-2530555.0	
1.0	2813.99951172	407010.09375	-136.600006104	6932.0	0.0	22.6000003815	55.2999992371	79.0	31.0	0.0	7.0	9969.79980469	1950.69995117	0.0	607.5	0.0	0.0	0.0	0.0	-3107524.0	-3107524.0	-3107524.0	-3107524.0	
1.0	2815.0	406978.09375	-133.600006104	6937.0	0.0	12.6000003815	50.2999992371	83.0	31.0	0.0	13.0	9959.79980469	1899.69995117	0.0	641.5	0.0	0.0	0.0	0.0	-2592456.0	-2592456.0	-2592456.0	-2592456.0	
1.0	2815.99902344	406891.09375	-134.600006104	6945.0	0.0	11.6000003815	50.2999992371	103.0	25.0	0.0	13.0	9738.79980469	1925.69995117	0.0	628.5	0.0	0.0	0.0	0.0	-3050013.0	-3050013.0	-3050013.0	-3050013.0	
1.0	2816.99902344	406902.09375	-138.600006104	6949.0	0.0	11.6000003815	33.2999992371	103.0	34.0	0.0	8.0	9938.79980469	1998.69995117	0.0	632.5	0.0	0.0	0.0	0.0	-3193046.0	-3193046.0	-3193046.0	-3193046.0	
1.0	2818.0	406749.09375	-134.600006104	6939.0	0.0	8.60000038147	30.2999992371	87.0	46.0	0.0	10.0	9679.79980469	1996.69995117	0.0	575.5	0.0	0.0	0.0	0.0	-2922320.0	-2922320.0	-2922320.0	-2922320.0	
1.0	2818.99975586	406501.09375	-137.600006104	6950.0	0.0	12.6000003815	30.2999992371	109.0	44.0	0.0	7.0	9968.79980469	2084.69995117	0.0	649.5	0.0	0.0	0.0	0.0	-2587596.0	-2587596.0	-2587596.0	-2587596.0	
1.0	2820.00048828	406468.09375	-138.600006104	6950.0	0.0	16.6000003815	32.2999992371	108.0	52.0	0.0	10.0	10066.7998047	1993.69995117	0.0	636.5	0.0	0.0	0.0	0.0	-3085167.0	-3085167.0	-3085167.0	-3085167.0	
1.0	2820.99975586	406003.09375	-140.600006104	6947.0	0.0	2.59999990463	31.2999992371	134.0	123.0	0.0	7.0	10136.7998047	2114.69995117	0.0	598.5	0.0	0.0	0.0	0.0	-2669460.0	-2669460.0	-2669460.0	-2669460.0	
1.0	2822.0	405965.09375	-135.600006104	6952.0	0.0	5.59999990463	32.2999992371	209.0	301.0	0.0	12.0	10146.7998047	2337.69995117	0.0	568.5	0.0	0.0	0.0	0.0	-3038555.0	-3038555.0	-3038555.0	-3038555.0	
1.0	2822.9987793	406010.09375	-134.600006104	6953.0	0.0	20.6000003815	36.2999992371	335.0	431.0	0.0	7.0	10237.7998047	2535.69995117	0.0	646.5	0.0	0.0	0.0	0.0	-2768118.0	-2768118.0	-2768118.0	-2768118.0	
1.0	2824.0012207	405601.09375	-136.600006104	6954.0	0.0	16.6000003815	49.2999992371	383.0	608.0	0.0	12.0	10374.7998047	2892.69995117	0.0	642.5	0.0	0.0	0.0	0.0	-3072815.0	-3072815.0	-3072815.0	-3072815.0	
1.0	2824.99951172	405257.09375	-137.600006104	6950.0	0.0	19.6000003815	50.2999992371	439.0	596.0	0.0	8.0	10426.7998047	2844.69995117	0.0	626.5	0.0	0.0	0.0	0.0	-3001545.0	-3001545.0	-3001545.0	-3001545.0	
1.0	2825.99902344	405097.09375	-136.600006104	6949.0	0.0	18.6000003815	40.2999992371	380.0	589.0	0.0	13.0	10083.7998047	2841.69995117	0.0	628.5	0.0	0.0	0.0	0.0	-3082798.0	-3082798.0	-3082798.0	-3082798.0	
1.0	2826.99951172	404755.09375	-137.600006104	6953.0	0.0	16.6000003815	42.2999992371	402.0	619.0	0.0	9.0	10275.7998047	2873.69995117	0.0	649.5	0.0	0.0	0.0	0.0	-2795632.0	-2795632.0	-2795632.0	-2795632.0	
1.0	2828.0012207	404959.09375	-147.600006104	6978.0	0.0	19.6000003815	50.2999992371	462.0	563.0	0.0	6.0	10577.7998047	2798.69995117	0.0	615.5	0.0	0.0	0.0	0.0	-3065969.0	-3065969.0	-3065969.0	-3065969.0	
1.0	2829.0012207	404756.09375	-145.600006104	6949.0	0.0	15.6000003815	48.2999992371	393.0	475.0	0.0	9.0	10292.7998047	2696.69995117	0.0	612.5	0.0	0.0	0.0	0.0	-3619700.0	-3619700.0	-3619700.0	-3619700.0	
1.0	2829.99975586	404834.09375	-143.600006104	6942.0	0.0	15.6000003815	49.2999992371	360.0	495.0	0.0	7.0	10164.7998047	2640.69995117	0.0	610.5	0.0	0.0	0.0	0.0	-3050379.0	-3050379.0	-3050379.0	-3050379.0	
1.0	2830.99951172	404466.09375	-143.600006104	6953.0	0.0	14.6000003815	51.2999992371	326.0	445.0	0.0	11.0	10196.7998047	2612.69995117	0.0	655.5	0.0	0.0	0.0	0.0	-2715964.0	-2715964.0	-2715964.0	-2715964.0	
1.0	2832.00024414	404664.09375	-145.600006104	6953.0	0.0	15.6000003815	50.2999992371	332.0	445.0	0.0	12.0	10453.7998047	2614.69995117	0.0	615.5	0.0	0.0	0.0	0.0	-3045503.0	-3045503.0	-3045503.0	-3045503.0	
1.0	2832.99926758	404332.09375	-140.600006104	6944.0	0.0	16.6000003815	48.2999992371	347.0	416.0	0.0	9.0	10250.7998047	2510.69995117	0.0	621.5	0.0	0.0	0.0	0.0	-2774855.0	-2774855.0	-2774855.0	-2774855.0	
1.0	2833.99951172	404391.09375	-142.600006104	6939.0	0.0	15.6000003815	50.2999992371	328.0	450.0	0.0	4.0	10278.7998047	2602.69995117	0.0	582.5	0.0	0.0	0.0	0.0	-3111835.0	-3111835.0	-3111835.0	-3111835.0	
1.0	2835.00073242	404199.09375	-144.600006104	6940.0	0.0	13.6000003815	47.2999992371	369.0	497.0	0.0	7.0	10392.7998047	2701.69995117	0.0	629.5	0.0	0.0	0.0	0.0	-2872270.0	-2872270.0	-2872270.0	-2872270.0	
1.0	2836.00073242	404154.09375	-144.600006104	6932.0	0.0	12.6000003815	49.2999992371	389.0	479.0	0.0	5.0	10512.7998047	2707.69995117	0.0	609.5	0.0	0.0	0.0	0.0	-3083544.0	-3083544.0	-3083544.0	-3083544.0	
1.0	2836.40039062	404044.09375	-144.600006104	6936.0	0.0	10.6000003815	45.2999992371	389.0	536.0	0.0	4.0	10354.7998047	2722.69995117	0.0	599.5	0.0	0.0	0.0	0.0	-2860213.0	-2860213.0	-2860213.0	-2860213.0	
1.0	2836.55053711	404202.09375	-144.600006104	6951.0	0.0	12.6000003815	51.2999992371	446.0	540.0	0.0	7.0	10583.7998047	2753.69995117	0.0	624.5	0.0	0.0	0.0	0.0	-2812099.0	-2812099.0	-2812099.0	-2812099.0	
1.0	2836.70092773	404194.09375	-145.600006104	6954.0	0.0	15.6000003815	51.2999992371	397.0	574.0	0.0	7.0	10248.7998047	2711.69995117	0.0	637.5	0.0	0.0	0.0	0.0	-3056495.0	-3056495.0	-3056495.0	-3056495.0	
1.0	2836.85107422	403913.09375	-145.600006104	6949.0	0.0	15.6000003815	58.2999992371	430.0	528.0	0.0	7.0	10526.7998047	2695.69995117	0.0	598.5	0.0	0.0	0.0	0.0	-3217372.0	-3217372.0	-3217372.0	-3217372.0	
1.0	2836.9987793	404085.09375	-146.600006104	6944.0	0.0	14.6000003815	55.2999992371	450.0	622.0	0.0	8.0	10391.7998047	2867.69995117	0.0	600.5	0.0	0.0	0.0	0.0	-2710708.0	-2710708.0	-2710708.0	-2710708.0	
1.0	2837.14916992	403837.09375	-148.600006104	6935.0	0.0	12.6000003815	55.2999992371	459.0	607.0	0.0	12.0	10616.7998047	2807.69995117	0.0	606.5	0.0	0.0	0.0	0.0	-2921452.0	-2921452.0	-2921452.0	-2921452.0	
1.0	2837.29956055	403911.09375	-141.600006104	6949.0	0.0	14.6000003815	56.2999992371	454.0	654.0	0.0	6.0	10437.7998047	2816.69995117	0.0	581.5	0.0	0.0	0.0	0.0	-3237276.0	-3237276.0	-3237276.0	-3237276.0	
1.0	2837.44995117	403945.09375	-137.600006104	6947.0	0.0	14.6000003815	54.2999992371	474.0	607.0	0.0	13.0	10400.7998047	2917.69995117	0.0	647.5	0.0	0.0	0.0	0.0	-3068722.0	-3068722.0	-3068722.0	-3068722.0	
1.0	2837.6003418	403810.09375	-138.600006104	6936.0	0.0	12.6000003815	53.2999992371	488.0	606.0	0.0	6.0	10586.7998047	2874.69995117	0.0	640.5	0.0	0.0	0.0	0.0	-3233130.0	-3233130.0	-3233130.0	-3233130.0	
1.0	2837.75073242	403649.09375	-137.600006104	6938.0	0.0	14.6000003815	46.2999992371	509.0	633.0	0.0	8.0	10311.7998047	2900.69995117	0.0	595.5	0.0	0.0	0.0	0.0	-3256806.0	-3256806.0	-3256806.0	-3256806.0	
1.0	2837.90136719	403655.09375	-136.600006104	6935.0	0.0	13.6000003815	42.2999992371	499.0	670.0	0.0	13.0	10582.7998047	2934.69995117	0.0	620.5	0.0	0.0	0.0	0.0	-2564987.0	-2564987.0	-2564987.0	-2564987.0	
1.0	2838.04907227	403619.09375	-135.600006104	6935.0	0.0	16.6000003815	39.2999992371	536.0	749.0	0.0	6.0	10613.7998047	2962.69995117	0.0	619.5	0.0	0.0	0.0	0.0	-3016831.0	-3016831.0	-3016831.0	-3016831.0	
1.0	2838.19970703	403492.09375	-137.600006104	6944.0	0.0	17.6000003815	42.2999992371	578.0	703.0	0.0	9.0	10717.7998047	2860.69995117	0.0	591.5	0.0	0.0	0.0	0.0	-2774556.0	-2774556.0	-2774556.0	-2774556.0	
1.0	2838.35009766	403306.09375	-138.600006104	6950.0	0.0	3.59999990463	45.2999992371	559.0	775.0	0.0	7.0	10530.7998047	3071.69995117	0.0	637.5	0.0	0.0	0.0	0.0	-2514848.0	-2514848.0	-2514848.0	-2514848.0	
1.0	2838.50073242	403556.09375	-139.600006104	6959.0	0.0	3.59999990463	42.2999992371	636.0	792.0	0.0	5.0	10587.7998047	3079.69995117	0.0	638.5	0.0	0.0	0.0	0.0	-2694477.0	-2694477.0	-2694477.0	-2694477.0	
1.0	2838.64868164	403275.09375	-137.600006104	6951.0	0.0	1.60000002384	41.2999992371	612.0	816.0	0.0	5.0	10412.7998047	3095.69995117	0.0	619.5	0.0	0.0	0.0	0.0	-2824924.0	-2824924.0	-2824924.0	-2824924.0	
1.0	2838.79931641	403524.09375	-140.600006104	6949.0	0.0	-1.39999997616	41.2999992371	630.0	851.0	0.0	4.0	10658.7998047	3144.69995117	0.0	618.5	0.0	0.0	0.0	0.0	-2647756.0	-2647756.0	-2647756.0	-2647756.0	
1.0	2838.94995117	403582.09375	-142.600006104	6932.0	0.0	0.600000023842	41.2999992371	690.0	894.0	0.0	1.0	10660.7998047	3162.69995117	0.0	609.5	0.0	0.0	0.0	0.0	-3004388.0	-3004388.0	-3004388.0	-3004388.0	
1.0	2839.10058594	403445.09375	-140.600006104	6945.0	0.0	1.60000002384	41.2999992371	721.0	1006.0	0.0	7.0	10564.7998047	3227.69995117	0.0	657.5	0.0	0.0	0.0	0.0	-3328895.0	-3328895.0	-3328895.0	-3328895.0	
1.0	2839.2487793	403346.09375	-140.600006104	6938.0	0.0	-1.39999997616	38.2999992371	802.0	1056.0	0.0	8.0	10870.7998047	3357.69995117	0.0	642.5	0.0	0.0	0.0	0.0	-3006583.0	-3006583.0	-3006583.0	-3006583.0	
1.0	2839.39941406	403035.09375	-141.600006104	6935.0	0.0	-1.39999997616	40.2999992371	878.0	1113.0	0.0	14.0	10467.7998047	3452.69995117	0.0	633.5	0.0	0.0	0.0	0.0	-2676381.0	-2676381.0	-2676381.0	-2676381.0	
1.0	2839.55004883	403259.09375	-143.600006104	6949.0	0.0	-3.40000009537	40.2999992371	905.0	1120.0	0.0	8.0	10885.7998047	3477.69995117	0.0	635.5	0.0	0.0	0.0	0.0	-3089773.0	-3089773.0	-3089773.0	-3089773.0	
1.0	2839.70092773	402834.09375	-141.600006104	6942.0	0.0	-2.40000009537	39.2999992371	989.0	1296.0	0.0	7.0	10898.7998047	3677.69995117	0.0	645.5	0.0	0.0	0.0	0.0	-2840333.0	-2840333.0	-2840333.0	-2840333.0	
1.0	2839.84912109	403086.09375	-141.600006104	6943.0	0.0	-0.40000000596	40.2999992371	1157.0	1444.0	0.0	3.0	11063.7998047	3792.69995117	0.0	632.5	0.0	0.0	0.0	0.0	-3292280.0	-3292280.0	-3292280.0	-3292280.0	
1.0	2840.0	402999.09375	-140.600006104	6940.0	0.0	-4.40000009537	39.2999992371	1284.0	1549.0	0.0	13.0	11141.7998047	3921.69995117	0.0	644.5	0.0	0.0	0.0	0.0	-3146831.0	-3146831.0	-3146831.0	-3146831.0	
1.0	2840.15063477	402880.09375	-140.600006104	6921.0	0.0	-2.40000009537	41.2999992371	1346.0	1746.0	0.0	9.0	11446.7998047	4184.70019531	0.0	676.5	0.0	0.0	0.0	0.0	-2798932.0	-2798932.0	-2798932.0	-2798932.0	
1.0	2840.29907227	403089.09375	-142.600006104	6938.0	0.0	-0.40000000596	39.2999992371	1388.0	1945.0	0.0	6.0	11169.7998047	4440.70019531	0.0	546.5	0.0	0.0	0.0	0.0	-2605618.0	-2605618.0	-2605618.0	-2605618.0	
1.0	2840.44970703	402840.09375	-142.600006104	6943.0	0.0	-0.40000000596	36.2999992371	1525.0	2063.0	0.0	5.0	11312.7998047	4499.70019531	0.0	614.5	0.0	0.0	0.0	0.0	-2994981.0	-2994981.0	-2994981.0	-2994981.0	
1.0	2840.60058594	402689.09375	-139.600006104	6937.0	0.0	-1.39999997616	38.2999992371	1627.0	2083.0	0.0	6.0	11584.7998047	4633.70019531	0.0	629.5	0.0	0.0	0.0	0.0	-2816505.0	-2816505.0	-2816505.0	-2816505.0	
1.0	2840.74902344	402640.09375	-139.600006104	6939.0	0.0	-0.40000000596	36.2999992371	1715.0	2205.0	0.0	9.0	11592.7998047	4727.70019531	0.0	658.5	0.0	0.0	0.0	0.0	-3202906.0	-3202906.0	-3202906.0	-3202906.0	
1.0	2840.89990234	402860.09375	-141.600006104	6936.0	0.0	-0.40000000596	35.2999992371	1795.0	2378.0	0.0	16.0	11638.7998047	4920.70019531	0.0	587.5	0.0	0.0	0.0	0.0	-2775361.0	-2775361.0	-2775361.0	-2775361.0	
1.0	2841.05102539	402582.09375	-139.600006104	6944.0	0.0	-1.39999997616	33.2999992371	1747.0	2341.0	0.0	6.0	11482.7998047	4817.70019531	0.0	657.5	0.0	0.0	0.0	0.0	-3232151.0	-3232151.0	-3232151.0	-3232151.0	
1.0	2841.19921875	402716.09375	-137.600006104	6937.0	0.0	-2.40000009537	37.2999992371	1664.0	2280.0	0.0	7.0	11535.7998047	4908.70019531	0.0	594.5	0.0	0.0	0.0	0.0	-2934602.0	-2934602.0	-2934602.0	-2934602.0	
1.0	2841.3503418	402931.09375	-139.600006104	6930.0	0.0	-3.40000009537	37.2999992371	1771.0	2354.0	0.0	16.0	11571.7998047	4886.70019531	0.0	636.5	0.0	0.0	0.0	0.0	-2611902.0	-2611902.0	-2611902.0	-2611902.0	
1.0	2841.4987793	402746.09375	-137.600006104	6931.0	0.0	-7.40000009537	38.2999992371	1606.0	2131.0	0.0	7.0	11290.7998047	4624.70019531	0.0	644.5	0.0	0.0	0.0	0.0	-3000547.0	-3000547.0	-3000547.0	-3000547.0	
1.0	2841.64990234	402524.09375	-136.600006104	6935.0	0.0	-23.3999996185	38.2999992371	1434.0	2121.0	0.0	8.0	11211.7998047	4641.70019531	0.0	669.5	0.0	0.0	0.0	0.0	-2622588.0	-2622588.0	-2622588.0	-2622588.0	
1.0	2841.80078125	402656.09375	-126.599998474	6928.0	0.0	-19.3999996185	39.2999992371	1479.0	1938.0	0.0	5.0	11482.7998047	4358.70019531	0.0	660.5	0.0	0.0	0.0	0.0	-3131325.0	-3131325.0	-3131325.0	-3131325.0	
1.0	2841.94946289	402629.09375	-130.600006104	6940.0	0.0	-6.40000009537	39.2999992371	1380.0	1770.0	0.0	8.0	11220.7998047	4230.70019531	0.0	625.5	0.0	0.0	0.0	0.0	-2542614.0	-2542614.0	-2542614.0	-2542614.0	
1.0	2842.10058594	402272.09375	-130.600006104	6939.0	0.0	-0.40000000596	39.2999992371	1243.0	1656.0	0.0	13.0	11353.7998047	4081.69995117	0.0	607.5	0.0	0.0	0.0	0.0	-2674188.0	-2674188.0	-2674188.0	-2674188.0	
1.0	2842.24902344	402337.09375	-130.600006104	6936.0	0.0	-0.40000000596	39.2999992371	1195.0	1543.0	0.0	4.0	10912.7998047	4000.69995117	0.0	634.5	0.0	0.0	0.0	0.0	-3072355.0	-3072355.0	-3072355.0	-3072355.0	
1.0	2842.40014648	402307.09375	-130.600006104	6941.0	0.0	-1.39999997616	44.2999992371	1019.0	1380.0	0.0	9.0	10988.7998047	3804.69995117	0.0	683.5	0.0	0.0	0.0	0.0	-2533157.0	-2533157.0	-2533157.0	-2533157.0	
1.0	2842.54882812	401864.09375	-135.600006104	6920.0	0.0	-1.39999997616	54.2999992371	993.0	1314.0	0.0	7.0	11090.7998047	3688.69995117	0.0	674.5	0.0	0.0	0.0	0.0	-2500575.0	-2500575.0	-2500575.0	-2500575.0	
1.0	2842.69995117	402126.09375	-131.600006104	6933.0	0.0	-1.39999997616	55.2999992371	903.0	1225.0	0.0	11.0	11033.7998047	3481.69995117	0.0	668.5	0.0	0.0	0.0	0.0	-2525251.0	-2525251.0	-2525251.0	-2525251.0	
1.0	2842.84863281	402192.09375	-132.600006104	6944.0	0.0	-2.40000009537	56.2999992371	921.0	1202.0	0.0	10.0	10898.7998047	3499.69995117	0.0	589.5	0.0	0.0	0.0	0.0	-2590925.0	-2590925.0	-2590925.0	-2590925.0	
1.0	2843.0	401909.09375	-130.600006104	6948.0	0.0	-4.40000009537	53.2999992371	869.0	1128.0	0.0	10.0	10745.7998047	3452.69995117	0.0	674.5	0.0	0.0	0.0	0.0	-3077300.0	-3077300.0	-3077300.0	-3077300.0	
1.0	2843.15136719	402038.09375	-128.600006104	6927.0	0.0	0.600000023842	51.2999992371	822.0	1142.0	0.0	6.0	10687.7998047	3580.69995117	0.0	641.5	0.0	0.0	0.0	0.0	-2755430.0	-2755430.0	-2755430.0	-2755430.0	
1.0	2843.30004883	402049.09375	-127.599998474	6923.0	0.0	-3.40000009537	55.2999992371	806.0	1049.0	0.0	5.0	10902.7998047	3365.69995117	0.0	606.5	0.0	0.0	0.0	0.0	-2529243.0	-2529243.0	-2529243.0	-2529243.0	
1.0	2843.44873047	402138.09375	-129.600006104	6927.0	0.0	-1.39999997616	57.2999992371	808.0	1017.0	0.0	5.0	10711.7998047	3281.69995117	0.0	621.5	0.0	0.0	0.0	0.0	-2982059.0	-2982059.0	-2982059.0	-2982059.0	
1.0	2843.60009766	402081.09375	-128.600006104	6930.0	0.0	1.60000002384	55.2999992371	783.0	987.0	0.0	5.0	10971.7998047	3268.69995117	0.0	620.5	0.0	0.0	0.0	0.0	-3243843.0	-3243843.0	-3243843.0	-3243843.0	
1.0	2843.74902344	401780.09375	-131.600006104	6928.0	0.0	7.59999990463	54.2999992371	759.0	1022.0	0.0	6.0	10943.7998047	3324.69995117	0.0	648.5	0.0	0.0	0.0	0.0	-2784089.0	-2784089.0	-2784089.0	-2784089.0	
1.0	2843.90039062	401912.09375	-132.600006104	6931.0	0.0	6.59999990463	57.2999992371	782.0	1020.0	0.0	6.0	10749.7998047	3246.69995117	0.0	675.5	0.0	0.0	0.0	0.0	-2911434.0	-2911434.0	-2911434.0	-2911434.0	
1.0	2844.04907227	401908.09375	-132.600006104	6931.0	0.0	4.59999990463	57.2999992371	787.0	1036.0	0.0	6.0	10769.7998047	3303.69995117	0.0	650.5	0.0	0.0	0.0	0.0	-2725998.0	-2725998.0	-2725998.0	-2725998.0	
1.0	2844.20068359	401737.09375	-131.600006104	6932.0	0.0	3.59999990463	55.2999992371	720.0	985.0	0.0	6.0	10766.7998047	3299.69995117	0.0	684.5	0.0	0.0	0.0	0.0	-2800589.0	-2800589.0	-2800589.0	-2800589.0	
1.0	2844.34936523	401859.09375	-132.600006104	6940.0	0.0	5.59999990463	58.2999992371	742.0	963.0	0.0	5.0	10878.7998047	3203.69995117	0.0	646.5	0.0	0.0	0.0	0.0	-2646823.0	-2646823.0	-2646823.0	-2646823.0	
1.0	2844.50097656	401658.09375	-130.600006104	6923.0	0.0	5.59999990463	54.2999992371	684.0	1013.0	0.0	10.0	10458.7998047	3294.69995117	0.0	677.5	0.0	0.0	0.0	0.0	-2566039.0	-2566039.0	-2566039.0	-2566039.0	
1.0	2844.64990234	402003.09375	-128.600006104	6939.0	0.0	6.59999990463	56.2999992371	703.0	949.0	0.0	7.0	10634.7998047	3244.69995117	0.0	698.5	0.0	0.0	0.0	0.0	-3312702.0	-3312702.0	-3312702.0	-3312702.0	
1.0	2844.79882812	401760.09375	-131.600006104	6935.0	0.0	3.59999990463	54.2999992371	688.0	958.0	0.0	6.0	10681.7998047	3246.69995117	0.0	609.5	0.0	0.0	0.0	0.0	-3213538.0	-3213538.0	-3213538.0	-3213538.0	
1.0	2844.95043945	401449.09375	-129.600006104	6932.0	0.0	5.59999990463	55.2999992371	689.0	847.0	0.0	10.0	10717.7998047	3093.69995117	0.0	650.5	0.0	0.0	0.0	0.0	-3120301.0	-3120301.0	-3120301.0	-3120301.0	
1.0	2845.09936523	401574.09375	-134.600006104	6928.0	0.0	3.59999990463	54.2999992371	666.0	881.0	0.0	10.0	10678.7998047	3126.69995117	0.0	654.5	0.0	0.0	0.0	0.0	-2798018.0	-2798018.0	-2798018.0	-2798018.0	
1.0	2845.25097656	401576.09375	-132.600006104	6935.0	0.0	6.59999990463	54.2999992371	626.0	901.0	0.0	5.0	10665.7998047	3163.69995117	0.0	598.5	0.0	0.0	0.0	0.0	-2533264.0	-2533264.0	-2533264.0	-2533264.0	
1.0	2845.40014648	401787.09375	-131.600006104	6930.0	0.0	8.60000038147	54.2999992371	665.0	882.0	0.0	3.0	10870.7998047	3142.69995117	0.0	666.5	0.0	0.0	0.0	0.0	-3171820.0	-3171820.0	-3171820.0	-3171820.0	
1.0	2845.54907227	401396.09375	-131.600006104	6907.0	0.0	7.59999990463	56.2999992371	637.0	850.0	0.0	9.0	10766.7998047	3061.69995117	0.0	688.5	0.0	0.0	0.0	0.0	-2736082.0	-2736082.0	-2736082.0	-2736082.0	
1.0	2845.70092773	401353.09375	-132.600006104	6918.0	0.0	-0.40000000596	56.2999992371	626.0	859.0	0.0	7.0	10587.7998047	3084.69995117	0.0	619.5	0.0	0.0	0.0	0.0	-3321275.0	-3321275.0	-3321275.0	-3321275.0	
1.0	2845.85009766	401450.09375	-130.600006104	6918.0	0.0	-1.39999997616	55.2999992371	619.0	798.0	0.0	4.0	10674.7998047	3092.69995117	0.0	632.5	0.0	0.0	0.0	0.0	-3111311.0	-3111311.0	-3111311.0	-3111311.0	
1.0	2845.99902344	402969.09375	-130.600006104	6924.0	0.0	-16.3999996185	53.2999992371	558.0	788.0	0.0	10.0	10560.7998047	3013.69995117	0.0	655.5	0.0	0.0	0.0	0.0	-3177283.0	-3177283.0	-3177283.0	-3177283.0	
1.0	2846.15087891	404151.09375	-130.600006104	6928.0	0.0	-16.3999996185	53.2999992371	559.0	774.0	0.0	10.0	10812.7998047	3031.69995117	0.0	664.5	0.0	0.0	0.0	0.0	-2694275.0	-2694275.0	-2694275.0	-2694275.0	
1.0	2846.30004883	405509.09375	-134.600006104	6925.0	0.0	-17.3999996185	52.2999992371	600.0	785.0	0.0	13.0	10601.7998047	3009.69995117	0.0	622.5	0.0	0.0	0.0	0.0	-2761924.0	-2761924.0	-2761924.0	-2761924.0	
1.0	2846.44921875	406429.09375	-130.600006104	6932.0	0.0	-17.3999996185	56.2999992371	561.0	773.0	0.0	14.0	10704.7998047	3052.69995117	0.0	669.5	0.0	0.0	0.0	0.0	-2584215.0	-2584215.0	-2584215.0	-2584215.0	
1.0	2846.60107422	406466.09375	-134.600006104	6935.0	0.0	-16.3999996185	47.2999992371	616.0	763.0	0.0	7.0	10689.7998047	3039.69995117	0.0	633.5	0.0	0.0	0.0	0.0	-3037066.0	-3037066.0	-3037066.0	-3037066.0	
1.0	2846.75024414	406311.09375	-131.600006104	6930.0	0.0	-1.39999997616	46.2999992371	578.0	747.0	0.0	8.0	10713.7998047	2959.69995117	0.0	630.5	0.0	0.0	0.0	0.0	-3013103.0	-3013103.0	-3013103.0	-3013103.0	
1.0	2846.8996582	406356.09375	-131.600006104	6936.0	0.0	5.59999990463	47.2999992371	544.0	755.0	0.0	7.0	10677.7998047	3080.69995117	0.0	659.5	0.0	0.0	0.0	0.0	-2916305.0	-2916305.0	-2916305.0	-2916305.0	
1.0	2847.04907227	406418.09375	-132.600006104	6937.0	0.0	8.60000038147	46.2999992371	565.0	743.0	0.0	8.0	10668.7998047	3016.69995117	0.0	649.5	0.0	0.0	0.0	0.0	-2683058.0	-2683058.0	-2683058.0	-2683058.0	
1.0	2847.20092773	406415.09375	-134.600006104	6933.0	0.0	5.59999990463	43.2999992371	576.0	752.0	0.0	6.0	10879.7998047	3051.69995117	0.0	654.5	0.0	0.0	0.0	0.0	-2879046.0	-2879046.0	-2879046.0	-2879046.0	
1.0	2847.3503418	406392.09375	-126.599998474	6928.0	0.0	6.59999990463	43.2999992371	587.0	731.0	0.0	3.0	10910.7998047	2962.69995117	0.0	635.5	0.0	0.0	0.0	0.0	-3099507.0	-3099507.0	-3099507.0	-3099507.0	
1.0	2847.49951172	406170.09375	-127.599998474	6942.0	0.0	4.59999990463	40.2999992371	582.0	743.0	0.0	2.0	10969.7998047	3081.69995117	0.0	613.5	0.0	0.0	0.0	0.0	-2558055.0	-2558055.0	-2558055.0	-2558055.0	
1.0	2847.64892578	406259.09375	-127.599998474	6938.0	0.0	5.59999990463	39.2999992371	563.0	745.0	0.0	14.0	10685.7998047	3101.69995117	0.0	694.5	0.0	0.0	0.0	0.0	-2737497.0	-2737497.0	-2737497.0	-2737497.0	
1.0	2847.80102539	406314.09375	-123.599998474	6924.0	0.0	2.59999990463	42.2999992371	614.0	720.0	0.0	9.0	10777.7998047	3085.69995117	0.0	659.5	0.0	0.0	0.0	0.0	-2943498.0	-2943498.0	-2943498.0	-2943498.0	
1.0	2847.95043945	406073.09375	-123.599998474	6956.0	0.0	3.59999990463	41.2999992371	575.0	770.0	0.0	2.0	10775.7998047	3093.69995117	0.0	655.5	0.0	0.0	0.0	0.0	-2627886.0	-2627886.0	-2627886.0	-2627886.0	
1.0	2848.09985352	406212.09375	-123.599998474	6932.0	0.0	4.59999990463	45.2999992371	583.0	813.0	0.0	7.0	10730.7998047	3083.69995117	0.0	626.5	0.0	0.0	0.0	0.0	-2952991.0	-2952991.0	-2952991.0	-2952991.0	
1.0	2848.24951172	406172.09375	-122.599998474	6923.0	0.0	2.59999990463	36.2999992371	590.0	727.0	0.0	7.0	10860.7998047	2989.69995117	0.0	614.5	0.0	0.0	0.0	0.0	-2630528.0	-2630528.0	-2630528.0	-2630528.0	
1.0	2848.39892578	405854.09375	-123.599998474	6938.0	0.0	3.59999990463	30.2999992371	557.0	763.0	0.0	7.0	10659.7998047	3059.69995117	0.0	633.5	0.0	0.0	0.0	0.0	-3020622.0	-3020622.0	-3020622.0	-3020622.0	
1.0	2848.55102539	405868.09375	-124.599998474	6943.0	0.0	3.59999990463	42.2999992371	569.0	749.0	0.0	3.0	10459.7998047	2964.69995117	0.0	602.5	0.0	0.0	0.0	0.0	-3406279.0	-3406279.0	-3406279.0	-3406279.0	
1.0	2848.70068359	405781.09375	-123.599998474	6928.0	0.0	4.59999990463	42.2999992371	594.0	775.0	0.0	7.0	10768.7998047	3002.69995117	0.0	627.5	0.0	0.0	0.0	0.0	-3068561.0	-3068561.0	-3068561.0	-3068561.0	
1.0	2848.85009766	405801.09375	-127.599998474	6935.0	0.0	19.6000003815	44.2999992371	560.0	742.0	0.0	9.0	10873.7998047	3112.69995117	0.0	684.5	0.0	0.0	0.0	0.0	-2803193.0	-2803193.0	-2803193.0	-2803193.0	
1.0	2848.99975586	405917.09375	-127.599998474	6929.0	0.0	20.6000003815	45.2999992371	565.0	811.0	0.0	11.0	10743.7998047	3089.69995117	0.0	668.5	0.0	0.0	0.0	0.0	-3337207.0	-3337207.0	-3337207.0	-3337207.0	
1.0	2849.14941406	405768.09375	-124.599998474	6933.0	0.0	21.6000003815	42.2999992371	539.0	707.0	0.0	9.0	10743.7998047	2977.69995117	0.0	625.5	0.0	0.0	0.0	0.0	-2982872.0	-2982872.0	-2982872.0	-2982872.0	
1.0	2849.29907227	405769.09375	-126.599998474	6922.0	0.0	18.6000003815	44.2999992371	626.0	803.0	0.0	2.0	10727.7998047	3156.69995117	0.0	668.5	0.0	0.0	0.0	0.0	-2685073.0	-2685073.0	-2685073.0	-2685073.0	
1.0	2849.44873047	405784.09375	-124.599998474	6931.0	0.0	18.6000003815	44.2999992371	534.0	732.0	0.0	7.0	10409.7998047	2968.69995117	0.0	602.5	0.0	0.0	0.0	0.0	-3348750.0	-3348750.0	-3348750.0	-3348750.0	
1.0	2849.60107422	405509.09375	-128.600006104	6942.0	0.0	20.6000003815	42.2999992371	578.0	783.0	0.0	7.0	10518.7998047	3105.69995117	0.0	631.5	0.0	0.0	0.0	0.0	-2781870.0	-2781870.0	-2781870.0	-2781870.0	
1.0	2849.75073242	405572.09375	-125.599998474	6934.0	0.0	24.6000003815	43.2999992371	600.0	794.0	0.0	5.0	10891.7998047	3084.69995117	0.0	614.5	0.0	0.0	0.0	0.0	-2645350.0	-2645350.0	-2645350.0	-2645350.0	
1.0	2849.90063477	405364.09375	-128.600006104	6934.0	0.0	20.6000003815	41.2999992371	603.0	867.0	0.0	6.0	10682.7998047	3199.69995117	0.0	632.5	0.0	0.0	0.0	0.0	-2626613.0	-2626613.0	-2626613.0	-2626613.0	
1.0	2850.05029297	405396.09375	-131.600006104	6927.0	0.0	18.6000003815	43.2999992371	602.0	794.0	0.0	9.0	10459.7998047	3156.69995117	0.0	598.5	0.0	0.0	0.0	0.0	-2650722.0	-2650722.0	-2650722.0	-2650722.0	
1.0	2850.20019531	405296.09375	-133.600006104	6950.0	0.0	13.6000003815	45.2999992371	591.0	809.0	0.0	11.0	10945.7998047	3102.69995117	0.0	690.5	0.0	0.0	0.0	0.0	-2999423.0	-2999423.0	-2999423.0	-2999423.0	
1.0	2850.34985352	405370.09375	-125.599998474	6931.0	0.0	17.6000003815	45.2999992371	604.0	828.0	0.0	6.0	10577.7998047	3099.69995117	0.0	659.5	0.0	0.0	0.0	0.0	-3484454.0	-3484454.0	-3484454.0	-3484454.0	
1.0	2850.49975586	405581.09375	-126.599998474	6934.0	0.0	19.6000003815	45.2999992371	585.0	839.0	0.0	6.0	10839.7998047	3053.69995117	0.0	591.5	0.0	0.0	0.0	0.0	-3315515.0	-3315515.0	-3315515.0	-3315515.0	
1.0	2850.6496582	405108.09375	-124.599998474	6934.0	0.0	18.6000003815	47.2999992371	594.0	772.0	0.0	9.0	10948.7998047	2978.69995117	0.0	666.5	0.0	0.0	0.0	0.0	-3171334.0	-3171334.0	-3171334.0	-3171334.0	
1.0	2850.79956055	405178.09375	-124.599998474	6946.0	0.0	16.6000003815	43.2999992371	582.0	774.0	0.0	5.0	10439.7998047	3090.69995117	0.0	646.5	0.0	0.0	0.0	0.0	-3349766.0	-3349766.0	-3349766.0	-3349766.0	
1.0	2850.94946289	405282.09375	-125.599998474	6931.0	0.0	17.6000003815	40.2999992371	580.0	766.0	0.0	6.0	10801.7998047	3090.69995117	0.0	658.5	0.0	0.0	0.0	0.0	-3132200.0	-3132200.0	-3132200.0	-3132200.0	
1.0	2851.09936523	405185.09375	-127.599998474	6943.0	0.0	20.6000003815	39.2999992371	545.0	856.0	0.0	6.0	10622.7998047	3185.69995117	0.0	698.5	0.0	0.0	0.0	0.0	-2824952.0	-2824952.0	-2824952.0	-2824952.0	
1.0	2851.24926758	405012.09375	-127.599998474	6954.0	0.0	15.6000003815	40.2999992371	577.0	805.0	0.0	8.0	10595.7998047	3152.69995117	0.0	656.5	0.0	0.0	0.0	0.0	-3459073.0	-3459073.0	-3459073.0	-3459073.0	
1.0	2851.39941406	405171.09375	-123.599998474	6947.0	0.0	17.6000003815	39.2999992371	602.0	772.0	0.0	7.0	10789.7998047	3046.69995117	0.0	674.5	0.0	0.0	0.0	0.0	-2706617.0	-2706617.0	-2706617.0	-2706617.0	
1.0	2851.54931641	404643.09375	-125.599998474	6936.0	0.0	13.6000003815	44.2999992371	567.0	790.0	0.0	3.0	10801.7998047	3143.69995117	0.0	617.5	0.0	0.0	0.0	0.0	-3232242.0	-3232242.0	-3232242.0	-3232242.0	
1.0	2851.69946289	405135.09375	-124.599998474	6936.0	0.0	11.6000003815	52.2999992371	569.0	754.0	0.0	7.0	10873.7998047	3037.69995117	0.0	645.5	0.0	0.0	0.0	0.0	-3510859.0	-3510859.0	-3510859.0	-3510859.0	
1.0	2851.84936523	405162.09375	-124.599998474	6938.0	0.0	5.59999990463	57.2999992371	597.0	794.0	0.0	12.0	10754.7998047	3128.69995117	0.0	662.5	0.0	0.0	0.0	0.0	-3273723.0	-3273723.0	-3273723.0	-3273723.0	
1.0	2851.99951172	404768.09375	-124.599998474	6947.0	0.0	7.59999990463	57.2999992371	541.0	843.0	0.0	8.0	10616.7998047	3176.69995117	0.0	656.5	0.0	0.0	0.0	0.0	-2605863.0	-2605863.0	-2605863.0	-2605863.0	
1.0	2852.1496582	405101.09375	-143.600006104	6938.0	0.0	5.59999990463	53.2999992371	560.0	793.0	0.0	7.0	10577.7998047	3012.69995117	0.0	583.5	0.0	0.0	0.0	0.0	-3878107.0	-3878107.0	-3878107.0	-3878107.0	
1.0	2852.29956055	405072.09375	-119.599998474	6934.0	0.0	5.59999990463	57.2999992371	565.0	798.0	0.0	6.0	10906.7998047	3085.69995117	0.0	690.5	0.0	0.0	0.0	0.0	-2594348.0	-2594348.0	-2594348.0	-2594348.0	
1.0	2852.44970703	404869.09375	-127.599998474	6951.0	0.0	3.59999990463	55.2999992371	602.0	754.0	0.0	5.0	10869.7998047	3002.69995117	0.0	671.5	0.0	0.0	0.0	0.0	-3226156.0	-3226156.0	-3226156.0	-3226156.0	
1.0	2852.60009766	404709.09375	-125.599998474	6948.0	0.0	0.600000023842	58.2999992371	512.0	702.0	0.0	5.0	10654.7998047	2992.69995117	0.0	620.5	0.0	0.0	0.0	0.0	-2979217.0	-2979217.0	-2979217.0	-2979217.0	
1.0	2852.75024414	404859.09375	-125.599998474	6927.0	0.0	-6.40000009537	56.2999992371	585.0	765.0	0.0	12.0	10739.7998047	2997.69995117	0.0	651.5	0.0	0.0	0.0	0.0	-2905130.0	-2905130.0	-2905130.0	-2905130.0	
1.0	2852.90039062	404785.09375	-145.600006104	6928.0	0.0	-4.40000009537	60.2999992371	572.0	772.0	0.0	6.0	10862.7998047	3015.69995117	0.0	678.5	0.0	0.0	0.0	0.0	-2646021.0	-2646021.0	-2646021.0	-2646021.0	
1.0	2853.05053711	404848.09375	-130.600006104	6951.0	0.0	-3.40000009537	57.2999992371	543.0	767.0	0.0	8.0	10732.7998047	3081.69995117	0.0	623.5	0.0	0.0	0.0	0.0	-3052722.0	-3052722.0	-3052722.0	-3052722.0	
1.0	2853.20092773	404515.09375	-126.599998474	6938.0	0.0	-6.40000009537	55.2999992371	558.0	687.0	0.0	10.0	10832.7998047	2995.69995117	0.0	647.5	0.0	0.0	0.0	0.0	-2654257.0	-2654257.0	-2654257.0	-2654257.0	
1.0	2853.35107422	404455.09375	-122.599998474	6940.0	0.0	-5.40000009537	57.2999992371	536.0	698.0	0.0	7.0	11014.7998047	2992.69995117	0.0	666.5	0.0	0.0	0.0	0.0	-2705972.0	-2705972.0	-2705972.0	-2705972.0	
1.0	2853.4987793	404534.09375	-124.599998474	6926.0	0.0	-3.40000009537	57.2999992371	536.0	783.0	0.0	8.0	10542.7998047	3027.69995117	0.0	679.5	0.0	0.0	0.0	0.0	-3363864.0	-3363864.0	-3363864.0	-3363864.0	
1.0	2853.64916992	404302.09375	-122.599998474	6933.0	0.0	-2.40000009537	54.2999992371	576.0	786.0	0.0	12.0	10588.7998047	3018.69995117	0.0	633.5	0.0	0.0	0.0	0.0	-3122677.0	-3122677.0	-3122677.0	-3122677.0	
1.0	2853.79956055	404471.09375	-127.599998474	6932.0	0.0	-5.40000009537	56.2999992371	572.0	768.0	0.0	6.0	10725.7998047	3062.69995117	0.0	630.5	0.0	0.0	0.0	0.0	-2518548.0	-2518548.0	-2518548.0	-2518548.0	
1.0	2853.94995117	404303.09375	-129.600006104	6934.0	0.0	-2.40000009537	59.2999992371	526.0	731.0	0.0	6.0	10685.7998047	3079.69995117	0.0	634.5	0.0	0.0	0.0	0.0	-2675456.0	-2675456.0	-2675456.0	-2675456.0	
1.0	2854.1003418	404474.09375	-129.600006104	6935.0	0.0	9.60000038147	59.2999992371	561.0	745.0	0.0	11.0	10753.7998047	3076.69995117	0.0	622.5	0.0	0.0	0.0	0.0	-2947746.0	-2947746.0	-2947746.0	-2947746.0	
1.0	2854.25073242	404475.09375	-127.599998474	6928.0	0.0	13.6000003815	58.2999992371	596.0	755.0	0.0	6.0	10749.7998047	3030.69995117	0.0	660.5	0.0	0.0	0.0	0.0	-3079756.0	-3079756.0	-3079756.0	-3079756.0	
1.0	2854.40112305	404400.09375	-128.600006104	6933.0	0.0	14.6000003815	58.2999992371	542.0	747.0	0.0	6.0	10541.7998047	3001.69995117	0.0	634.5	0.0	0.0	0.0	0.0	-3388818.0	-3388818.0	-3388818.0	-3388818.0	
1.0	2854.54907227	404353.09375	-128.600006104	6935.0	0.0	3.59999990463	58.2999992371	492.0	759.0	0.0	8.0	10845.7998047	3015.69995117	0.0	675.5	0.0	0.0	0.0	0.0	-3170375.0	-3170375.0	-3170375.0	-3170375.0	
1.0	2854.69946289	404204.09375	-129.600006104	6928.0	0.0	-0.40000000596	57.2999992371	533.0	748.0	0.0	11.0	10774.7998047	3091.69995117	0.0	656.5	0.0	0.0	0.0	0.0	-2751217.0	-2751217.0	-2751217.0	-2751217.0	
1.0	2854.85009766	404226.09375	-127.599998474	6923.0	0.0	9.60000038147	58.2999992371	531.0	732.0	0.0	5.0	10724.7998047	3040.69995117	0.0	547.5	0.0	0.0	0.0	0.0	-3416251.0	-3416251.0	-3416251.0	-3416251.0	
1.0	2855.00048828	403853.09375	-127.599998474	6929.0	0.0	11.6000003815	58.2999992371	534.0	781.0	0.0	8.0	10754.7998047	3137.69995117	0.0	660.5	0.0	0.0	0.0	0.0	-2826552.0	-2826552.0	-2826552.0	-2826552.0	
1.0	2855.49902344	403731.09375	-125.599998474	6927.0	0.0	11.6000003815	57.2999992371	547.0	730.0	0.0	13.0	10807.7998047	2980.69995117	0.0	634.5	0.0	0.0	0.0	0.0	-2636591.0	-2636591.0	-2636591.0	-2636591.0	
1.0	2856.00048828	403985.09375	-121.599998474	6925.0	0.0	10.6000003815	56.2999992371	542.0	706.0	0.0	3.0	11047.7998047	2951.69995117	0.0	622.5	0.0	0.0	0.0	0.0	-2585884.0	-2585884.0	-2585884.0	-2585884.0	
1.0	2856.49926758	404012.09375	-125.599998474	6924.0	0.0	12.6000003815	55.2999992371	512.0	791.0	0.0	2.0	10831.7998047	3045.69995117	0.0	641.5	0.0	0.0	0.0	0.0	-2866084.0	-2866084.0	-2866084.0	-2866084.0	
1.0	2857.0012207	404167.09375	-126.599998474	6937.0	0.0	13.6000003815	48.2999992371	500.0	691.0	0.0	3.0	10780.7998047	3032.69995117	0.0	697.5	0.0	0.0	0.0	0.0	-2772895.0	-2772895.0	-2772895.0	-2772895.0	
1.0	2857.50073242	403818.09375	-119.599998474	6936.0	0.0	14.6000003815	57.2999992371	512.0	695.0	0.0	6.0	10658.7998047	2928.69995117	0.0	635.5	0.0	0.0	0.0	0.0	-3740767.0	-3740767.0	-3740767.0	-3740767.0	
1.0	2858.00048828	403358.09375	-121.599998474	6945.0	0.0	15.6000003815	59.2999992371	545.0	765.0	0.0	10.0	10773.7998047	2938.69995117	0.0	636.5	0.0	0.0	0.0	0.0	-3338453.0	-3338453.0	-3338453.0	-3338453.0	
1.0	2858.50048828	403393.09375	-123.599998474	6940.0	0.0	10.6000003815	58.2999992371	527.0	734.0	0.0	4.0	10606.7998047	2998.69995117	0.0	688.5	0.0	0.0	0.0	0.0	-3115915.0	-3115915.0	-3115915.0	-3115915.0	
1.0	2859.00073242	403562.09375	-126.599998474	6933.0	0.0	12.6000003815	49.2999992371	562.0	720.0	0.0	5.0	10783.7998047	3058.69995117	0.0	657.5	0.0	0.0	0.0	0.0	-2845496.0	-2845496.0	-2845496.0	-2845496.0	
1.0	2859.4987793	403272.09375	-133.600006104	6925.0	0.0	12.6000003815	49.2999992371	568.0	710.0	0.0	5.0	10865.7998047	2958.69995117	0.0	622.5	0.0	0.0	0.0	0.0	-3163990.0	-3163990.0	-3163990.0	-3163990.0	
1.0	2859.99951172	403267.09375	-133.600006104	6934.0	0.0	13.6000003815	39.2999992371	523.0	680.0	0.0	5.0	10758.7998047	2968.69995117	0.0	671.5	0.0	0.0	0.0	0.0	-2859357.0	-2859357.0	-2859357.0	-2859357.0	
1.0	2860.50048828	403289.09375	-129.600006104	6932.0	0.0	10.6000003815	49.2999992371	515.0	731.0	0.0	8.0	10392.7998047	3017.69995117	0.0	685.5	0.0	0.0	0.0	0.0	-2717928.0	-2717928.0	-2717928.0	-2717928.0	
1.0	2860.99926758	403337.09375	-129.600006104	6934.0	0.0	10.6000003815	47.2999992371	525.0	733.0	0.0	5.0	10740.7998047	2987.69995117	0.0	655.5	0.0	0.0	0.0	0.0	-3336616.0	-3336616.0	-3336616.0	-3336616.0	
1.0	2861.50073242	403074.09375	-127.599998474	6940.0	0.0	13.6000003815	46.2999992371	535.0	767.0	0.0	5.0	10933.7998047	3027.69995117	0.0	622.5	0.0	0.0	0.0	0.0	-2936979.0	-2936979.0	-2936979.0	-2936979.0	
1.0	2862.0	402911.09375	-124.599998474	6924.0	0.0	14.6000003815	47.2999992371	559.0	743.0	0.0	8.0	10975.7998047	3021.69995117	0.0	675.5	0.0	0.0	0.0	0.0	-3112398.0	-3112398.0	-3112398.0	-3112398.0	
1.0	2862.49926758	402742.09375	-128.600006104	6921.0	0.0	14.6000003815	48.2999992371	558.0	755.0	0.0	5.0	11167.7998047	3037.69995117	0.0	646.5	0.0	0.0	0.0	0.0	-2938538.0	-2938538.0	-2938538.0	-2938538.0	
1.0	2862.99902344	402751.09375	-126.599998474	6924.0	0.0	12.6000003815	49.2999992371	544.0	763.0	0.0	4.0	10869.7998047	3090.69995117	0.0	678.5	0.0	0.0	0.0	0.0	-2731498.0	-2731498.0	-2731498.0	-2731498.0	
1.0	2863.49902344	402540.09375	-127.599998474	6931.0	0.0	14.6000003815	45.2999992371	553.0	753.0	0.0	3.0	10945.7998047	2992.69995117	0.0	655.5	0.0	0.0	0.0	0.0	-2922572.0	-2922572.0	-2922572.0	-2922572.0	
1.0	2863.99926758	402533.09375	-125.599998474	6937.0	0.0	13.6000003815	46.2999992371	533.0	754.0	0.0	5.0	10945.7998047	3039.69995117	0.0	640.5	0.0	0.0	0.0	0.0	-3210192.0	-3210192.0	-3210192.0	-3210192.0	
1.0	2864.49975586	402422.09375	-122.599998474	6923.0	0.0	15.6000003815	44.2999992371	584.0	794.0	0.0	7.0	11040.7998047	3030.69995117	0.0	677.5	0.0	0.0	0.0	0.0	-3052123.0	-3052123.0	-3052123.0	-3052123.0	
1.0	2865.00048828	402201.09375	-127.599998474	6919.0	0.0	22.6000003815	29.2999992371	565.0	755.0	0.0	4.0	10712.7998047	3066.69995117	0.0	637.5	0.0	0.0	0.0	0.0	-2800330.0	-2800330.0	-2800330.0	-2800330.0	
1.0	2865.4987793	402238.09375	-126.599998474	6944.0	0.0	22.6000003815	27.2999992371	525.0	729.0	0.0	5.0	10748.7998047	3037.69995117	0.0	641.5	0.0	0.0	0.0	0.0	-2567574.0	-2567574.0	-2567574.0	-2567574.0	
1.0	2866.0	402201.09375	-126.599998474	6917.0	0.0	22.6000003815	38.2999992371	547.0	765.0	0.0	4.0	10849.7998047	2985.69995117	0.0	654.5	0.0	0.0	0.0	0.0	-2839739.0	-2839739.0	-2839739.0	-2839739.0	
1.0	2866.4987793	402333.09375	-123.599998474	6923.0	0.0	20.6000003815	52.2999992371	528.0	783.0	0.0	6.0	10825.7998047	3130.69995117	0.0	667.5	0.0	0.0	0.0	0.0	-3175273.0	-3175273.0	-3175273.0	-3175273.0	
1.0	2867.00048828	402158.09375	-130.600006104	6923.0	0.0	22.6000003815	54.2999992371	540.0	733.0	0.0	7.0	10749.7998047	3097.69995117	0.0	591.5	0.0	0.0	0.0	0.0	-2940908.0	-2940908.0	-2940908.0	-2940908.0	
1.0	2867.5	401943.09375	-127.599998474	6927.0	0.0	23.6000003815	52.2999992371	566.0	750.0	0.0	4.0	11120.7998047	3140.69995117	0.0	624.5	0.0	0.0	0.0	0.0	-2544553.0	-2544553.0	-2544553.0	-2544553.0	
1.0	2867.99951172	401833.09375	-128.600006104	6932.0	0.0	23.6000003815	48.2999992371	574.0	761.0	0.0	12.0	10909.7998047	3101.69995117	0.0	642.5	0.0	0.0	0.0	0.0	-3001788.0	-3001788.0	-3001788.0	-3001788.0	
1.0	2868.49951172	401630.09375	-129.600006104	6918.0	0.0	21.6000003815	41.2999992371	556.0	761.0	0.0	6.0	11003.7998047	3063.69995117	0.0	655.5	0.0	0.0	0.0	0.0	-3176134.0	-3176134.0	-3176134.0	-3176134.0	
1.0	2868.99951172	401802.09375	-129.600006104	6932.0	0.0	24.6000003815	38.2999992371	552.0	770.0	0.0	5.0	11199.7998047	3030.69995117	0.0	635.5	0.0	0.0	0.0	0.0	-2809661.0	-2809661.0	-2809661.0	-2809661.0	
1.0	2869.5	401776.09375	-122.599998474	6930.0	0.0	21.6000003815	44.2999992371	508.0	692.0	0.0	9.0	10919.7998047	3045.69995117	0.0	695.5	0.0	0.0	0.0	0.0	-3113082.0	-3113082.0	-3113082.0	-3113082.0	
1.0	2870.00048828	401583.09375	-127.599998474	6929.0	0.0	21.6000003815	41.2999992371	554.0	760.0	0.0	6.0	10949.7998047	3135.69995117	0.0	615.5	0.0	0.0	0.0	0.0	-3159377.0	-3159377.0	-3159377.0	-3159377.0	
1.0	2870.99975586	401427.09375	-126.599998474	6930.0	0.0	19.6000003815	42.2999992371	538.0	738.0	0.0	5.0	10874.7998047	3128.69995117	0.0	667.5	0.0	0.0	0.0	0.0	-3294127.0	-3294127.0	-3294127.0	-3294127.0	
1.0	2872.00024414	401183.09375	-127.599998474	6924.0	0.0	11.6000003815	35.2999992371	488.0	753.0	0.0	6.0	10865.7998047	3126.69995117	0.0	683.5	0.0	0.0	0.0	0.0	-2991148.0	-2991148.0	-2991148.0	-2991148.0	
1.0	2872.99902344	401129.09375	-127.599998474	6913.0	0.0	18.6000003815	41.2999992371	587.0	731.0	0.0	8.0	11169.7998047	3148.69995117	0.0	645.5	0.0	0.0	0.0	0.0	-3312016.0	-3312016.0	-3312016.0	-3312016.0	
1.0	2873.9987793	400892.09375	-128.600006104	6920.0	0.0	23.6000003815	44.2999992371	574.0	789.0	0.0	6.0	11256.7998047	3038.69995117	0.0	659.5	0.0	0.0	0.0	0.0	-2848663.0	-2848663.0	-2848663.0	-2848663.0	
1.0	2874.99951172	401023.09375	-129.600006104	6923.0	0.0	22.6000003815	43.2999992371	563.0	820.0	0.0	10.0	10923.7998047	3163.69995117	0.0	707.5	0.0	0.0	0.0	0.0	-3024297.0	-3024297.0	-3024297.0	-3024297.0	
1.0	2876.0012207	400952.09375	-128.600006104	6930.0	0.0	22.6000003815	44.2999992371	568.0	779.0	0.0	3.0	11218.7998047	3181.69995117	0.0	680.5	0.0	0.0	0.0	0.0	-2818858.0	-2818858.0	-2818858.0	-2818858.0	
1.0	2876.9987793	400529.09375	-128.600006104	6931.0	0.0	21.6000003815	43.2999992371	571.0	726.0	0.0	9.0	10902.7998047	3026.69995117	0.0	686.5	0.0	0.0	0.0	0.0	-2984863.0	-2984863.0	-2984863.0	-2984863.0	
1.0	2878.0	400655.09375	-129.600006104	6938.0	0.0	23.6000003815	45.2999992371	579.0	798.0	0.0	4.0	11124.7998047	3089.69995117	0.0	673.5	0.0	0.0	0.0	0.0	-2834878.0	-2834878.0	-2834878.0	-2834878.0	
1.0	2878.99951172	400507.09375	-140.600006104	6923.0	0.0	23.6000003815	44.2999992371	597.0	829.0	0.0	5.0	10893.7998047	3123.69995117	0.0	666.5	0.0	0.0	0.0	0.0	-3321725.0	-3321725.0	-3321725.0	-3321725.0	
1.0	2880.0	400139.09375	-128.600006104	6926.0	0.0	21.6000003815	59.2999992371	582.0	787.0	0.0	6.0	11028.7998047	3052.69995117	0.0	632.5	0.0	0.0	0.0	0.0	-2563245.0	-2563245.0	-2563245.0	-2563245.0	
1.0	2880.9987793	399936.09375	-125.599998474	6927.0	0.0	24.6000003815	57.2999992371	588.0	745.0	0.0	3.0	11234.7998047	3097.69995117	0.0	641.5	0.0	0.0	0.0	0.0	-3149608.0	-3149608.0	-3149608.0	-3149608.0	
1.0	2882.0012207	400124.09375	-126.599998474	6941.0	0.0	21.6000003815	58.2999992371	596.0	758.0	0.0	9.0	11307.7998047	3102.69995117	0.0	627.5	0.0	0.0	0.0	0.0	-2843049.0	-2843049.0	-2843049.0	-2843049.0	
1.0	2882.99951172	400089.09375	-128.600006104	6940.0	0.0	9.60000038147	58.2999992371	639.0	840.0	0.0	8.0	11289.7998047	3171.69995117	0.0	630.5	0.0	0.0	0.0	0.0	-3242198.0	-3242198.0	-3242198.0	-3242198.0	
1.0	2884.0012207	399940.09375	-123.599998474	6933.0	0.0	7.59999990463	59.2999992371	567.0	857.0	0.0	5.0	11143.7998047	3194.69995117	0.0	678.5	0.0	0.0	0.0	0.0	-3034101.0	-3034101.0	-3034101.0	-3034101.0	
1.0	2884.9987793	399723.09375	-125.599998474	6934.0	0.0	7.59999990463	57.2999992371	646.0	796.0	0.0	3.0	11560.7998047	3134.69995117	0.0	643.5	0.0	0.0	0.0	0.0	-2490498.0	-2490498.0	-2490498.0	-2490498.0	
1.0	2886.0	399495.09375	-124.599998474	6938.0	0.0	1.60000002384	55.2999992371	618.0	834.0	0.0	7.0	11233.7998047	3218.69995117	0.0	714.5	0.0	0.0	0.0	0.0	-2763238.0	-2763238.0	-2763238.0	-2763238.0	
1.0	2886.99951172	399451.09375	-130.600006104	6951.0	0.0	-1.39999997616	46.2999992371	581.0	831.0	0.0	6.0	11379.7998047	3142.69995117	0.0	672.5	0.0	0.0	0.0	0.0	-3221202.0	-3221202.0	-3221202.0	-3221202.0	
1.0	2890.0012207	399114.09375	-128.600006104	6944.0	0.0	-3.40000009537	43.2999992371	564.0	736.0	0.0	6.0	10850.7998047	3143.69995117	0.0	628.5	0.0	0.0	0.0	0.0	-3155669.0	-3155669.0	-3155669.0	-3155669.0	
1.0	2893.0012207	398718.09375	-128.600006104	6927.0	0.0	-3.40000009537	53.2999992371	554.0	738.0	0.0	5.0	11115.7998047	3058.69995117	0.0	680.5	0.0	0.0	0.0	0.0	-3018860.0	-3018860.0	-3018860.0	-3018860.0	
1.0	2895.99926758	398437.09375	-125.599998474	6939.0	0.0	-2.40000009537	57.2999992371	529.0	701.0	0.0	4.0	11187.7998047	3023.69995117	0.0	674.5	0.0	0.0	0.0	0.0	-2706361.0	-2706361.0	-2706361.0	-2706361.0	
1.0	2899.00097656	398118.09375	-123.599998474	6928.0	0.0	6.59999990463	57.2999992371	568.0	770.0	0.0	9.0	11105.7998047	3060.69995117	0.0	729.5	0.0	0.0	0.0	0.0	-3015395.0	-3015395.0	-3015395.0	-3015395.0	
1.0	2902.00073242	397694.09375	-127.599998474	6937.0	0.0	6.59999990463	56.2999992371	575.0	752.0	0.0	5.0	11179.7998047	3171.69995117	0.0	684.5	0.0	0.0	0.0	0.0	-2871004.0	-2871004.0	-2871004.0	-2871004.0	
1.0	2905.0012207	397577.09375	-126.599998474	6936.0	0.0	6.59999990463	54.2999992371	544.0	732.0	0.0	3.0	11295.7998047	3125.69995117	0.0	650.5	0.0	0.0	0.0	0.0	-2623267.0	-2623267.0	-2623267.0	-2623267.0	
