SSRL   MicroEXAFS Data Collector 2.0 
Wed Jul 03 15:54:56 2019
PTS:	205	COLS:	24
alexbox-4ch-xspress.det
RuL3_edge_cell.rgn
SSRL BEAMLINE
COMMENTS





S1VGAP: 0.800000	S1HGAP: 1.000000	TABLEHORZ: 5.000000	SAMPLEV: 41.503226	CALVERT: 4.100521	BPVRT: 46.657988	M1VERT: 6.971044	SAMPLEHOLD: 25.998010	S1HTRAN: 4.775000	

Weights:
 1.000	1.000	1.000	1.000	1.000	1.000	1.000	1.000	1.000	1.000	1.000	1.000	1.000	1.000	1.000	1.000	1.000	1.000	1.000	1.000	1.000	1.000	
Offsets:
 480.9	1036.6	3120.0	0.0	112.4	585.7	0.0	0.0	0.0	0.0	0.2	1.3	0.0	1.5	0.0	0.0	0.0	0.0	79708896.9	79708896.9	79708896.9	79708896.9	
Data:
Real Time Clock
Requested Energy
I0   
I1   
I2   
I3   
MPFB1   
MPFB2   
FF1   
FF2   
FF3   
FF4   
ICR1   
ICR2   
ICR3   
ICR4   
SCA2.1   
SCA2.2   
SCA2.3   
SCA2.4   
TIME1   
TIME2   
TIME3   
TIME4   

1.0	2810.00097656	413423.09375	-154.600006104	6967.0	0.0	18.6000003815	-1.70000004768	112.0	39.0	0.0	7.0	10625.7998047	1932.69995117	0.0	566.5	0.0	0.0	0.0	0.0	-2521952.0	-2521952.0	-2521952.0	-2521952.0	
1.0	2810.99975586	413336.09375	-134.600006104	6962.0	0.0	19.6000003815	1.29999995232	112.0	39.0	0.0	3.0	10349.7998047	1934.69995117	0.0	594.5	0.0	0.0	0.0	0.0	-3227581.0	-3227581.0	-3227581.0	-3227581.0	
1.0	2811.99951172	413128.09375	-138.600006104	6956.0	0.0	12.6000003815	9.30000019073	99.0	37.0	0.0	10.0	10420.7998047	1974.69995117	0.0	650.5	0.0	0.0	0.0	0.0	-2553970.0	-2553970.0	-2553970.0	-2553970.0	
1.0	2813.00024414	413291.09375	-137.600006104	6959.0	0.0	5.59999990463	18.2999992371	103.0	46.0	0.0	7.0	10271.7998047	2036.69995117	0.0	594.5	0.0	0.0	0.0	0.0	-2720383.0	-2720383.0	-2720383.0	-2720383.0	
1.0	2813.99951172	413003.09375	-132.600006104	6950.0	0.0	4.59999990463	20.2999992371	105.0	30.0	0.0	8.0	10409.7998047	2011.69995117	0.0	629.5	0.0	0.0	0.0	0.0	-3056066.0	-3056066.0	-3056066.0	-3056066.0	
1.0	2815.0	413120.09375	-135.600006104	6955.0	0.0	7.59999990463	20.2999992371	102.0	33.0	0.0	7.0	10708.7998047	1947.69995117	0.0	643.5	0.0	0.0	0.0	0.0	-2752473.0	-2752473.0	-2752473.0	-2752473.0	
1.0	2815.99902344	412851.09375	-134.600006104	6953.0	0.0	15.6000003815	2.29999995232	120.0	46.0	0.0	9.0	10356.7998047	2074.69995117	0.0	617.5	0.0	0.0	0.0	0.0	-3185512.0	-3185512.0	-3185512.0	-3185512.0	
1.0	2816.99902344	412467.09375	-134.600006104	6960.0	0.0	17.6000003815	-1.70000004768	110.0	40.0	0.0	5.0	10485.7998047	1998.69995117	0.0	645.5	0.0	0.0	0.0	0.0	-2798418.0	-2798418.0	-2798418.0	-2798418.0	
1.0	2818.0	412610.09375	-132.600006104	6951.0	0.0	15.6000003815	-1.70000004768	113.0	33.0	0.0	4.0	10461.7998047	1963.69995117	0.0	612.5	0.0	0.0	0.0	0.0	-2537671.0	-2537671.0	-2537671.0	-2537671.0	
1.0	2818.99975586	412723.09375	-133.600006104	6945.0	0.0	16.6000003815	1.29999995232	136.0	42.0	0.0	9.0	10800.7998047	1960.69995117	0.0	594.5	0.0	0.0	0.0	0.0	-2810285.0	-2810285.0	-2810285.0	-2810285.0	
1.0	2820.00048828	412439.09375	-135.600006104	6951.0	0.0	14.6000003815	24.2999992371	115.0	42.0	0.0	6.0	10460.7998047	1968.69995117	0.0	647.5	0.0	0.0	0.0	0.0	-3146750.0	-3146750.0	-3146750.0	-3146750.0	
1.0	2820.99975586	412140.09375	-134.600006104	6953.0	0.0	15.6000003815	31.2999992371	107.0	54.0	0.0	5.0	10317.7998047	2081.69995117	0.0	569.5	0.0	0.0	0.0	0.0	-2748867.0	-2748867.0	-2748867.0	-2748867.0	
1.0	2822.0	411937.09375	-133.600006104	6966.0	0.0	15.6000003815	32.2999992371	139.0	66.0	0.0	7.0	10544.7998047	2020.69995117	0.0	654.5	0.0	0.0	0.0	0.0	-3332358.0	-3332358.0	-3332358.0	-3332358.0	
1.0	2822.9987793	411780.09375	-133.600006104	6953.0	0.0	18.6000003815	30.2999992371	121.0	88.0	0.0	4.0	10687.7998047	2110.69995117	0.0	613.5	0.0	0.0	0.0	0.0	-3005753.0	-3005753.0	-3005753.0	-3005753.0	
1.0	2824.0012207	411731.09375	-138.600006104	6953.0	0.0	15.6000003815	32.2999992371	158.0	71.0	0.0	5.0	10376.7998047	2093.69995117	0.0	602.5	0.0	0.0	0.0	0.0	-2694609.0	-2694609.0	-2694609.0	-2694609.0	
1.0	2824.99951172	411184.09375	-136.600006104	6950.0	0.0	17.6000003815	34.2999992371	145.0	72.0	0.0	6.0	10613.7998047	2092.69995117	0.0	605.5	0.0	0.0	0.0	0.0	-3224503.0	-3224503.0	-3224503.0	-3224503.0	
1.0	2825.99902344	411269.09375	-135.600006104	6963.0	0.0	18.6000003815	31.2999992371	165.0	93.0	0.0	19.0	10561.7998047	2029.69995117	0.0	650.5	0.0	0.0	0.0	0.0	-3035243.0	-3035243.0	-3035243.0	-3035243.0	
1.0	2826.99951172	410743.09375	-136.600006104	6947.0	0.0	16.6000003815	33.2999992371	187.0	89.0	0.0	7.0	10359.7998047	2111.69995117	0.0	597.5	0.0	0.0	0.0	0.0	-2699425.0	-2699425.0	-2699425.0	-2699425.0	
1.0	2828.0012207	410878.09375	-132.600006104	6956.0	0.0	18.6000003815	29.2999992371	188.0	120.0	0.0	13.0	10707.7998047	2060.69995117	0.0	683.5	0.0	0.0	0.0	0.0	-3003343.0	-3003343.0	-3003343.0	-3003343.0	
1.0	2829.0012207	411041.09375	-133.600006104	6967.0	0.0	17.6000003815	21.2999992371	193.0	109.0	0.0	12.0	11043.7998047	2070.69995117	0.0	589.5	0.0	0.0	0.0	0.0	-2764725.0	-2764725.0	-2764725.0	-2764725.0	
1.0	2829.99975586	410723.09375	-134.600006104	6967.0	0.0	16.6000003815	31.2999992371	183.0	120.0	0.0	7.0	10643.7998047	2155.69995117	0.0	559.5	0.0	0.0	0.0	0.0	-2510225.0	-2510225.0	-2510225.0	-2510225.0	
1.0	2830.99951172	410774.09375	-133.600006104	6955.0	0.0	15.6000003815	32.2999992371	185.0	161.0	0.0	8.0	10503.7998047	2135.69995117	0.0	613.5	0.0	0.0	0.0	0.0	-2942829.0	-2942829.0	-2942829.0	-2942829.0	
1.0	2832.00024414	410842.09375	-135.600006104	6955.0	0.0	15.6000003815	31.2999992371	208.0	138.0	0.0	8.0	10745.7998047	2170.69995117	0.0	610.5	0.0	0.0	0.0	0.0	-2542625.0	-2542625.0	-2542625.0	-2542625.0	
1.0	2832.99926758	410555.09375	-132.600006104	6966.0	0.0	16.6000003815	27.2999992371	286.0	206.0	0.0	3.0	10804.7998047	2204.69995117	0.0	610.5	0.0	0.0	0.0	0.0	-3007335.0	-3007335.0	-3007335.0	-3007335.0	
1.0	2833.99951172	410657.09375	-136.600006104	6962.0	0.0	13.6000003815	11.3000001907	274.0	239.0	0.0	8.0	10749.7998047	2282.69995117	0.0	649.5	0.0	0.0	0.0	0.0	-2785627.0	-2785627.0	-2785627.0	-2785627.0	
1.0	2835.00073242	410636.09375	-135.600006104	6965.0	0.0	16.6000003815	10.3000001907	332.0	294.0	0.0	7.0	10615.7998047	2330.69995117	0.0	615.5	0.0	0.0	0.0	0.0	-3282671.0	-3282671.0	-3282671.0	-3282671.0	
1.0	2836.00073242	410775.09375	-146.600006104	6969.0	0.0	17.6000003815	24.2999992371	427.0	382.0	0.0	13.0	10958.7998047	2460.69995117	0.0	678.5	0.0	0.0	0.0	0.0	-2644362.0	-2644362.0	-2644362.0	-2644362.0	
1.0	2836.40039062	410599.09375	-134.600006104	6959.0	0.0	13.6000003815	26.2999992371	475.0	446.0	0.0	1.0	11163.7998047	2490.69995117	0.0	613.5	0.0	0.0	0.0	0.0	-2836762.0	-2836762.0	-2836762.0	-2836762.0	
1.0	2836.55053711	410340.09375	-133.600006104	6965.0	0.0	15.6000003815	27.2999992371	470.0	398.0	0.0	8.0	10894.7998047	2424.69995117	0.0	644.5	0.0	0.0	0.0	0.0	-2993976.0	-2993976.0	-2993976.0	-2993976.0	
1.0	2836.70092773	410304.09375	-134.600006104	6951.0	0.0	13.6000003815	28.2999992371	545.0	478.0	0.0	5.0	10917.7998047	2593.69995117	0.0	563.5	0.0	0.0	0.0	0.0	-3242782.0	-3242782.0	-3242782.0	-3242782.0	
1.0	2836.85107422	410049.09375	-134.600006104	6967.0	0.0	-4.40000009537	21.2999992371	553.0	503.0	0.0	13.0	11361.7998047	2531.69995117	0.0	668.5	0.0	0.0	0.0	0.0	-2873159.0	-2873159.0	-2873159.0	-2873159.0	
1.0	2836.9987793	410270.09375	-132.600006104	6945.0	0.0	0.600000023842	19.2999992371	644.0	519.0	0.0	5.0	11352.7998047	2537.69995117	0.0	566.5	0.0	0.0	0.0	0.0	-3309646.0	-3309646.0	-3309646.0	-3309646.0	
1.0	2837.14916992	410341.09375	-135.600006104	6957.0	0.0	-4.40000009537	18.2999992371	676.0	527.0	0.0	4.0	11322.7998047	2472.69995117	0.0	581.5	0.0	0.0	0.0	0.0	-2913923.0	-2913923.0	-2913923.0	-2913923.0	
1.0	2837.29956055	410193.09375	-133.600006104	6958.0	0.0	-1.39999997616	18.2999992371	669.0	609.0	0.0	9.0	11115.7998047	2693.69995117	0.0	694.5	0.0	0.0	0.0	0.0	-3174461.0	-3174461.0	-3174461.0	-3174461.0	
1.0	2837.44995117	409848.09375	-135.600006104	6964.0	0.0	-3.40000009537	18.2999992371	671.0	641.0	0.0	7.0	11058.7998047	2811.69995117	0.0	615.5	0.0	0.0	0.0	0.0	-2917075.0	-2917075.0	-2917075.0	-2917075.0	
1.0	2837.6003418	410031.09375	-130.600006104	6963.0	0.0	-1.39999997616	17.2999992371	743.0	696.0	0.0	8.0	11121.7998047	2816.69995117	0.0	633.5	0.0	0.0	0.0	0.0	-3048627.0	-3048627.0	-3048627.0	-3048627.0	
1.0	2837.75073242	409740.09375	-132.600006104	6951.0	0.0	-2.40000009537	20.2999992371	814.0	765.0	0.0	10.0	11313.7998047	2889.69995117	0.0	674.5	0.0	0.0	0.0	0.0	-2662725.0	-2662725.0	-2662725.0	-2662725.0	
1.0	2837.90136719	409812.09375	-130.600006104	6957.0	0.0	-2.40000009537	18.2999992371	853.0	836.0	0.0	5.0	11341.7998047	2927.69995117	0.0	622.5	0.0	0.0	0.0	0.0	-3003163.0	-3003163.0	-3003163.0	-3003163.0	
1.0	2838.04907227	409635.09375	-132.600006104	6946.0	0.0	-4.40000009537	14.3000001907	912.0	871.0	0.0	10.0	11411.7998047	3115.69995117	0.0	648.5	0.0	0.0	0.0	0.0	-2656207.0	-2656207.0	-2656207.0	-2656207.0	
1.0	2838.19970703	409617.09375	-131.600006104	6966.0	0.0	-4.40000009537	14.3000001907	985.0	926.0	0.0	5.0	11492.7998047	2993.69995117	0.0	620.5	0.0	0.0	0.0	0.0	-3271442.0	-3271442.0	-3271442.0	-3271442.0	
1.0	2838.35009766	409822.09375	-130.600006104	6966.0	0.0	-4.40000009537	11.3000001907	1170.0	1103.0	0.0	8.0	11642.7998047	3228.69995117	0.0	629.5	0.0	0.0	0.0	0.0	-3046448.0	-3046448.0	-3046448.0	-3046448.0	
1.0	2838.50073242	409741.09375	-133.600006104	6944.0	0.0	-16.3999996185	9.30000019073	1250.0	1178.0	0.0	8.0	11674.7998047	3331.69995117	0.0	593.5	0.0	0.0	0.0	0.0	-2756507.0	-2756507.0	-2756507.0	-2756507.0	
1.0	2838.64868164	409771.09375	-135.600006104	6956.0	0.0	-8.39999961853	-3.70000004768	1385.0	1298.0	0.0	4.0	11997.7998047	3424.69995117	0.0	574.5	0.0	0.0	0.0	0.0	-3001004.0	-3001004.0	-3001004.0	-3001004.0	
1.0	2838.79931641	409450.09375	-152.600006104	6952.0	0.0	-6.40000009537	-6.69999980927	1405.0	1517.0	0.0	5.0	11301.7998047	3706.69995117	0.0	637.5	0.0	0.0	0.0	0.0	-3341367.0	-3341367.0	-3341367.0	-3341367.0	
1.0	2838.94995117	409331.09375	-133.600006104	6950.0	0.0	-9.39999961853	-3.70000004768	1674.0	1642.0	0.0	7.0	12034.7998047	3890.69995117	0.0	623.5	0.0	0.0	0.0	0.0	-2874686.0	-2874686.0	-2874686.0	-2874686.0	
1.0	2839.10058594	409415.09375	-134.600006104	6951.0	0.0	-19.3999996185	6.30000019073	1819.0	1856.0	0.0	5.0	12071.7998047	4113.70019531	0.0	641.5	0.0	0.0	0.0	0.0	-3264440.0	-3264440.0	-3264440.0	-3264440.0	
1.0	2839.2487793	409305.09375	-130.600006104	6952.0	0.0	-22.3999996185	5.30000019073	2180.0	2100.0	0.0	6.0	12517.7998047	4438.70019531	0.0	625.5	0.0	0.0	0.0	0.0	-2813078.0	-2813078.0	-2813078.0	-2813078.0	
1.0	2839.39941406	409521.09375	-137.600006104	6952.0	0.0	-23.3999996185	7.30000019073	2318.0	2490.0	0.0	8.0	12642.7998047	4876.70019531	0.0	684.5	0.0	0.0	0.0	0.0	-2724936.0	-2724936.0	-2724936.0	-2724936.0	
1.0	2839.55004883	409354.09375	-133.600006104	6958.0	0.0	-21.3999996185	7.30000019073	2581.0	2705.0	0.0	7.0	12931.7998047	5108.70019531	0.0	667.5	0.0	0.0	0.0	0.0	-2889873.0	-2889873.0	-2889873.0	-2889873.0	
1.0	2839.70092773	409318.09375	-136.600006104	6958.0	0.0	-21.3999996185	8.30000019073	3029.0	3097.0	0.0	6.0	13217.7998047	5530.70019531	0.0	641.5	0.0	0.0	0.0	0.0	-3286748.0	-3286748.0	-3286748.0	-3286748.0	
1.0	2839.84912109	409258.09375	-132.600006104	6954.0	0.0	-20.3999996185	9.30000019073	3480.0	3669.0	0.0	11.0	13833.7998047	6245.70019531	0.0	637.5	0.0	0.0	0.0	0.0	-2940357.0	-2940357.0	-2940357.0	-2940357.0	
1.0	2840.0	409471.09375	-133.600006104	6960.0	0.0	-18.3999996185	9.30000019073	3918.0	3956.0	0.0	4.0	14113.7998047	6670.70019531	0.0	651.5	0.0	0.0	0.0	0.0	-3280709.0	-3280709.0	-3280709.0	-3280709.0	
1.0	2840.15063477	409206.09375	-132.600006104	6950.0	0.0	-20.3999996185	17.2999992371	4313.0	4771.0	0.0	8.0	14418.7998047	7531.70019531	0.0	644.5	0.0	0.0	0.0	0.0	-2893982.0	-2893982.0	-2893982.0	-2893982.0	
1.0	2840.29907227	409172.09375	-130.600006104	6959.0	0.0	-5.40000009537	21.2999992371	5043.0	5268.0	0.0	5.0	15452.7998047	8169.70019531	0.0	624.5	0.0	0.0	0.0	0.0	-2770309.0	-2770309.0	-2770309.0	-2770309.0	
1.0	2840.44970703	408997.09375	-131.600006104	6957.0	0.0	0.600000023842	17.2999992371	5685.0	5888.0	0.0	7.0	16446.8007812	8792.70019531	0.0	662.5	0.0	0.0	0.0	0.0	-2878491.0	-2878491.0	-2878491.0	-2878491.0	
1.0	2840.60058594	409181.09375	-132.600006104	6966.0	0.0	-10.3999996185	19.2999992371	6313.0	6578.0	0.0	7.0	17584.8007812	9683.70019531	0.0	639.5	0.0	0.0	0.0	0.0	-3299553.0	-3299553.0	-3299553.0	-3299553.0	
1.0	2840.74902344	408886.09375	-134.600006104	6962.0	0.0	-19.3999996185	4.30000019073	6642.0	7140.0	0.0	5.0	17784.8007812	10472.7001953	0.0	646.5	0.0	0.0	0.0	0.0	-3080690.0	-3080690.0	-3080690.0	-3080690.0	
1.0	2840.89990234	409811.09375	-133.600006104	6946.0	0.0	-18.3999996185	4.30000019073	6721.0	7673.0	0.0	3.0	17249.8007812	11010.7001953	0.0	612.5	0.0	0.0	0.0	0.0	-3010472.0	-3010472.0	-3010472.0	-3010472.0	
1.0	2841.05102539	411063.09375	-132.600006104	6948.0	0.0	-16.3999996185	8.30000019073	6976.0	7787.0	0.0	3.0	17943.8007812	11089.7001953	0.0	590.5	0.0	0.0	0.0	0.0	-3109284.0	-3109284.0	-3109284.0	-3109284.0	
1.0	2841.19921875	412230.09375	-130.600006104	6963.0	0.0	-13.3999996185	22.2999992371	6642.0	7912.0	0.0	5.0	17161.8007812	11327.7001953	0.0	658.5	0.0	0.0	0.0	0.0	-2939417.0	-2939417.0	-2939417.0	-2939417.0	
1.0	2841.3503418	413520.09375	-132.600006104	6960.0	0.0	-10.3999996185	11.3000001907	6729.0	7681.0	0.0	3.0	17460.8007812	11139.7001953	0.0	670.5	0.0	0.0	0.0	0.0	-2766253.0	-2766253.0	-2766253.0	-2766253.0	
1.0	2841.4987793	413746.09375	-135.600006104	6960.0	0.0	-0.40000000596	4.30000019073	6790.0	7252.0	0.0	7.0	17733.8007812	10562.7001953	0.0	707.5	0.0	0.0	0.0	0.0	-2617531.0	-2617531.0	-2617531.0	-2617531.0	
1.0	2841.64990234	413855.09375	-132.600006104	6957.0	0.0	-12.3999996185	4.30000019073	6476.0	6773.0	0.0	11.0	17589.8007812	9944.70019531	0.0	652.5	0.0	0.0	0.0	0.0	-3104267.0	-3104267.0	-3104267.0	-3104267.0	
1.0	2841.80078125	413905.09375	-134.600006104	6953.0	0.0	-15.3999996185	3.29999995232	5921.0	6207.0	0.0	2.0	16953.8007812	9345.70019531	0.0	640.5	0.0	0.0	0.0	0.0	-3252296.0	-3252296.0	-3252296.0	-3252296.0	
1.0	2841.94946289	413832.09375	-131.600006104	6961.0	0.0	-11.3999996185	15.3000001907	5540.0	5639.0	0.0	7.0	16566.8007812	8585.70019531	0.0	705.5	0.0	0.0	0.0	0.0	-2736571.0	-2736571.0	-2736571.0	-2736571.0	
1.0	2842.10058594	413576.09375	-130.600006104	6961.0	0.0	-11.3999996185	23.2999992371	4876.0	5070.0	0.0	6.0	15808.7998047	7885.70019531	0.0	638.5	0.0	0.0	0.0	0.0	-3126203.0	-3126203.0	-3126203.0	-3126203.0	
1.0	2842.24902344	413920.09375	-131.600006104	6968.0	0.0	-10.3999996185	24.2999992371	4389.0	4521.0	0.0	4.0	15091.7998047	7258.70019531	0.0	660.5	0.0	0.0	0.0	0.0	-3579049.0	-3579049.0	-3579049.0	-3579049.0	
1.0	2842.40014648	413511.09375	-131.600006104	6957.0	0.0	-13.3999996185	26.2999992371	3967.0	4219.0	0.0	5.0	14754.7998047	6906.70019531	0.0	553.5	0.0	0.0	0.0	0.0	-2628992.0	-2628992.0	-2628992.0	-2628992.0	
1.0	2842.54882812	413768.09375	-130.600006104	6958.0	0.0	-12.3999996185	26.2999992371	3592.0	3854.0	0.0	7.0	14035.7998047	6494.70019531	0.0	625.5	0.0	0.0	0.0	0.0	-2986596.0	-2986596.0	-2986596.0	-2986596.0	
1.0	2842.69995117	413588.09375	-131.600006104	6965.0	0.0	-13.3999996185	26.2999992371	3365.0	3443.0	0.0	5.0	13901.7998047	5963.70019531	0.0	679.5	0.0	0.0	0.0	0.0	-3247773.0	-3247773.0	-3247773.0	-3247773.0	
1.0	2842.84863281	413376.09375	-131.600006104	6952.0	0.0	-0.40000000596	27.2999992371	2957.0	3242.0	0.0	7.0	13470.7998047	5760.70019531	0.0	650.5	0.0	0.0	0.0	0.0	-2536433.0	-2536433.0	-2536433.0	-2536433.0	
1.0	2843.0	413560.09375	-133.600006104	6956.0	0.0	2.59999990463	26.2999992371	2795.0	2986.0	0.0	6.0	13376.7998047	5581.70019531	0.0	657.5	0.0	0.0	0.0	0.0	-2884599.0	-2884599.0	-2884599.0	-2884599.0	
1.0	2843.15136719	413518.09375	-130.600006104	6948.0	0.0	0.600000023842	26.2999992371	2726.0	2814.0	0.0	7.0	13013.7998047	5300.70019531	0.0	655.5	0.0	0.0	0.0	0.0	-2860952.0	-2860952.0	-2860952.0	-2860952.0	
1.0	2843.30004883	413341.09375	-132.600006104	6958.0	0.0	-0.40000000596	28.2999992371	2638.0	2677.0	0.0	4.0	12815.7998047	5124.70019531	0.0	643.5	0.0	0.0	0.0	0.0	-3338272.0	-3338272.0	-3338272.0	-3338272.0	
1.0	2843.44873047	413395.09375	-133.600006104	6946.0	0.0	8.60000038147	28.2999992371	2415.0	2597.0	0.0	7.0	12953.7998047	5044.70019531	0.0	629.5	0.0	0.0	0.0	0.0	-2782838.0	-2782838.0	-2782838.0	-2782838.0	
1.0	2843.60009766	413301.09375	-131.600006104	6947.0	0.0	8.60000038147	33.2999992371	2386.0	2491.0	0.0	5.0	12574.7998047	4945.70019531	0.0	641.5	0.0	0.0	0.0	0.0	-4066907.0	-4066907.0	-4066907.0	-4066907.0	
1.0	2843.74902344	413115.09375	-132.600006104	6954.0	0.0	10.6000003815	31.2999992371	2424.0	2434.0	0.0	9.0	13045.7998047	4851.70019531	0.0	653.5	0.0	0.0	0.0	0.0	-2506398.0	-2506398.0	-2506398.0	-2506398.0	
1.0	2843.90039062	413256.09375	-132.600006104	6956.0	0.0	6.59999990463	34.2999992371	2371.0	2381.0	0.0	10.0	12827.7998047	4744.70019531	0.0	604.5	0.0	0.0	0.0	0.0	-2832749.0	-2832749.0	-2832749.0	-2832749.0	
1.0	2844.04907227	413061.09375	-132.600006104	6955.0	0.0	2.59999990463	36.2999992371	2120.0	2273.0	0.0	5.0	12509.7998047	4659.70019531	0.0	583.5	0.0	0.0	0.0	0.0	-2550921.0	-2550921.0	-2550921.0	-2550921.0	
1.0	2844.20068359	413445.09375	-130.600006104	6961.0	0.0	0.600000023842	37.2999992371	2158.0	2276.0	0.0	6.0	12646.7998047	4525.70019531	0.0	603.5	0.0	0.0	0.0	0.0	-2931703.0	-2931703.0	-2931703.0	-2931703.0	
1.0	2844.34936523	413083.09375	-130.600006104	6955.0	0.0	-0.40000000596	37.2999992371	2054.0	2138.0	0.0	8.0	12413.7998047	4572.70019531	0.0	679.5	0.0	0.0	0.0	0.0	-2616254.0	-2616254.0	-2616254.0	-2616254.0	
1.0	2844.50097656	412946.09375	-130.600006104	6954.0	0.0	-0.40000000596	37.2999992371	2053.0	2066.0	0.0	9.0	12325.7998047	4414.70019531	0.0	640.5	0.0	0.0	0.0	0.0	-3805872.0	-3805872.0	-3805872.0	-3805872.0	
1.0	2844.64990234	412822.09375	-130.600006104	6959.0	0.0	-2.40000009537	37.2999992371	1962.0	1986.0	0.0	4.0	12715.7998047	4310.70019531	0.0	621.5	0.0	0.0	0.0	0.0	-3207626.0	-3207626.0	-3207626.0	-3207626.0	
1.0	2844.79882812	412938.09375	-132.600006104	6952.0	0.0	-7.40000009537	38.2999992371	1893.0	1920.0	0.0	8.0	12543.7998047	4244.70019531	0.0	625.5	0.0	0.0	0.0	0.0	-2749684.0	-2749684.0	-2749684.0	-2749684.0	
1.0	2844.95043945	412894.09375	-131.600006104	6955.0	0.0	-5.40000009537	38.2999992371	1873.0	1839.0	0.0	9.0	12365.7998047	4160.70019531	0.0	616.5	0.0	0.0	0.0	0.0	-3251019.0	-3251019.0	-3251019.0	-3251019.0	
1.0	2845.09936523	412807.09375	-132.600006104	6957.0	0.0	-6.40000009537	38.2999992371	1754.0	1767.0	0.0	10.0	12322.7998047	4092.69995117	0.0	652.5	0.0	0.0	0.0	0.0	-2735361.0	-2735361.0	-2735361.0	-2735361.0	
1.0	2845.25097656	412705.09375	-132.600006104	6958.0	0.0	-4.40000009537	38.2999992371	1716.0	1615.0	0.0	8.0	12559.7998047	3822.69995117	0.0	680.5	0.0	0.0	0.0	0.0	-2501539.0	-2501539.0	-2501539.0	-2501539.0	
1.0	2845.40014648	412804.09375	-134.600006104	6944.0	0.0	-5.40000009537	40.2999992371	1589.0	1586.0	0.0	11.0	12035.7998047	3824.69995117	0.0	669.5	0.0	0.0	0.0	0.0	-3495520.0	-3495520.0	-3495520.0	-3495520.0	
1.0	2845.54907227	412491.09375	-134.600006104	6961.0	0.0	-6.40000009537	37.2999992371	1519.0	1561.0	0.0	11.0	12016.7998047	3794.69995117	0.0	602.5	0.0	0.0	0.0	0.0	-3244276.0	-3244276.0	-3244276.0	-3244276.0	
1.0	2845.70092773	412676.09375	-133.600006104	6949.0	0.0	-2.40000009537	41.2999992371	1458.0	1417.0	0.0	4.0	11977.7998047	3714.69995117	0.0	606.5	0.0	0.0	0.0	0.0	-3256304.0	-3256304.0	-3256304.0	-3256304.0	
1.0	2845.85009766	412479.09375	-131.600006104	6942.0	0.0	-5.40000009537	42.2999992371	1496.0	1383.0	0.0	7.0	12072.7998047	3634.69995117	0.0	630.5	0.0	0.0	0.0	0.0	-3372421.0	-3372421.0	-3372421.0	-3372421.0	
1.0	2845.99902344	412617.09375	-133.600006104	6947.0	0.0	-4.40000009537	37.2999992371	1454.0	1359.0	0.0	6.0	12192.7998047	3539.69995117	0.0	652.5	0.0	0.0	0.0	0.0	-3112195.0	-3112195.0	-3112195.0	-3112195.0	
1.0	2846.15087891	412501.09375	-132.600006104	6949.0	0.0	-6.40000009537	40.2999992371	1303.0	1341.0	0.0	11.0	11998.7998047	3543.69995117	0.0	661.5	0.0	0.0	0.0	0.0	-3276323.0	-3276323.0	-3276323.0	-3276323.0	
1.0	2846.30004883	412522.09375	-130.600006104	6958.0	0.0	-7.40000009537	43.2999992371	1237.0	1304.0	0.0	9.0	11655.7998047	3436.69995117	0.0	635.5	0.0	0.0	0.0	0.0	-3730012.0	-3730012.0	-3730012.0	-3730012.0	
1.0	2846.44921875	412205.09375	-133.600006104	6961.0	0.0	-0.40000000596	47.2999992371	1257.0	1292.0	0.0	4.0	11769.7998047	3593.69995117	0.0	652.5	0.0	0.0	0.0	0.0	-3004674.0	-3004674.0	-3004674.0	-3004674.0	
1.0	2846.60107422	412316.09375	-119.599998474	6954.0	0.0	-6.40000009537	40.2999992371	1262.0	1251.0	0.0	10.0	11615.7998047	3438.69995117	0.0	678.5	0.0	0.0	0.0	0.0	-3280677.0	-3280677.0	-3280677.0	-3280677.0	
1.0	2846.75024414	412340.09375	-119.599998474	6944.0	0.0	-5.40000009537	39.2999992371	1177.0	1191.0	0.0	5.0	11649.7998047	3418.69995117	0.0	617.5	0.0	0.0	0.0	0.0	-3427683.0	-3427683.0	-3427683.0	-3427683.0	
1.0	2846.8996582	412244.09375	-118.599998474	6948.0	0.0	-2.40000009537	43.2999992371	1248.0	1139.0	0.0	5.0	11857.7998047	3321.69995117	0.0	615.5	0.0	0.0	0.0	0.0	-3249934.0	-3249934.0	-3249934.0	-3249934.0	
1.0	2847.04907227	411997.09375	-119.599998474	6960.0	0.0	-3.40000009537	42.2999992371	1216.0	1143.0	0.0	1.0	11764.7998047	3353.69995117	0.0	648.5	0.0	0.0	0.0	0.0	-3219890.0	-3219890.0	-3219890.0	-3219890.0	
1.0	2847.20092773	411876.09375	-120.599998474	6951.0	0.0	-6.40000009537	42.2999992371	1034.0	1173.0	0.0	8.0	11415.7998047	3323.69995117	0.0	646.5	0.0	0.0	0.0	0.0	-3319898.0	-3319898.0	-3319898.0	-3319898.0	
1.0	2847.3503418	412317.09375	-116.599998474	6950.0	0.0	-3.40000009537	43.2999992371	1207.0	1114.0	0.0	3.0	11688.7998047	3349.69995117	0.0	652.5	0.0	0.0	0.0	0.0	-3353706.0	-3353706.0	-3353706.0	-3353706.0	
1.0	2847.49951172	412043.09375	-118.599998474	6956.0	0.0	-3.40000009537	42.2999992371	1131.0	1082.0	0.0	6.0	11555.7998047	3264.69995117	0.0	601.5	0.0	0.0	0.0	0.0	-2967736.0	-2967736.0	-2967736.0	-2967736.0	
1.0	2847.64892578	412178.09375	-120.599998474	6951.0	0.0	-2.40000009537	35.2999992371	1130.0	1123.0	0.0	8.0	11497.7998047	3300.69995117	0.0	674.5	0.0	0.0	0.0	0.0	-3726811.0	-3726811.0	-3726811.0	-3726811.0	
1.0	2847.80102539	412111.09375	-119.599998474	6946.0	0.0	-4.40000009537	33.2999992371	1169.0	1093.0	0.0	5.0	11932.7998047	3299.69995117	0.0	689.5	0.0	0.0	0.0	0.0	-3275969.0	-3275969.0	-3275969.0	-3275969.0	
1.0	2847.95043945	411817.09375	-118.599998474	6959.0	0.0	-5.40000009537	35.2999992371	1175.0	1148.0	0.0	9.0	11986.7998047	3425.69995117	0.0	634.5	0.0	0.0	0.0	0.0	-2672366.0	-2672366.0	-2672366.0	-2672366.0	
1.0	2848.09985352	412144.09375	-120.599998474	6948.0	0.0	-5.40000009537	30.2999992371	1119.0	1051.0	0.0	11.0	11765.7998047	3288.69995117	0.0	636.5	0.0	0.0	0.0	0.0	-2883181.0	-2883181.0	-2883181.0	-2883181.0	
1.0	2848.24951172	411867.09375	-118.599998474	6954.0	0.0	-4.40000009537	21.2999992371	1136.0	1120.0	0.0	10.0	11619.7998047	3324.69995117	0.0	673.5	0.0	0.0	0.0	0.0	-3263780.0	-3263780.0	-3263780.0	-3263780.0	
1.0	2848.39892578	411854.09375	-120.599998474	6947.0	0.0	-4.40000009537	29.2999992371	1128.0	1115.0	0.0	5.0	11495.7998047	3429.69995117	0.0	655.5	0.0	0.0	0.0	0.0	-3058131.0	-3058131.0	-3058131.0	-3058131.0	
1.0	2848.55102539	411762.09375	-121.599998474	6953.0	0.0	-11.3999996185	31.2999992371	1147.0	1122.0	0.0	5.0	11572.7998047	3410.69995117	0.0	634.5	0.0	0.0	0.0	0.0	-3316401.0	-3316401.0	-3316401.0	-3316401.0	
1.0	2848.70068359	411589.09375	-122.599998474	6966.0	0.0	-10.3999996185	29.2999992371	1119.0	1217.0	0.0	6.0	11837.7998047	3395.69995117	0.0	631.5	0.0	0.0	0.0	0.0	-2928856.0	-2928856.0	-2928856.0	-2928856.0	
1.0	2848.85009766	411632.09375	-122.599998474	6962.0	0.0	-13.3999996185	32.2999992371	1237.0	1193.0	0.0	3.0	11971.7998047	3475.69995117	0.0	675.5	0.0	0.0	0.0	0.0	-3090288.0	-3090288.0	-3090288.0	-3090288.0	
1.0	2848.99975586	411546.09375	-129.600006104	6952.0	0.0	-15.3999996185	30.2999992371	1191.0	1173.0	0.0	8.0	11603.7998047	3387.69995117	0.0	568.5	0.0	0.0	0.0	0.0	-3193633.0	-3193633.0	-3193633.0	-3193633.0	
1.0	2849.14941406	411451.09375	-130.600006104	6947.0	0.0	-10.3999996185	30.2999992371	1237.0	1206.0	0.0	3.0	11878.7998047	3506.69995117	0.0	648.5	0.0	0.0	0.0	0.0	-2789258.0	-2789258.0	-2789258.0	-2789258.0	
1.0	2849.29907227	411633.09375	-127.599998474	6942.0	0.0	-12.3999996185	30.2999992371	1187.0	1221.0	0.0	8.0	11583.7998047	3516.69995117	0.0	594.5	0.0	0.0	0.0	0.0	-3308776.0	-3308776.0	-3308776.0	-3308776.0	
1.0	2849.44873047	411652.09375	-128.600006104	6950.0	0.0	-14.3999996185	30.2999992371	1308.0	1244.0	0.0	10.0	11904.7998047	3439.69995117	0.0	643.5	0.0	0.0	0.0	0.0	-3116803.0	-3116803.0	-3116803.0	-3116803.0	
1.0	2849.60107422	411371.09375	-126.599998474	6948.0	0.0	-15.3999996185	35.2999992371	1258.0	1283.0	0.0	6.0	11953.7998047	3626.69995117	0.0	694.5	0.0	0.0	0.0	0.0	-2631847.0	-2631847.0	-2631847.0	-2631847.0	
1.0	2849.75073242	411128.09375	-132.600006104	6958.0	0.0	-14.3999996185	35.2999992371	1289.0	1244.0	0.0	9.0	11703.7998047	3491.69995117	0.0	620.5	0.0	0.0	0.0	0.0	-3068332.0	-3068332.0	-3068332.0	-3068332.0	
1.0	2849.90063477	411520.09375	-141.600006104	6950.0	0.0	-17.3999996185	37.2999992371	1255.0	1299.0	0.0	6.0	11668.7998047	3484.69995117	0.0	681.5	0.0	0.0	0.0	0.0	-3264513.0	-3264513.0	-3264513.0	-3264513.0	
1.0	2850.05029297	411313.09375	-141.600006104	6953.0	0.0	-14.3999996185	32.2999992371	1363.0	1299.0	0.0	10.0	12194.7998047	3566.69995117	0.0	653.5	0.0	0.0	0.0	0.0	-3038362.0	-3038362.0	-3038362.0	-3038362.0	
1.0	2850.20019531	411279.09375	-138.600006104	6950.0	0.0	-15.3999996185	27.2999992371	1386.0	1361.0	0.0	6.0	12307.7998047	3637.69995117	0.0	669.5	0.0	0.0	0.0	0.0	-2483452.0	-2483452.0	-2483452.0	-2483452.0	
1.0	2850.34985352	411346.09375	-137.600006104	6942.0	0.0	-14.3999996185	32.2999992371	1305.0	1398.0	0.0	5.0	11838.7998047	3596.69995117	0.0	656.5	0.0	0.0	0.0	0.0	-2799597.0	-2799597.0	-2799597.0	-2799597.0	
1.0	2850.49975586	411039.09375	-141.600006104	6952.0	0.0	-16.3999996185	30.2999992371	1369.0	1327.0	0.0	8.0	12189.7998047	3461.69995117	0.0	652.5	0.0	0.0	0.0	0.0	-2902544.0	-2902544.0	-2902544.0	-2902544.0	
1.0	2850.6496582	411267.09375	-139.600006104	6953.0	0.0	-7.40000009537	28.2999992371	1376.0	1376.0	0.0	7.0	11946.7998047	3693.69995117	0.0	684.5	0.0	0.0	0.0	0.0	-3002429.0	-3002429.0	-3002429.0	-3002429.0	
1.0	2850.79956055	411054.09375	-141.600006104	6948.0	0.0	-5.40000009537	30.2999992371	1380.0	1341.0	0.0	6.0	11909.7998047	3661.69995117	0.0	620.5	0.0	0.0	0.0	0.0	-2631876.0	-2631876.0	-2631876.0	-2631876.0	
1.0	2850.94946289	410918.09375	-143.600006104	6947.0	0.0	-4.40000009537	31.2999992371	1385.0	1262.0	0.0	7.0	12310.7998047	3539.69995117	0.0	643.5	0.0	0.0	0.0	0.0	-2715993.0	-2715993.0	-2715993.0	-2715993.0	
1.0	2851.09936523	410766.09375	-141.600006104	6948.0	0.0	-4.40000009537	28.2999992371	1364.0	1307.0	0.0	7.0	12069.7998047	3596.69995117	0.0	576.5	0.0	0.0	0.0	0.0	-3088319.0	-3088319.0	-3088319.0	-3088319.0	
1.0	2851.24926758	410833.09375	-139.600006104	6949.0	0.0	-6.40000009537	31.2999992371	1347.0	1330.0	0.0	5.0	12119.7998047	3627.69995117	0.0	666.5	0.0	0.0	0.0	0.0	-3023310.0	-3023310.0	-3023310.0	-3023310.0	
1.0	2851.39941406	410825.09375	-142.600006104	6954.0	0.0	-5.40000009537	30.2999992371	1303.0	1303.0	0.0	6.0	11756.7998047	3479.69995117	0.0	654.5	0.0	0.0	0.0	0.0	-3171493.0	-3171493.0	-3171493.0	-3171493.0	
1.0	2851.54931641	410708.09375	-143.600006104	6934.0	0.0	-5.40000009537	33.2999992371	1320.0	1341.0	0.0	4.0	12079.7998047	3600.69995117	0.0	600.5	0.0	0.0	0.0	0.0	-3016687.0	-3016687.0	-3016687.0	-3016687.0	
1.0	2851.69946289	410799.09375	-141.600006104	6949.0	0.0	-7.40000009537	32.2999992371	1290.0	1244.0	0.0	4.0	11844.7998047	3487.69995117	0.0	569.5	0.0	0.0	0.0	0.0	-2531534.0	-2531534.0	-2531534.0	-2531534.0	
1.0	2851.84936523	410814.09375	-139.600006104	6940.0	0.0	10.6000003815	30.2999992371	1374.0	1279.0	0.0	6.0	12135.7998047	3499.69995117	0.0	607.5	0.0	0.0	0.0	0.0	-2582632.0	-2582632.0	-2582632.0	-2582632.0	
1.0	2851.99951172	410731.09375	-140.600006104	6947.0	0.0	10.6000003815	30.2999992371	1286.0	1316.0	0.0	8.0	11870.7998047	3538.69995117	0.0	653.5	0.0	0.0	0.0	0.0	-3132144.0	-3132144.0	-3132144.0	-3132144.0	
1.0	2852.1496582	410649.09375	-143.600006104	6951.0	0.0	9.60000038147	30.2999992371	1308.0	1203.0	0.0	6.0	12267.7998047	3470.69995117	0.0	627.5	0.0	0.0	0.0	0.0	-2937445.0	-2937445.0	-2937445.0	-2937445.0	
1.0	2852.29956055	410398.09375	-140.600006104	6944.0	0.0	10.6000003815	28.2999992371	1204.0	1263.0	0.0	6.0	11758.7998047	3483.69995117	0.0	645.5	0.0	0.0	0.0	0.0	-3262518.0	-3262518.0	-3262518.0	-3262518.0	
1.0	2852.44970703	410491.09375	-137.600006104	6952.0	0.0	8.60000038147	28.2999992371	1173.0	1220.0	0.0	3.0	11966.7998047	3492.69995117	0.0	628.5	0.0	0.0	0.0	0.0	-2878641.0	-2878641.0	-2878641.0	-2878641.0	
1.0	2852.60009766	410410.09375	-136.600006104	6944.0	0.0	10.6000003815	29.2999992371	1232.0	1258.0	0.0	6.0	11979.7998047	3530.69995117	0.0	628.5	0.0	0.0	0.0	0.0	-2925709.0	-2925709.0	-2925709.0	-2925709.0	
1.0	2852.75024414	410640.09375	-139.600006104	6950.0	0.0	4.59999990463	28.2999992371	1218.0	1228.0	0.0	7.0	11886.7998047	3498.69995117	0.0	684.5	0.0	0.0	0.0	0.0	-2595594.0	-2595594.0	-2595594.0	-2595594.0	
1.0	2852.90039062	410355.09375	-138.600006104	6966.0	0.0	3.59999990463	22.2999992371	1216.0	1145.0	0.0	7.0	12045.7998047	3347.69995117	0.0	682.5	0.0	0.0	0.0	0.0	-2928007.0	-2928007.0	-2928007.0	-2928007.0	
1.0	2853.05053711	410337.09375	-136.600006104	6933.0	0.0	2.59999990463	15.3000001907	1170.0	1148.0	0.0	5.0	12002.7998047	3400.69995117	0.0	634.5	0.0	0.0	0.0	0.0	-2548924.0	-2548924.0	-2548924.0	-2548924.0	
1.0	2853.20092773	410176.09375	-137.600006104	6951.0	0.0	0.600000023842	28.2999992371	1197.0	1200.0	0.0	3.0	11810.7998047	3502.69995117	0.0	652.5	0.0	0.0	0.0	0.0	-2792395.0	-2792395.0	-2792395.0	-2792395.0	
1.0	2853.35107422	410290.09375	-139.600006104	6951.0	0.0	-16.3999996185	26.2999992371	1163.0	1101.0	0.0	3.0	11889.7998047	3348.69995117	0.0	683.5	0.0	0.0	0.0	0.0	-3108390.0	-3108390.0	-3108390.0	-3108390.0	
1.0	2853.4987793	410187.09375	-138.600006104	6951.0	0.0	-23.3999996185	27.2999992371	1117.0	1136.0	0.0	12.0	11845.7998047	3395.69995117	0.0	641.5	0.0	0.0	0.0	0.0	-2759391.0	-2759391.0	-2759391.0	-2759391.0	
1.0	2853.64916992	410316.09375	-141.600006104	6952.0	0.0	-32.4000015259	28.2999992371	1130.0	1119.0	0.0	10.0	11989.7998047	3258.69995117	0.0	632.5	0.0	0.0	0.0	0.0	-2891216.0	-2891216.0	-2891216.0	-2891216.0	
1.0	2853.79956055	410192.09375	-138.600006104	6936.0	0.0	-31.3999996185	30.2999992371	1184.0	1107.0	0.0	4.0	11852.7998047	3327.69995117	0.0	622.5	0.0	0.0	0.0	0.0	-3191441.0	-3191441.0	-3191441.0	-3191441.0	
1.0	2853.94995117	410127.09375	-138.600006104	6953.0	0.0	-31.3999996185	31.2999992371	1170.0	1099.0	0.0	10.0	12020.7998047	3320.69995117	0.0	661.5	0.0	0.0	0.0	0.0	-2650750.0	-2650750.0	-2650750.0	-2650750.0	
1.0	2854.1003418	410312.09375	-141.600006104	6955.0	0.0	-29.3999996185	33.2999992371	1097.0	1167.0	0.0	10.0	11567.7998047	3371.69995117	0.0	705.5	0.0	0.0	0.0	0.0	-3192497.0	-3192497.0	-3192497.0	-3192497.0	
1.0	2854.25073242	410221.09375	-141.600006104	6940.0	0.0	-13.3999996185	26.2999992371	1122.0	1120.0	0.0	6.0	12016.7998047	3382.69995117	0.0	624.5	0.0	0.0	0.0	0.0	-2734156.0	-2734156.0	-2734156.0	-2734156.0	
1.0	2854.40112305	410200.09375	-141.600006104	6934.0	0.0	-7.40000009537	25.2999992371	1024.0	1087.0	0.0	6.0	11308.7998047	3305.69995117	0.0	652.5	0.0	0.0	0.0	0.0	-3220732.0	-3220732.0	-3220732.0	-3220732.0	
1.0	2854.54907227	409809.09375	-142.600006104	6934.0	0.0	-10.3999996185	33.2999992371	1116.0	1094.0	0.0	5.0	11865.7998047	3325.69995117	0.0	643.5	0.0	0.0	0.0	0.0	-2593189.0	-2593189.0	-2593189.0	-2593189.0	
1.0	2854.69946289	409678.09375	-135.600006104	6939.0	0.0	-13.3999996185	43.2999992371	1089.0	1164.0	0.0	5.0	11819.7998047	3383.69995117	0.0	672.5	0.0	0.0	0.0	0.0	-3092686.0	-3092686.0	-3092686.0	-3092686.0	
1.0	2854.85009766	409945.09375	-138.600006104	6951.0	0.0	-7.40000009537	40.2999992371	1179.0	1097.0	0.0	7.0	12037.7998047	3343.69995117	0.0	651.5	0.0	0.0	0.0	0.0	-2632531.0	-2632531.0	-2632531.0	-2632531.0	
1.0	2855.00048828	409963.09375	-137.600006104	6950.0	0.0	0.600000023842	38.2999992371	1118.0	1134.0	0.0	7.0	12054.7998047	3423.69995117	0.0	667.5	0.0	0.0	0.0	0.0	-2852023.0	-2852023.0	-2852023.0	-2852023.0	
1.0	2855.49902344	409985.09375	-136.600006104	6952.0	0.0	2.59999990463	38.2999992371	1119.0	1102.0	0.0	9.0	11934.7998047	3316.69995117	0.0	619.5	0.0	0.0	0.0	0.0	-4091309.0	-4091309.0	-4091309.0	-4091309.0	
1.0	2856.00048828	409799.09375	-133.600006104	6951.0	0.0	2.59999990463	37.2999992371	1161.0	1129.0	0.0	7.0	11874.7998047	3233.69995117	0.0	698.5	0.0	0.0	0.0	0.0	-2827421.0	-2827421.0	-2827421.0	-2827421.0	
1.0	2856.49926758	409746.09375	-136.600006104	6936.0	0.0	3.59999990463	14.3000001907	1111.0	1018.0	0.0	3.0	12064.7998047	3273.69995117	0.0	626.5	0.0	0.0	0.0	0.0	-3132138.0	-3132138.0	-3132138.0	-3132138.0	
1.0	2857.0012207	409869.09375	-134.600006104	6933.0	0.0	2.59999990463	24.2999992371	1136.0	1150.0	0.0	11.0	11947.7998047	3395.69995117	0.0	666.5	0.0	0.0	0.0	0.0	-2607109.0	-2607109.0	-2607109.0	-2607109.0	
1.0	2857.50073242	409864.09375	-136.600006104	6945.0	0.0	-0.40000000596	32.2999992371	1122.0	1028.0	0.0	8.0	12019.7998047	3242.69995117	0.0	659.5	0.0	0.0	0.0	0.0	-3124505.0	-3124505.0	-3124505.0	-3124505.0	
1.0	2858.00048828	409301.09375	-133.600006104	6939.0	0.0	0.600000023842	32.2999992371	1150.0	1145.0	0.0	9.0	11771.7998047	3372.69995117	0.0	673.5	0.0	0.0	0.0	0.0	-2789909.0	-2789909.0	-2789909.0	-2789909.0	
1.0	2858.50048828	409435.09375	-133.600006104	6945.0	0.0	1.60000002384	31.2999992371	1171.0	1127.0	0.0	9.0	11540.7998047	3433.69995117	0.0	700.5	0.0	0.0	0.0	0.0	-2949655.0	-2949655.0	-2949655.0	-2949655.0	
1.0	2859.00073242	409403.09375	-135.600006104	6947.0	0.0	0.600000023842	33.2999992371	1219.0	1149.0	0.0	8.0	12080.7998047	3386.69995117	0.0	618.5	0.0	0.0	0.0	0.0	-2524116.0	-2524116.0	-2524116.0	-2524116.0	
1.0	2859.4987793	409218.09375	-134.600006104	6947.0	0.0	0.600000023842	29.2999992371	1156.0	1176.0	0.0	9.0	11927.7998047	3418.69995117	0.0	642.5	0.0	0.0	0.0	0.0	-2734577.0	-2734577.0	-2734577.0	-2734577.0	
1.0	2859.99951172	409132.09375	-131.600006104	6948.0	0.0	-0.40000000596	32.2999992371	1249.0	1139.0	0.0	8.0	12115.7998047	3314.69995117	0.0	692.5	0.0	0.0	0.0	0.0	-3070846.0	-3070846.0	-3070846.0	-3070846.0	
1.0	2860.50048828	409255.09375	-133.600006104	6945.0	0.0	0.600000023842	32.2999992371	1197.0	1167.0	0.0	3.0	11821.7998047	3436.69995117	0.0	668.5	0.0	0.0	0.0	0.0	-2686440.0	-2686440.0	-2686440.0	-2686440.0	
1.0	2860.99926758	408918.09375	-133.600006104	6950.0	0.0	0.600000023842	34.2999992371	1208.0	1155.0	0.0	4.0	11958.7998047	3335.69995117	0.0	647.5	0.0	0.0	0.0	0.0	-3086772.0	-3086772.0	-3086772.0	-3086772.0	
1.0	2861.50073242	409272.09375	-139.600006104	6952.0	0.0	-1.39999997616	36.2999992371	1203.0	1171.0	0.0	3.0	12080.7998047	3349.69995117	0.0	617.5	0.0	0.0	0.0	0.0	-2590888.0	-2590888.0	-2590888.0	-2590888.0	
1.0	2862.0	408986.09375	-141.600006104	6950.0	0.0	-0.40000000596	35.2999992371	1214.0	1130.0	0.0	10.0	12105.7998047	3394.69995117	0.0	641.5	0.0	0.0	0.0	0.0	-2610173.0	-2610173.0	-2610173.0	-2610173.0	
1.0	2862.49926758	408708.09375	-141.600006104	6941.0	0.0	0.600000023842	35.2999992371	1151.0	1197.0	0.0	6.0	11856.7998047	3378.69995117	0.0	692.5	0.0	0.0	0.0	0.0	-3123161.0	-3123161.0	-3123161.0	-3123161.0	
1.0	2862.99902344	408511.09375	-140.600006104	6952.0	0.0	0.600000023842	34.2999992371	1186.0	1164.0	0.0	7.0	12209.7998047	3394.69995117	0.0	636.5	0.0	0.0	0.0	0.0	-2635422.0	-2635422.0	-2635422.0	-2635422.0	
1.0	2863.49902344	408383.09375	-141.600006104	6942.0	0.0	-0.40000000596	32.2999992371	1174.0	1196.0	0.0	6.0	11747.7998047	3465.69995117	0.0	637.5	0.0	0.0	0.0	0.0	-3261669.0	-3261669.0	-3261669.0	-3261669.0	
1.0	2863.99926758	408216.09375	-136.600006104	6938.0	0.0	3.59999990463	39.2999992371	1253.0	1141.0	0.0	12.0	11800.7998047	3389.69995117	0.0	634.5	0.0	0.0	0.0	0.0	-2734058.0	-2734058.0	-2734058.0	-2734058.0	
1.0	2864.49975586	408498.09375	-142.600006104	6934.0	0.0	2.59999990463	44.2999992371	1310.0	1168.0	0.0	4.0	12113.7998047	3390.69995117	0.0	656.5	0.0	0.0	0.0	0.0	-3066462.0	-3066462.0	-3066462.0	-3066462.0	
1.0	2865.00048828	408311.09375	-142.600006104	6942.0	0.0	-0.40000000596	43.2999992371	1195.0	1187.0	0.0	4.0	11995.7998047	3450.69995117	0.0	683.5	0.0	0.0	0.0	0.0	-2571135.0	-2571135.0	-2571135.0	-2571135.0	
1.0	2865.4987793	408483.09375	-142.600006104	6967.0	0.0	-3.40000009537	44.2999992371	1276.0	1185.0	0.0	5.0	12255.7998047	3418.69995117	0.0	645.5	0.0	0.0	0.0	0.0	-3052244.0	-3052244.0	-3052244.0	-3052244.0	
1.0	2866.0	408421.09375	-143.600006104	6956.0	0.0	-15.3999996185	48.2999992371	1214.0	1242.0	0.0	5.0	12027.7998047	3469.69995117	0.0	635.5	0.0	0.0	0.0	0.0	-2877477.0	-2877477.0	-2877477.0	-2877477.0	
1.0	2866.4987793	408072.09375	-141.600006104	6952.0	0.0	-8.39999961853	45.2999992371	1251.0	1188.0	0.0	4.0	12059.7998047	3367.69995117	0.0	637.5	0.0	0.0	0.0	0.0	-3010707.0	-3010707.0	-3010707.0	-3010707.0	
1.0	2867.00048828	408105.09375	-141.600006104	6946.0	0.0	-7.40000009537	42.2999992371	1163.0	1175.0	0.0	5.0	11829.7998047	3402.69995117	0.0	630.5	0.0	0.0	0.0	0.0	-3248092.0	-3248092.0	-3248092.0	-3248092.0	
1.0	2867.5	408001.09375	-139.600006104	6933.0	0.0	-6.40000009537	42.2999992371	1151.0	1191.0	0.0	10.0	12047.7998047	3411.69995117	0.0	618.5	0.0	0.0	0.0	0.0	-2945867.0	-2945867.0	-2945867.0	-2945867.0	
1.0	2867.99951172	407946.09375	-139.600006104	6954.0	0.0	-8.39999961853	46.2999992371	1170.0	1252.0	0.0	8.0	11855.7998047	3442.69995117	0.0	696.5	0.0	0.0	0.0	0.0	-2755451.0	-2755451.0	-2755451.0	-2755451.0	
1.0	2868.49951172	408004.09375	-135.600006104	6949.0	0.0	-8.39999961853	45.2999992371	1144.0	1172.0	0.0	6.0	12101.7998047	3436.69995117	0.0	693.5	0.0	0.0	0.0	0.0	-2758719.0	-2758719.0	-2758719.0	-2758719.0	
1.0	2868.99951172	407939.09375	-138.600006104	6948.0	0.0	-10.3999996185	45.2999992371	1159.0	1213.0	0.0	9.0	12020.7998047	3546.69995117	0.0	665.5	0.0	0.0	0.0	0.0	-2957378.0	-2957378.0	-2957378.0	-2957378.0	
1.0	2869.5	407733.09375	-140.600006104	6940.0	0.0	-8.39999961853	43.2999992371	1153.0	1170.0	0.0	7.0	11970.7998047	3372.69995117	0.0	713.5	0.0	0.0	0.0	0.0	-3326791.0	-3326791.0	-3326791.0	-3326791.0	
1.0	2870.00048828	407663.09375	-130.600006104	6949.0	0.0	-2.40000009537	43.2999992371	1202.0	1175.0	0.0	5.0	12103.7998047	3368.69995117	0.0	644.5	0.0	0.0	0.0	0.0	-2959307.0	-2959307.0	-2959307.0	-2959307.0	
1.0	2870.99975586	407563.09375	-121.599998474	6950.0	0.0	9.60000038147	39.2999992371	1179.0	1278.0	0.0	6.0	12347.7998047	3542.69995117	0.0	649.5	0.0	0.0	0.0	0.0	-2751989.0	-2751989.0	-2751989.0	-2751989.0	
1.0	2872.00024414	407272.09375	-118.599998474	6940.0	0.0	13.6000003815	41.2999992371	1165.0	1142.0	0.0	9.0	12279.7998047	3273.69995117	0.0	661.5	0.0	0.0	0.0	0.0	-2895758.0	-2895758.0	-2895758.0	-2895758.0	
1.0	2872.99902344	407294.09375	-119.599998474	6938.0	0.0	12.6000003815	40.2999992371	1195.0	1198.0	0.0	4.0	11938.7998047	3527.69995117	0.0	635.5	0.0	0.0	0.0	0.0	-2671484.0	-2671484.0	-2671484.0	-2671484.0	
1.0	2873.9987793	407171.09375	-138.600006104	6939.0	0.0	4.59999990463	48.2999992371	1277.0	1204.0	0.0	5.0	12231.7998047	3525.69995117	0.0	657.5	0.0	0.0	0.0	0.0	-2626483.0	-2626483.0	-2626483.0	-2626483.0	
1.0	2874.99951172	406833.09375	-140.600006104	6945.0	0.0	4.59999990463	47.2999992371	1289.0	1218.0	0.0	2.0	12127.7998047	3496.69995117	0.0	688.5	0.0	0.0	0.0	0.0	-3026449.0	-3026449.0	-3026449.0	-3026449.0	
1.0	2876.0012207	406596.09375	-140.600006104	6942.0	0.0	5.59999990463	43.2999992371	1253.0	1273.0	0.0	7.0	12256.7998047	3506.69995117	0.0	666.5	0.0	0.0	0.0	0.0	-2904086.0	-2904086.0	-2904086.0	-2904086.0	
1.0	2876.9987793	406780.09375	-138.600006104	6930.0	0.0	5.59999990463	46.2999992371	1401.0	1300.0	0.0	10.0	12558.7998047	3581.69995117	0.0	686.5	0.0	0.0	0.0	0.0	-2569591.0	-2569591.0	-2569591.0	-2569591.0	
1.0	2878.0	406568.09375	-140.600006104	6950.0	0.0	6.59999990463	47.2999992371	1281.0	1350.0	0.0	6.0	12136.7998047	3665.69995117	0.0	689.5	0.0	0.0	0.0	0.0	-3392566.0	-3392566.0	-3392566.0	-3392566.0	
1.0	2878.99951172	406481.09375	-138.600006104	6934.0	0.0	9.60000038147	45.2999992371	1343.0	1355.0	0.0	11.0	12191.7998047	3682.69995117	0.0	659.5	0.0	0.0	0.0	0.0	-2990294.0	-2990294.0	-2990294.0	-2990294.0	
1.0	2880.0	406271.09375	-137.600006104	6942.0	0.0	3.59999990463	46.2999992371	1413.0	1473.0	0.0	2.0	12641.7998047	3769.69995117	0.0	676.5	0.0	0.0	0.0	0.0	-2687448.0	-2687448.0	-2687448.0	-2687448.0	
1.0	2880.9987793	406044.09375	-133.600006104	6931.0	0.0	-9.39999961853	44.2999992371	1497.0	1468.0	0.0	8.0	12411.7998047	3808.69995117	0.0	674.5	0.0	0.0	0.0	0.0	-2975641.0	-2975641.0	-2975641.0	-2975641.0	
1.0	2882.0012207	406074.09375	-131.600006104	6930.0	0.0	-7.40000009537	43.2999992371	1406.0	1474.0	0.0	5.0	12283.7998047	3773.69995117	0.0	693.5	0.0	0.0	0.0	0.0	-2704895.0	-2704895.0	-2704895.0	-2704895.0	
1.0	2882.99951172	405898.09375	-136.600006104	6939.0	0.0	-8.39999961853	43.2999992371	1390.0	1460.0	0.0	6.0	12207.7998047	3803.69995117	0.0	669.5	0.0	0.0	0.0	0.0	-3170160.0	-3170160.0	-3170160.0	-3170160.0	
1.0	2884.0012207	405952.09375	-130.600006104	6928.0	0.0	-6.40000009537	42.2999992371	1485.0	1510.0	0.0	8.0	12384.7998047	3875.69995117	0.0	659.5	0.0	0.0	0.0	0.0	-2755419.0	-2755419.0	-2755419.0	-2755419.0	
1.0	2884.9987793	405845.09375	-132.600006104	6945.0	0.0	-9.39999961853	40.2999992371	1520.0	1438.0	0.0	10.0	12320.7998047	3779.69995117	0.0	748.5	0.0	0.0	0.0	0.0	-2611003.0	-2611003.0	-2611003.0	-2611003.0	
1.0	2886.0	405680.09375	-136.600006104	6936.0	0.0	-4.40000009537	25.2999992371	1449.0	1430.0	0.0	5.0	12412.7998047	3823.69995117	0.0	606.5	0.0	0.0	0.0	0.0	-3083975.0	-3083975.0	-3083975.0	-3083975.0	
1.0	2886.99951172	405654.09375	-134.600006104	6930.0	0.0	-10.3999996185	16.2999992371	1557.0	1435.0	0.0	7.0	12794.7998047	3809.69995117	0.0	664.5	0.0	0.0	0.0	0.0	-2717475.0	-2717475.0	-2717475.0	-2717475.0	
1.0	2890.0012207	405204.09375	-132.600006104	6936.0	0.0	-17.3999996185	25.2999992371	1444.0	1385.0	0.0	5.0	12467.7998047	3693.69995117	0.0	712.5	0.0	0.0	0.0	0.0	-3220763.0	-3220763.0	-3220763.0	-3220763.0	
1.0	2893.0012207	404869.09375	-134.600006104	6927.0	0.0	-16.3999996185	25.2999992371	1332.0	1377.0	0.0	8.0	12400.7998047	3742.69995117	0.0	712.5	0.0	0.0	0.0	0.0	-2802889.0	-2802889.0	-2802889.0	-2802889.0	
1.0	2895.99926758	404420.09375	-136.600006104	6955.0	0.0	-14.3999996185	23.2999992371	1295.0	1235.0	0.0	6.0	12529.7998047	3612.69995117	0.0	664.5	0.0	0.0	0.0	0.0	-2975720.0	-2975720.0	-2975720.0	-2975720.0	
1.0	2899.00097656	404069.09375	-130.600006104	6934.0	0.0	-16.3999996185	11.3000001907	1257.0	1196.0	0.0	8.0	12294.7998047	3401.69995117	0.0	670.5	0.0	0.0	0.0	0.0	-2684015.0	-2684015.0	-2684015.0	-2684015.0	
1.0	2902.00073242	403906.09375	-129.600006104	6945.0	0.0	-15.3999996185	13.3000001907	1249.0	1251.0	0.0	7.0	12451.7998047	3567.69995117	0.0	648.5	0.0	0.0	0.0	0.0	-3572345.0	-3572345.0	-3572345.0	-3572345.0	
1.0	2905.0012207	403769.09375	-134.600006104	6948.0	0.0	-17.3999996185	28.2999992371	1269.0	1192.0	0.0	7.0	12249.7998047	3492.69995117	0.0	691.5	0.0	0.0	0.0	0.0	-3191710.0	-3191710.0	-3191710.0	-3191710.0	
