SSRL   MicroEXAFS Data Collector 2.0 
Thu Jul 04 11:09:55 2019
PTS:	205	COLS:	24
alexbox-4ch-xspress.det
RuL3_edge_cell.rgn
SSRL BEAMLINE
COMMENTS





S1VGAP: 0.800000	S1HGAP: 1.500000	TABLEHORZ: 6.000000	SAMPLEV: 41.000000	CALVERT: 4.100521	BPVRT: 46.052197	M1VERT: 6.983426	SAMPLEHOLD: 25.998010	S1HTRAN: 4.481500	

Weights:
 1.000	1.000	1.000	1.000	1.000	1.000	1.000	1.000	1.000	1.000	1.000	1.000	1.000	1.000	1.000	1.000	1.000	1.000	1.000	1.000	1.000	1.000	
Offsets:
 207.7	877.2	4819.6	0.0	125.3	562.6	0.0	0.0	0.0	0.0	0.1	2.1	0.0	1.0	0.0	0.0	0.0	0.0	79705487.8	79705487.8	79705487.8	79705487.8	
Data:
Real Time Clock
Requested Energy
I0   
I1   
I2   
I3   
MPFB1   
MPFB2   
FF1   
FF2   
FF3   
FF4   
ICR1   
ICR2   
ICR3   
ICR4   
SCA2.1   
SCA2.2   
SCA2.3   
SCA2.4   
TIME1   
TIME2   
TIME3   
TIME4   

1.0	2810.00097656	221776.296875	27.7999992371	1675.40002441	0.0	-20.2999992371	3.40000009537	358.0	104.0	0.0	22.0	27645.9003906	8756.90039062	0.0	1580.0	0.0	0.0	0.0	0.0	-2832095.75	-2832095.75	-2832095.75	-2832095.75	
1.0	2810.99975586	221872.296875	24.7999992371	1683.40002441	0.0	-19.2999992371	4.40000009537	368.0	79.0	0.0	18.0	28155.9003906	8705.90039062	0.0	1555.0	0.0	0.0	0.0	0.0	-2680645.75	-2680645.75	-2680645.75	-2680645.75	
1.0	2811.99951172	221791.296875	25.7999992371	1665.40002441	0.0	-17.2999992371	3.40000009537	384.0	84.0	0.0	17.0	28413.9003906	8529.90039062	0.0	1583.0	0.0	0.0	0.0	0.0	-2972307.75	-2972307.75	-2972307.75	-2972307.75	
1.0	2813.00024414	221880.296875	26.7999992371	1672.40002441	0.0	-19.2999992371	1.39999997616	347.0	80.0	0.0	21.0	28051.9003906	8742.90039062	0.0	1500.0	0.0	0.0	0.0	0.0	-2862052.75	-2862052.75	-2862052.75	-2862052.75	
1.0	2813.99951172	222055.296875	11.8000001907	1697.40002441	0.0	-18.2999992371	-1.60000002384	361.0	94.0	0.0	20.0	27531.9003906	8879.90039062	0.0	1512.0	0.0	0.0	0.0	0.0	-2996384.75	-2996384.75	-2996384.75	-2996384.75	
1.0	2815.0	222026.296875	29.7999992371	1693.40002441	0.0	-22.2999992371	0.40000000596	385.0	77.0	0.0	20.0	28257.9003906	8649.90039062	0.0	1441.0	0.0	0.0	0.0	0.0	-3686876.75	-3686876.75	-3686876.75	-3686876.75	
1.0	2815.99902344	221891.296875	31.7999992371	1677.40002441	0.0	-19.2999992371	-1.60000002384	367.0	102.0	0.0	28.0	28034.9003906	8830.90039062	0.0	1576.0	0.0	0.0	0.0	0.0	-3065516.75	-3065516.75	-3065516.75	-3065516.75	
1.0	2816.99902344	222022.296875	27.7999992371	1685.40002441	0.0	-17.2999992371	-1.60000002384	366.0	110.0	0.0	23.0	28421.9003906	8810.90039062	0.0	1490.0	0.0	0.0	0.0	0.0	-2818953.75	-2818953.75	-2818953.75	-2818953.75	
1.0	2818.0	221982.296875	30.7999992371	1700.40002441	0.0	-17.2999992371	1.39999997616	383.0	104.0	0.0	12.0	28478.9003906	8827.90039062	0.0	1520.0	0.0	0.0	0.0	0.0	-2938607.75	-2938607.75	-2938607.75	-2938607.75	
1.0	2818.99975586	222193.296875	30.7999992371	1700.40002441	0.0	-19.2999992371	1.39999997616	454.0	174.0	0.0	28.0	28399.9003906	9123.90039062	0.0	1530.0	0.0	0.0	0.0	0.0	-2553213.75	-2553213.75	-2553213.75	-2553213.75	
1.0	2820.00048828	222083.296875	28.7999992371	1700.40002441	0.0	-20.2999992371	2.40000009537	577.0	178.0	0.0	18.0	29118.9003906	9257.90039062	0.0	1532.0	0.0	0.0	0.0	0.0	-2728449.75	-2728449.75	-2728449.75	-2728449.75	
1.0	2820.99975586	222139.296875	30.7999992371	1703.40002441	0.0	-12.3000001907	-16.6000003815	608.0	224.0	0.0	18.0	28662.9003906	9401.90039062	0.0	1491.0	0.0	0.0	0.0	0.0	-2968729.75	-2968729.75	-2968729.75	-2968729.75	
1.0	2822.0	222051.296875	28.7999992371	1692.40002441	0.0	-12.3000001907	-17.6000003815	910.0	356.0	0.0	16.0	29419.9003906	10207.9003906	0.0	1659.0	0.0	0.0	0.0	0.0	-2794247.75	-2794247.75	-2794247.75	-2794247.75	
1.0	2822.9987793	222139.296875	27.7999992371	1709.40002441	0.0	-17.2999992371	-19.6000003815	1656.0	686.0	0.0	20.0	29858.9003906	11436.9003906	0.0	1535.0	0.0	0.0	0.0	0.0	-3298768.75	-3298768.75	-3298768.75	-3298768.75	
1.0	2824.0012207	222078.296875	29.7999992371	1689.40002441	0.0	-14.3000001907	-18.6000003815	2467.0	1039.0	0.0	20.0	31491.9003906	13656.9003906	0.0	1502.0	0.0	0.0	0.0	0.0	-2809574.75	-2809574.75	-2809574.75	-2809574.75	
1.0	2824.99951172	222027.296875	26.7999992371	1694.40002441	0.0	-11.3000001907	0.40000000596	2447.0	1044.0	0.0	16.0	31160.9003906	13344.9003906	0.0	1526.0	0.0	0.0	0.0	0.0	-3250572.75	-3250572.75	-3250572.75	-3250572.75	
1.0	2825.99902344	221822.296875	30.7999992371	1686.40002441	0.0	-14.3000001907	1.39999997616	2363.0	1004.0	0.0	7.0	30877.9003906	13133.9003906	0.0	1482.0	0.0	0.0	0.0	0.0	-3122228.75	-3122228.75	-3122228.75	-3122228.75	
1.0	2826.99951172	221909.296875	28.7999992371	1687.40002441	0.0	-12.3000001907	1.39999997616	2620.0	1014.0	0.0	24.0	31837.9003906	13095.9003906	0.0	1469.0	0.0	0.0	0.0	0.0	-3203575.75	-3203575.75	-3203575.75	-3203575.75	
1.0	2828.0012207	221945.296875	28.7999992371	1718.40002441	0.0	-13.3000001907	0.40000000596	2398.0	1039.0	0.0	19.0	31031.9003906	13651.9003906	0.0	1497.0	0.0	0.0	0.0	0.0	-2708519.75	-2708519.75	-2708519.75	-2708519.75	
1.0	2829.0012207	221956.296875	33.7999992371	1702.40002441	0.0	-9.30000019073	0.40000000596	2285.0	1005.0	0.0	16.0	31062.9003906	13244.9003906	0.0	1581.0	0.0	0.0	0.0	0.0	-2964812.75	-2964812.75	-2964812.75	-2964812.75	
1.0	2829.99975586	222072.296875	39.7999992371	1707.40002441	0.0	-11.3000001907	-0.600000023842	2077.0	913.0	0.0	27.0	31048.9003906	12762.9003906	0.0	1504.0	0.0	0.0	0.0	0.0	-3227032.75	-3227032.75	-3227032.75	-3227032.75	
1.0	2830.99951172	222215.296875	38.7999992371	1709.40002441	0.0	-13.3000001907	-5.59999990463	2073.0	899.0	0.0	16.0	31381.9003906	12954.9003906	0.0	1473.0	0.0	0.0	0.0	0.0	-2553467.75	-2553467.75	-2553467.75	-2553467.75	
1.0	2832.00024414	222303.296875	40.7999992371	1722.40002441	0.0	-12.3000001907	-0.600000023842	2004.0	843.0	0.0	16.0	30994.9003906	12527.9003906	0.0	1585.0	0.0	0.0	0.0	0.0	-2890400.75	-2890400.75	-2890400.75	-2890400.75	
1.0	2832.99926758	222189.296875	39.7999992371	1710.40002441	0.0	-13.3000001907	-0.600000023842	1932.0	789.0	0.0	16.0	30842.9003906	12335.9003906	0.0	1606.0	0.0	0.0	0.0	0.0	-3160816.75	-3160816.75	-3160816.75	-3160816.75	
1.0	2833.99951172	222483.296875	31.7999992371	1710.40002441	0.0	-12.3000001907	0.40000000596	1862.0	816.0	0.0	11.0	30810.9003906	12189.9003906	0.0	1622.0	0.0	0.0	0.0	0.0	-2986688.75	-2986688.75	-2986688.75	-2986688.75	
1.0	2835.00073242	222332.296875	29.7999992371	1728.40002441	0.0	-11.3000001907	0.40000000596	1889.0	805.0	0.0	17.0	31039.9003906	12252.9003906	0.0	1542.0	0.0	0.0	0.0	0.0	-2748152.75	-2748152.75	-2748152.75	-2748152.75	
1.0	2836.00073242	222326.296875	29.7999992371	1726.40002441	0.0	5.69999980927	0.40000000596	1867.0	853.0	0.0	13.0	31383.9003906	12290.9003906	0.0	1590.0	0.0	0.0	0.0	0.0	-2589858.75	-2589858.75	-2589858.75	-2589858.75	
1.0	2836.40039062	222484.296875	30.7999992371	1708.40002441	0.0	2.70000004768	1.39999997616	1884.0	849.0	0.0	16.0	30585.9003906	12559.9003906	0.0	1624.0	0.0	0.0	0.0	0.0	-3062440.75	-3062440.75	-3062440.75	-3062440.75	
1.0	2836.55053711	222483.296875	30.7999992371	1696.40002441	0.0	3.70000004768	0.40000000596	1885.0	888.0	0.0	18.0	31053.9003906	12626.9003906	0.0	1586.0	0.0	0.0	0.0	0.0	-2965327.75	-2965327.75	-2965327.75	-2965327.75	
1.0	2836.70092773	222413.296875	30.7999992371	1696.40002441	0.0	5.69999980927	2.40000009537	1937.0	910.0	0.0	17.0	31594.9003906	12662.9003906	0.0	1571.0	0.0	0.0	0.0	0.0	-3144527.75	-3144527.75	-3144527.75	-3144527.75	
1.0	2836.85107422	222343.296875	31.7999992371	1708.40002441	0.0	5.69999980927	3.40000009537	1966.0	979.0	0.0	14.0	30700.9003906	12728.9003906	0.0	1597.0	0.0	0.0	0.0	0.0	-2533092.75	-2533092.75	-2533092.75	-2533092.75	
1.0	2836.9987793	222569.296875	29.7999992371	1708.40002441	0.0	-11.3000001907	-16.6000003815	1968.0	954.0	0.0	20.0	30821.9003906	12880.9003906	0.0	1569.0	0.0	0.0	0.0	0.0	-2753613.75	-2753613.75	-2753613.75	-2753613.75	
1.0	2837.14916992	222426.296875	31.7999992371	1726.40002441	0.0	-7.30000019073	-14.6000003815	1986.0	968.0	0.0	19.0	30468.9003906	12621.9003906	0.0	1574.0	0.0	0.0	0.0	0.0	-3222695.75	-3222695.75	-3222695.75	-3222695.75	
1.0	2837.29956055	222468.296875	31.7999992371	1711.40002441	0.0	-6.30000019073	-14.6000003815	2024.0	1018.0	0.0	18.0	31131.9003906	12552.9003906	0.0	1640.0	0.0	0.0	0.0	0.0	-3214341.75	-3214341.75	-3214341.75	-3214341.75	
1.0	2837.44995117	222407.296875	33.7999992371	1754.40002441	0.0	2.70000004768	-16.6000003815	1997.0	1017.0	0.0	15.0	30862.9003906	12667.9003906	0.0	1427.0	0.0	0.0	0.0	0.0	-2574639.75	-2574639.75	-2574639.75	-2574639.75	
1.0	2837.6003418	222458.296875	33.7999992371	1738.40002441	0.0	5.69999980927	-9.60000038147	2096.0	1063.0	0.0	21.0	31744.9003906	12894.9003906	0.0	1509.0	0.0	0.0	0.0	0.0	-2574308.75	-2574308.75	-2574308.75	-2574308.75	
1.0	2837.75073242	222286.296875	31.7999992371	1704.40002441	0.0	4.69999980927	0.40000000596	2226.0	1106.0	0.0	19.0	31481.9003906	12808.9003906	0.0	1517.0	0.0	0.0	0.0	0.0	-3219265.75	-3219265.75	-3219265.75	-3219265.75	
1.0	2837.90136719	222332.296875	33.7999992371	1705.40002441	0.0	-2.29999995232	2.40000009537	2191.0	1086.0	0.0	27.0	32198.9003906	13180.9003906	0.0	1676.0	0.0	0.0	0.0	0.0	-2572866.75	-2572866.75	-2572866.75	-2572866.75	
1.0	2838.04907227	222458.296875	29.7999992371	1730.40002441	0.0	-1.29999995232	2.40000009537	2226.0	1199.0	0.0	14.0	31229.9003906	12922.9003906	0.0	1574.0	0.0	0.0	0.0	0.0	-3113105.75	-3113105.75	-3113105.75	-3113105.75	
1.0	2838.19970703	222333.296875	27.7999992371	1725.40002441	0.0	-2.29999995232	5.40000009537	2266.0	1200.0	0.0	21.0	31444.9003906	13173.9003906	0.0	1592.0	0.0	0.0	0.0	0.0	-2991953.75	-2991953.75	-2991953.75	-2991953.75	
1.0	2838.35009766	222224.296875	31.7999992371	1726.40002441	0.0	-2.29999995232	4.40000009537	2280.0	1194.0	0.0	19.0	31585.9003906	12995.9003906	0.0	1551.0	0.0	0.0	0.0	0.0	-3285391.75	-3285391.75	-3285391.75	-3285391.75	
1.0	2838.50073242	222302.296875	30.7999992371	1727.40002441	0.0	-2.29999995232	7.40000009537	2279.0	1203.0	0.0	15.0	31289.9003906	13144.9003906	0.0	1573.0	0.0	0.0	0.0	0.0	-3279079.75	-3279079.75	-3279079.75	-3279079.75	
1.0	2838.64868164	222391.296875	27.7999992371	1733.40002441	0.0	-0.300000011921	5.40000009537	2267.0	1281.0	0.0	12.0	31858.9003906	12978.9003906	0.0	1529.0	0.0	0.0	0.0	0.0	-2981170.75	-2981170.75	-2981170.75	-2981170.75	
1.0	2838.79931641	222317.296875	28.7999992371	1717.40002441	0.0	-0.300000011921	5.40000009537	2345.0	1237.0	0.0	17.0	31532.9003906	13144.9003906	0.0	1515.0	0.0	0.0	0.0	0.0	-2804670.75	-2804670.75	-2804670.75	-2804670.75	
1.0	2838.94995117	222338.296875	31.7999992371	1722.40002441	0.0	0.699999988079	9.39999961853	2211.0	1254.0	0.0	25.0	31651.9003906	13307.9003906	0.0	1613.0	0.0	0.0	0.0	0.0	-2795653.75	-2795653.75	-2795653.75	-2795653.75	
1.0	2839.10058594	222227.296875	27.7999992371	1728.40002441	0.0	-6.30000019073	-1.60000002384	2371.0	1266.0	0.0	19.0	31329.9003906	13050.9003906	0.0	1526.0	0.0	0.0	0.0	0.0	-3054514.75	-3054514.75	-3054514.75	-3054514.75	
1.0	2839.2487793	222164.296875	29.7999992371	1731.40002441	0.0	-2.29999995232	-8.60000038147	2277.0	1297.0	0.0	25.0	31859.9003906	13478.9003906	0.0	1601.0	0.0	0.0	0.0	0.0	-2523318.75	-2523318.75	-2523318.75	-2523318.75	
1.0	2839.39941406	222185.296875	35.7999992371	1715.40002441	0.0	-4.30000019073	-9.60000038147	2336.0	1316.0	0.0	13.0	31606.9003906	13345.9003906	0.0	1593.0	0.0	0.0	0.0	0.0	-2783154.75	-2783154.75	-2783154.75	-2783154.75	
1.0	2839.55004883	222321.296875	41.7999992371	1723.40002441	0.0	-8.30000019073	-9.60000038147	2492.0	1457.0	0.0	25.0	32197.9003906	13708.9003906	0.0	1470.0	0.0	0.0	0.0	0.0	-2717127.75	-2717127.75	-2717127.75	-2717127.75	
1.0	2839.70092773	222326.296875	35.7999992371	1706.40002441	0.0	-5.30000019073	0.40000000596	2458.0	1465.0	0.0	20.0	31805.9003906	13564.9003906	0.0	1485.0	0.0	0.0	0.0	0.0	-3010041.75	-3010041.75	-3010041.75	-3010041.75	
1.0	2839.84912109	222196.296875	38.7999992371	1710.40002441	0.0	-4.30000019073	2.40000009537	2616.0	1564.0	0.0	19.0	31862.9003906	13795.9003906	0.0	1559.0	0.0	0.0	0.0	0.0	-2542993.75	-2542993.75	-2542993.75	-2542993.75	
1.0	2840.0	222275.296875	37.7999992371	1728.40002441	0.0	-5.30000019073	4.40000009537	2735.0	1602.0	0.0	15.0	31838.9003906	13809.9003906	0.0	1515.0	0.0	0.0	0.0	0.0	-3092546.75	-3092546.75	-3092546.75	-3092546.75	
1.0	2840.15063477	222308.296875	38.7999992371	1720.40002441	0.0	-2.29999995232	4.40000009537	2780.0	1720.0	0.0	15.0	32494.9003906	14277.9003906	0.0	1601.0	0.0	0.0	0.0	0.0	-2456734.75	-2456734.75	-2456734.75	-2456734.75	
1.0	2840.29907227	222163.296875	39.7999992371	1733.40002441	0.0	-1.29999995232	1.39999997616	2890.0	1879.0	0.0	15.0	31821.9003906	14315.9003906	0.0	1591.0	0.0	0.0	0.0	0.0	-2974172.75	-2974172.75	-2974172.75	-2974172.75	
1.0	2840.44970703	222152.296875	38.7999992371	1711.40002441	0.0	0.699999988079	5.40000009537	3009.0	2005.0	0.0	20.0	32502.9003906	14258.9003906	0.0	1576.0	0.0	0.0	0.0	0.0	-3119409.75	-3119409.75	-3119409.75	-3119409.75	
1.0	2840.60058594	222144.296875	39.7999992371	1716.40002441	0.0	-0.300000011921	3.40000009537	3180.0	2180.0	0.0	26.0	32632.9003906	14918.9003906	0.0	1470.0	0.0	0.0	0.0	0.0	-2994287.75	-2994287.75	-2994287.75	-2994287.75	
1.0	2840.74902344	222130.296875	35.7999992371	1728.40002441	0.0	-4.30000019073	3.40000009537	3308.0	2282.0	0.0	17.0	31976.9003906	14924.9003906	0.0	1589.0	0.0	0.0	0.0	0.0	-3188638.75	-3188638.75	-3188638.75	-3188638.75	
1.0	2840.89990234	222365.296875	38.7999992371	1727.40002441	0.0	-13.3000001907	3.40000009537	3395.0	2452.0	0.0	21.0	32347.9003906	15299.9003906	0.0	1562.0	0.0	0.0	0.0	0.0	-2591464.75	-2591464.75	-2591464.75	-2591464.75	
1.0	2841.05102539	223091.296875	32.7999992371	1724.40002441	0.0	-18.2999992371	3.40000009537	3395.0	2572.0	0.0	24.0	31997.9003906	15451.9003906	0.0	1594.0	0.0	0.0	0.0	0.0	-2916617.75	-2916617.75	-2916617.75	-2916617.75	
1.0	2841.19921875	223880.296875	29.7999992371	1736.40002441	0.0	-31.2999992371	6.40000009537	3430.0	2653.0	0.0	22.0	32328.9003906	15811.9003906	0.0	1631.0	0.0	0.0	0.0	0.0	-3177672.75	-3177672.75	-3177672.75	-3177672.75	
1.0	2841.3503418	224798.296875	28.7999992371	1720.40002441	0.0	-31.2999992371	-5.59999990463	3737.0	2596.0	0.0	22.0	33197.8984375	15702.9003906	0.0	1595.0	0.0	0.0	0.0	0.0	-2774322.75	-2774322.75	-2774322.75	-2774322.75	
1.0	2841.4987793	224999.296875	29.7999992371	1730.40002441	0.0	-31.2999992371	-7.59999990463	3726.0	2599.0	0.0	11.0	33129.8984375	15581.9003906	0.0	1538.0	0.0	0.0	0.0	0.0	-3001414.75	-3001414.75	-3001414.75	-3001414.75	
1.0	2841.64990234	225153.296875	30.7999992371	1736.40002441	0.0	-38.2999992371	-6.59999990463	3682.0	2724.0	0.0	23.0	34039.8984375	15864.9003906	0.0	1672.0	0.0	0.0	0.0	0.0	-2615237.75	-2615237.75	-2615237.75	-2615237.75	
1.0	2841.80078125	224956.296875	29.7999992371	1745.40002441	0.0	-34.2999992371	-6.59999990463	3593.0	2594.0	0.0	23.0	32864.8984375	15853.9003906	0.0	1559.0	0.0	0.0	0.0	0.0	-2655157.75	-2655157.75	-2655157.75	-2655157.75	
1.0	2841.94946289	225050.296875	29.7999992371	1719.40002441	0.0	-35.2999992371	-8.60000038147	3459.0	2477.0	0.0	15.0	32936.8984375	15354.9003906	0.0	1605.0	0.0	0.0	0.0	0.0	-3106793.75	-3106793.75	-3106793.75	-3106793.75	
1.0	2842.10058594	225025.296875	32.7999992371	1752.40002441	0.0	-34.2999992371	-9.60000038147	3342.0	2279.0	0.0	23.0	32541.9003906	15220.9003906	0.0	1547.0	0.0	0.0	0.0	0.0	-2960029.75	-2960029.75	-2960029.75	-2960029.75	
1.0	2842.24902344	225016.296875	34.7999992371	1736.40002441	0.0	-38.2999992371	-10.6000003815	3287.0	2329.0	0.0	21.0	31972.9003906	15200.9003906	0.0	1591.0	0.0	0.0	0.0	0.0	-3301880.75	-3301880.75	-3301880.75	-3301880.75	
1.0	2842.40014648	225036.296875	34.7999992371	1735.40002441	0.0	-31.2999992371	-26.6000003815	3177.0	2091.0	0.0	17.0	32060.9003906	15076.9003906	0.0	1628.0	0.0	0.0	0.0	0.0	-2971756.75	-2971756.75	-2971756.75	-2971756.75	
1.0	2842.54882812	224942.296875	35.7999992371	1722.40002441	0.0	-29.2999992371	-27.6000003815	3068.0	2018.0	0.0	20.0	32878.8984375	14758.9003906	0.0	1622.0	0.0	0.0	0.0	0.0	-3329282.75	-3329282.75	-3329282.75	-3329282.75	
1.0	2842.69995117	225031.296875	32.7999992371	1741.40002441	0.0	-19.2999992371	-27.6000003815	2949.0	1944.0	0.0	25.0	32281.9003906	14515.9003906	0.0	1593.0	0.0	0.0	0.0	0.0	-3215789.75	-3215789.75	-3215789.75	-3215789.75	
1.0	2842.84863281	224923.296875	30.7999992371	1719.40002441	0.0	-14.3000001907	-27.6000003815	2929.0	1829.0	0.0	19.0	32949.8984375	14510.9003906	0.0	1602.0	0.0	0.0	0.0	0.0	-2676780.75	-2676780.75	-2676780.75	-2676780.75	
1.0	2843.0	224870.296875	30.7999992371	1762.40002441	0.0	-13.3000001907	-28.6000003815	2838.0	1671.0	0.0	26.0	32661.9003906	14086.9003906	0.0	1624.0	0.0	0.0	0.0	0.0	-3323833.75	-3323833.75	-3323833.75	-3323833.75	
1.0	2843.15136719	225008.296875	31.7999992371	1733.40002441	0.0	-12.3000001907	-28.6000003815	2773.0	1677.0	0.0	14.0	32361.9003906	14386.9003906	0.0	1513.0	0.0	0.0	0.0	0.0	-2728655.75	-2728655.75	-2728655.75	-2728655.75	
1.0	2843.30004883	225009.296875	32.7999992371	1733.40002441	0.0	-14.3000001907	-11.6000003815	2674.0	1609.0	0.0	23.0	32487.9003906	14310.9003906	0.0	1575.0	0.0	0.0	0.0	0.0	-3116356.75	-3116356.75	-3116356.75	-3116356.75	
1.0	2843.44873047	224966.296875	30.7999992371	1744.40002441	0.0	-23.2999992371	-12.6000003815	2684.0	1553.0	0.0	25.0	32379.9003906	14105.9003906	0.0	1654.0	0.0	0.0	0.0	0.0	-2891245.75	-2891245.75	-2891245.75	-2891245.75	
1.0	2843.60009766	225105.296875	31.7999992371	1737.40002441	0.0	-27.2999992371	-12.6000003815	2747.0	1623.0	0.0	18.0	32721.9003906	14017.9003906	0.0	1646.0	0.0	0.0	0.0	0.0	-2958334.75	-2958334.75	-2958334.75	-2958334.75	
1.0	2843.74902344	224979.296875	30.7999992371	1720.40002441	0.0	-26.2999992371	-11.6000003815	2652.0	1444.0	0.0	25.0	32712.9003906	13905.9003906	0.0	1537.0	0.0	0.0	0.0	0.0	-3255687.75	-3255687.75	-3255687.75	-3255687.75	
1.0	2843.90039062	224909.296875	32.7999992371	1744.40002441	0.0	-13.3000001907	-11.6000003815	2585.0	1496.0	0.0	26.0	32388.9003906	14024.9003906	0.0	1680.0	0.0	0.0	0.0	0.0	-3299618.75	-3299618.75	-3299618.75	-3299618.75	
1.0	2844.04907227	224923.296875	24.7999992371	1737.40002441	0.0	-10.3000001907	-8.60000038147	2586.0	1460.0	0.0	15.0	32817.8984375	13679.9003906	0.0	1645.0	0.0	0.0	0.0	0.0	-2743890.75	-2743890.75	-2743890.75	-2743890.75	
1.0	2844.20068359	225031.296875	12.8000001907	1729.40002441	0.0	-14.3000001907	-9.60000038147	2610.0	1414.0	0.0	21.0	33047.8984375	13654.9003906	0.0	1656.0	0.0	0.0	0.0	0.0	-3277574.75	-3277574.75	-3277574.75	-3277574.75	
1.0	2844.34936523	225031.296875	27.7999992371	1752.40002441	0.0	-14.3000001907	-11.6000003815	2454.0	1282.0	0.0	20.0	32424.9003906	13788.9003906	0.0	1599.0	0.0	0.0	0.0	0.0	-3245032.75	-3245032.75	-3245032.75	-3245032.75	
1.0	2844.50097656	224897.296875	14.8000001907	1740.40002441	0.0	-11.3000001907	-10.6000003815	2401.0	1343.0	0.0	12.0	32074.9003906	13877.9003906	0.0	1625.0	0.0	0.0	0.0	0.0	-2688571.75	-2688571.75	-2688571.75	-2688571.75	
1.0	2844.64990234	224938.296875	31.7999992371	1728.40002441	0.0	-19.2999992371	-12.6000003815	2380.0	1351.0	0.0	16.0	31865.9003906	13661.9003906	0.0	1565.0	0.0	0.0	0.0	0.0	-2845660.75	-2845660.75	-2845660.75	-2845660.75	
1.0	2844.79882812	224991.296875	30.7999992371	1756.40002441	0.0	-20.2999992371	-10.6000003815	2435.0	1334.0	0.0	16.0	32024.9003906	13946.9003906	0.0	1629.0	0.0	0.0	0.0	0.0	-2531685.75	-2531685.75	-2531685.75	-2531685.75	
1.0	2844.95043945	224914.296875	28.7999992371	1739.40002441	0.0	-7.30000019073	-7.59999990463	2414.0	1198.0	0.0	17.0	32246.9003906	13828.9003906	0.0	1632.0	0.0	0.0	0.0	0.0	-2985882.75	-2985882.75	-2985882.75	-2985882.75	
1.0	2845.09936523	224866.296875	27.7999992371	1745.40002441	0.0	-6.30000019073	-5.59999990463	2363.0	1204.0	0.0	11.0	32589.9003906	13568.9003906	0.0	1608.0	0.0	0.0	0.0	0.0	-2548924.75	-2548924.75	-2548924.75	-2548924.75	
1.0	2845.25097656	224919.296875	25.7999992371	1763.40002441	0.0	-5.30000019073	-7.59999990463	2400.0	1252.0	0.0	23.0	32309.9003906	13794.9003906	0.0	1556.0	0.0	0.0	0.0	0.0	-2685420.75	-2685420.75	-2685420.75	-2685420.75	
1.0	2845.40014648	224862.296875	24.7999992371	1724.40002441	0.0	-5.30000019073	-4.59999990463	2364.0	1217.0	0.0	18.0	32165.9003906	13457.9003906	0.0	1590.0	0.0	0.0	0.0	0.0	-2873809.75	-2873809.75	-2873809.75	-2873809.75	
1.0	2845.54907227	224988.296875	27.7999992371	1757.40002441	0.0	-5.30000019073	-1.60000002384	2329.0	1182.0	0.0	17.0	32572.9003906	13478.9003906	0.0	1520.0	0.0	0.0	0.0	0.0	-2663879.75	-2663879.75	-2663879.75	-2663879.75	
1.0	2845.70092773	224894.296875	25.7999992371	1739.40002441	0.0	-8.30000019073	-3.59999990463	2342.0	1174.0	0.0	12.0	32107.9003906	13581.9003906	0.0	1638.0	0.0	0.0	0.0	0.0	-2812331.75	-2812331.75	-2812331.75	-2812331.75	
1.0	2845.85009766	224787.296875	28.7999992371	1746.40002441	0.0	-6.30000019073	-1.60000002384	2313.0	1221.0	0.0	21.0	32188.9003906	13557.9003906	0.0	1582.0	0.0	0.0	0.0	0.0	-3090172.75	-3090172.75	-3090172.75	-3090172.75	
1.0	2845.99902344	224840.296875	28.7999992371	1750.40002441	0.0	-1.29999995232	-3.59999990463	2285.0	1150.0	0.0	24.0	32350.9003906	13568.9003906	0.0	1723.0	0.0	0.0	0.0	0.0	-2590128.75	-2590128.75	-2590128.75	-2590128.75	
1.0	2846.15087891	224800.296875	28.7999992371	1737.40002441	0.0	-1.29999995232	-3.59999990463	2343.0	1102.0	0.0	21.0	32280.9003906	13552.9003906	0.0	1637.0	0.0	0.0	0.0	0.0	-2834786.75	-2834786.75	-2834786.75	-2834786.75	
1.0	2846.30004883	224726.296875	28.7999992371	1742.40002441	0.0	-2.29999995232	-2.59999990463	2278.0	1132.0	0.0	18.0	32100.9003906	13524.9003906	0.0	1572.0	0.0	0.0	0.0	0.0	-2741320.75	-2741320.75	-2741320.75	-2741320.75	
1.0	2846.44921875	224842.296875	27.7999992371	1732.40002441	0.0	0.699999988079	-6.59999990463	2226.0	1166.0	0.0	18.0	32024.9003906	13510.9003906	0.0	1567.0	0.0	0.0	0.0	0.0	-3195653.75	-3195653.75	-3195653.75	-3195653.75	
1.0	2846.60107422	224681.296875	29.7999992371	1720.40002441	0.0	1.70000004768	-1.60000002384	2286.0	1186.0	0.0	22.0	32403.9003906	13603.9003906	0.0	1598.0	0.0	0.0	0.0	0.0	-2776702.75	-2776702.75	-2776702.75	-2776702.75	
1.0	2846.75024414	224660.296875	29.7999992371	1740.40002441	0.0	0.699999988079	-2.59999990463	2279.0	1101.0	0.0	21.0	32436.9003906	13485.9003906	0.0	1607.0	0.0	0.0	0.0	0.0	-2662548.75	-2662548.75	-2662548.75	-2662548.75	
1.0	2846.8996582	224650.296875	31.7999992371	1722.40002441	0.0	0.699999988079	-3.59999990463	2266.0	1098.0	0.0	12.0	32160.9003906	13165.9003906	0.0	1580.0	0.0	0.0	0.0	0.0	-2986771.75	-2986771.75	-2986771.75	-2986771.75	
1.0	2847.04907227	224773.296875	33.7999992371	1742.40002441	0.0	0.699999988079	-12.6000003815	2243.0	1122.0	0.0	21.0	32420.9003906	13231.9003906	0.0	1595.0	0.0	0.0	0.0	0.0	-3183489.75	-3183489.75	-3183489.75	-3183489.75	
1.0	2847.20092773	224793.296875	34.7999992371	1746.40002441	0.0	1.70000004768	-23.6000003815	2301.0	1072.0	0.0	13.0	32366.9003906	13348.9003906	0.0	1559.0	0.0	0.0	0.0	0.0	-2762725.75	-2762725.75	-2762725.75	-2762725.75	
1.0	2847.3503418	224729.296875	33.7999992371	1734.40002441	0.0	1.70000004768	-5.59999990463	2418.0	1108.0	0.0	9.0	32642.9003906	13304.9003906	0.0	1512.0	0.0	0.0	0.0	0.0	-2879101.75	-2879101.75	-2879101.75	-2879101.75	
1.0	2847.49951172	224789.296875	34.7999992371	1743.40002441	0.0	-10.3000001907	-5.59999990463	2288.0	1060.0	0.0	19.0	32149.9003906	13346.9003906	0.0	1619.0	0.0	0.0	0.0	0.0	-3137036.75	-3137036.75	-3137036.75	-3137036.75	
1.0	2847.64892578	224766.296875	33.7999992371	1758.40002441	0.0	-12.3000001907	-6.59999990463	2348.0	1102.0	0.0	22.0	32449.9003906	13292.9003906	0.0	1637.0	0.0	0.0	0.0	0.0	-2880486.75	-2880486.75	-2880486.75	-2880486.75	
1.0	2847.80102539	224701.296875	28.7999992371	1737.40002441	0.0	-13.3000001907	-7.59999990463	2230.0	1113.0	0.0	19.0	32470.9003906	13414.9003906	0.0	1652.0	0.0	0.0	0.0	0.0	-2582294.75	-2582294.75	-2582294.75	-2582294.75	
1.0	2847.95043945	224730.296875	28.7999992371	1750.40002441	0.0	-14.3000001907	-20.6000003815	2343.0	1099.0	0.0	23.0	31959.9003906	13355.9003906	0.0	1646.0	0.0	0.0	0.0	0.0	-2907492.75	-2907492.75	-2907492.75	-2907492.75	
1.0	2848.09985352	224655.296875	30.7999992371	1736.40002441	0.0	0.699999988079	-2.59999990463	2304.0	1148.0	0.0	17.0	32612.9003906	13248.9003906	0.0	1621.0	0.0	0.0	0.0	0.0	-3128435.75	-3128435.75	-3128435.75	-3128435.75	
1.0	2848.24951172	224647.296875	27.7999992371	1728.40002441	0.0	3.70000004768	-7.59999990463	2244.0	1142.0	0.0	13.0	32220.9003906	13380.9003906	0.0	1568.0	0.0	0.0	0.0	0.0	-3135590.75	-3135590.75	-3135590.75	-3135590.75	
1.0	2848.39892578	224695.296875	31.7999992371	1733.40002441	0.0	3.70000004768	-12.6000003815	2269.0	1109.0	0.0	10.0	32522.9003906	13513.9003906	0.0	1641.0	0.0	0.0	0.0	0.0	-2925795.75	-2925795.75	-2925795.75	-2925795.75	
1.0	2848.55102539	224708.296875	34.7999992371	1726.40002441	0.0	2.70000004768	-12.6000003815	2272.0	1124.0	0.0	15.0	32827.8984375	13355.9003906	0.0	1549.0	0.0	0.0	0.0	0.0	-2547473.75	-2547473.75	-2547473.75	-2547473.75	
1.0	2848.70068359	224599.296875	30.7999992371	1745.40002441	0.0	1.70000004768	-11.6000003815	2356.0	1096.0	0.0	24.0	32485.9003906	13248.9003906	0.0	1645.0	0.0	0.0	0.0	0.0	-2903536.75	-2903536.75	-2903536.75	-2903536.75	
1.0	2848.85009766	224637.296875	30.7999992371	1740.40002441	0.0	-0.300000011921	-11.6000003815	2199.0	1199.0	0.0	15.0	32696.9003906	13487.9003906	0.0	1572.0	0.0	0.0	0.0	0.0	-2939098.75	-2939098.75	-2939098.75	-2939098.75	
1.0	2848.99975586	224538.296875	31.7999992371	1736.40002441	0.0	2.70000004768	-13.6000003815	2215.0	1126.0	0.0	9.0	31721.9003906	13407.9003906	0.0	1656.0	0.0	0.0	0.0	0.0	-2985478.75	-2985478.75	-2985478.75	-2985478.75	
1.0	2849.14941406	224569.296875	31.7999992371	1737.40002441	0.0	2.70000004768	-13.6000003815	2211.0	1090.0	0.0	25.0	31790.9003906	13450.9003906	0.0	1615.0	0.0	0.0	0.0	0.0	-3245783.75	-3245783.75	-3245783.75	-3245783.75	
1.0	2849.29907227	224517.296875	28.7999992371	1738.40002441	0.0	2.70000004768	-8.60000038147	2157.0	1136.0	0.0	25.0	32307.9003906	13313.9003906	0.0	1544.0	0.0	0.0	0.0	0.0	-3225468.75	-3225468.75	-3225468.75	-3225468.75	
1.0	2849.44873047	224665.296875	32.7999992371	1730.40002441	0.0	4.69999980927	-12.6000003815	2177.0	1124.0	0.0	16.0	32355.9003906	13248.9003906	0.0	1614.0	0.0	0.0	0.0	0.0	-3050801.75	-3050801.75	-3050801.75	-3050801.75	
1.0	2849.60107422	224626.296875	32.7999992371	1731.40002441	0.0	9.69999980927	-11.6000003815	2346.0	1114.0	0.0	22.0	32586.9003906	13365.9003906	0.0	1630.0	0.0	0.0	0.0	0.0	-2688743.75	-2688743.75	-2688743.75	-2688743.75	
1.0	2849.75073242	224703.296875	31.7999992371	1748.40002441	0.0	9.69999980927	-13.6000003815	2187.0	1147.0	0.0	18.0	32299.9003906	13570.9003906	0.0	1608.0	0.0	0.0	0.0	0.0	-2619235.75	-2619235.75	-2619235.75	-2619235.75	
1.0	2849.90063477	224604.296875	32.7999992371	1736.40002441	0.0	-2.29999995232	-11.6000003815	2326.0	1109.0	0.0	17.0	31917.9003906	13386.9003906	0.0	1620.0	0.0	0.0	0.0	0.0	-3041223.75	-3041223.75	-3041223.75	-3041223.75	
1.0	2850.05029297	224666.296875	31.7999992371	1723.40002441	0.0	-6.30000019073	-11.6000003815	2272.0	1119.0	0.0	23.0	32047.9003906	13489.9003906	0.0	1607.0	0.0	0.0	0.0	0.0	-3124120.75	-3124120.75	-3124120.75	-3124120.75	
1.0	2850.20019531	224594.296875	32.7999992371	1721.40002441	0.0	-6.30000019073	-13.6000003815	2286.0	1131.0	0.0	16.0	31964.9003906	13263.9003906	0.0	1631.0	0.0	0.0	0.0	0.0	-3525046.75	-3525046.75	-3525046.75	-3525046.75	
1.0	2850.34985352	224595.296875	31.7999992371	1723.40002441	0.0	-5.30000019073	-15.6000003815	2331.0	1118.0	0.0	21.0	32848.8984375	13331.9003906	0.0	1584.0	0.0	0.0	0.0	0.0	-3024330.75	-3024330.75	-3024330.75	-3024330.75	
1.0	2850.49975586	224514.296875	30.7999992371	1726.40002441	0.0	-5.30000019073	-8.60000038147	2212.0	1188.0	0.0	25.0	31841.9003906	13499.9003906	0.0	1563.0	0.0	0.0	0.0	0.0	-3285729.75	-3285729.75	-3285729.75	-3285729.75	
1.0	2850.6496582	224495.296875	30.7999992371	1727.40002441	0.0	-6.30000019073	3.40000009537	2330.0	1128.0	0.0	8.0	33087.8984375	13403.9003906	0.0	1581.0	0.0	0.0	0.0	0.0	-2601243.75	-2601243.75	-2601243.75	-2601243.75	
1.0	2850.79956055	224564.296875	28.7999992371	1742.40002441	0.0	-7.30000019073	3.40000009537	2312.0	1177.0	0.0	18.0	32318.9003906	13491.9003906	0.0	1597.0	0.0	0.0	0.0	0.0	-2693369.75	-2693369.75	-2693369.75	-2693369.75	
1.0	2850.94946289	224388.296875	26.7999992371	1717.40002441	0.0	-7.30000019073	5.40000009537	2212.0	1148.0	0.0	18.0	31981.9003906	13353.9003906	0.0	1573.0	0.0	0.0	0.0	0.0	-2984660.75	-2984660.75	-2984660.75	-2984660.75	
1.0	2851.09936523	224399.296875	29.7999992371	1728.40002441	0.0	-6.30000019073	1.39999997616	2345.0	1144.0	0.0	9.0	32811.8984375	13329.9003906	0.0	1601.0	0.0	0.0	0.0	0.0	-2924153.75	-2924153.75	-2924153.75	-2924153.75	
1.0	2851.24926758	224338.296875	28.7999992371	1716.40002441	0.0	-6.30000019073	5.40000009537	2296.0	1116.0	0.0	24.0	32735.9003906	13515.9003906	0.0	1686.0	0.0	0.0	0.0	0.0	-2781599.75	-2781599.75	-2781599.75	-2781599.75	
1.0	2851.39941406	224391.296875	28.7999992371	1740.40002441	0.0	-5.30000019073	-10.6000003815	2154.0	1090.0	0.0	20.0	31837.9003906	13561.9003906	0.0	1667.0	0.0	0.0	0.0	0.0	-2524311.75	-2524311.75	-2524311.75	-2524311.75	
1.0	2851.54931641	224481.296875	29.7999992371	1727.40002441	0.0	-4.30000019073	-14.6000003815	2257.0	1147.0	0.0	16.0	32606.9003906	13303.9003906	0.0	1659.0	0.0	0.0	0.0	0.0	-3233916.75	-3233916.75	-3233916.75	-3233916.75	
1.0	2851.69946289	224413.296875	31.7999992371	1732.40002441	0.0	-1.29999995232	-11.6000003815	2296.0	1144.0	0.0	18.0	32483.9003906	13539.9003906	0.0	1435.0	0.0	0.0	0.0	0.0	-2766008.75	-2766008.75	-2766008.75	-2766008.75	
1.0	2851.84936523	224377.296875	30.7999992371	1743.40002441	0.0	-1.29999995232	0.40000000596	2222.0	1176.0	0.0	16.0	32447.9003906	13545.9003906	0.0	1673.0	0.0	0.0	0.0	0.0	-3027226.75	-3027226.75	-3027226.75	-3027226.75	
1.0	2851.99951172	224423.296875	30.7999992371	1735.40002441	0.0	11.6999998093	4.40000009537	2316.0	1205.0	0.0	20.0	32245.9003906	13573.9003906	0.0	1614.0	0.0	0.0	0.0	0.0	-3176028.75	-3176028.75	-3176028.75	-3176028.75	
1.0	2852.1496582	224461.296875	29.7999992371	1745.40002441	0.0	12.6999998093	4.40000009537	2235.0	1141.0	0.0	22.0	32079.9003906	13412.9003906	0.0	1669.0	0.0	0.0	0.0	0.0	-2755769.75	-2755769.75	-2755769.75	-2755769.75	
1.0	2852.29956055	224451.296875	33.7999992371	1718.40002441	0.0	14.6999998093	5.40000009537	2381.0	1125.0	0.0	10.0	33046.8984375	13489.9003906	0.0	1550.0	0.0	0.0	0.0	0.0	-2570695.75	-2570695.75	-2570695.75	-2570695.75	
1.0	2852.44970703	224362.296875	30.7999992371	1748.40002441	0.0	14.6999998093	5.40000009537	2342.0	1167.0	0.0	18.0	32167.9003906	13664.9003906	0.0	1640.0	0.0	0.0	0.0	0.0	-2767088.75	-2767088.75	-2767088.75	-2767088.75	
1.0	2852.60009766	224308.296875	33.7999992371	1725.40002441	0.0	3.70000004768	6.40000009537	2238.0	1159.0	0.0	19.0	32760.9003906	13657.9003906	0.0	1579.0	0.0	0.0	0.0	0.0	-3212173.75	-3212173.75	-3212173.75	-3212173.75	
1.0	2852.75024414	224391.296875	32.7999992371	1739.40002441	0.0	6.69999980927	0.40000000596	2274.0	1111.0	0.0	22.0	32287.9003906	13468.9003906	0.0	1543.0	0.0	0.0	0.0	0.0	-2912975.75	-2912975.75	-2912975.75	-2912975.75	
1.0	2852.90039062	224395.296875	35.7999992371	1739.40002441	0.0	4.69999980927	2.40000009537	2243.0	1109.0	0.0	18.0	32232.9003906	13529.9003906	0.0	1587.0	0.0	0.0	0.0	0.0	-3285432.75	-3285432.75	-3285432.75	-3285432.75	
1.0	2853.05053711	224348.296875	31.7999992371	1730.40002441	0.0	-12.3000001907	2.40000009537	2335.0	1158.0	0.0	20.0	32784.8984375	13391.9003906	0.0	1590.0	0.0	0.0	0.0	0.0	-2978382.75	-2978382.75	-2978382.75	-2978382.75	
1.0	2853.20092773	224368.296875	35.7999992371	1740.40002441	0.0	-11.3000001907	0.40000000596	2243.0	1189.0	0.0	23.0	32163.9003906	13515.9003906	0.0	1619.0	0.0	0.0	0.0	0.0	-2662860.75	-2662860.75	-2662860.75	-2662860.75	
1.0	2853.35107422	224243.296875	35.7999992371	1749.40002441	0.0	-13.3000001907	1.39999997616	2231.0	1108.0	0.0	20.0	33066.8984375	13412.9003906	0.0	1669.0	0.0	0.0	0.0	0.0	-2727158.75	-2727158.75	-2727158.75	-2727158.75	
1.0	2853.4987793	224229.296875	31.7999992371	1731.40002441	0.0	-10.3000001907	3.40000009537	2206.0	1187.0	0.0	10.0	32298.9003906	13610.9003906	0.0	1656.0	0.0	0.0	0.0	0.0	-2875506.75	-2875506.75	-2875506.75	-2875506.75	
1.0	2853.64916992	224362.296875	30.7999992371	1742.40002441	0.0	-9.30000019073	0.40000000596	2196.0	1147.0	0.0	24.0	32133.9003906	13456.9003906	0.0	1695.0	0.0	0.0	0.0	0.0	-3072270.75	-3072270.75	-3072270.75	-3072270.75	
1.0	2853.79956055	224279.296875	33.7999992371	1736.40002441	0.0	-9.30000019073	2.40000009537	2229.0	1106.0	0.0	13.0	31838.9003906	13452.9003906	0.0	1666.0	0.0	0.0	0.0	0.0	-3227911.75	-3227911.75	-3227911.75	-3227911.75	
1.0	2853.94995117	224347.296875	30.7999992371	1754.40002441	0.0	-9.30000019073	2.40000009537	2323.0	1167.0	0.0	18.0	32643.9003906	13401.9003906	0.0	1586.0	0.0	0.0	0.0	0.0	-2736904.75	-2736904.75	-2736904.75	-2736904.75	
1.0	2854.1003418	224204.296875	33.7999992371	1749.40002441	0.0	-11.3000001907	2.40000009537	2248.0	1118.0	0.0	20.0	33121.8984375	13367.9003906	0.0	1616.0	0.0	0.0	0.0	0.0	-2575498.75	-2575498.75	-2575498.75	-2575498.75	
1.0	2854.25073242	224459.296875	32.7999992371	1770.40002441	0.0	-9.30000019073	0.40000000596	2213.0	1133.0	0.0	10.0	32421.9003906	13547.9003906	0.0	1553.0	0.0	0.0	0.0	0.0	-2643337.75	-2643337.75	-2643337.75	-2643337.75	
1.0	2854.40112305	224295.296875	32.7999992371	1739.40002441	0.0	-8.30000019073	-0.600000023842	2315.0	1060.0	0.0	18.0	32653.9003906	13418.9003906	0.0	1621.0	0.0	0.0	0.0	0.0	-3064701.75	-3064701.75	-3064701.75	-3064701.75	
1.0	2854.54907227	224257.296875	44.7999992371	1726.40002441	0.0	-10.3000001907	2.40000009537	2137.0	1147.0	0.0	23.0	32306.9003906	13364.9003906	0.0	1498.0	0.0	0.0	0.0	0.0	-3306948.75	-3306948.75	-3306948.75	-3306948.75	
1.0	2854.69946289	224188.296875	41.7999992371	1734.40002441	0.0	-7.30000019073	2.40000009537	2176.0	1137.0	0.0	17.0	32537.9003906	13326.9003906	0.0	1644.0	0.0	0.0	0.0	0.0	-2984791.75	-2984791.75	-2984791.75	-2984791.75	
1.0	2854.85009766	224252.296875	40.7999992371	1743.40002441	0.0	-8.30000019073	1.39999997616	2187.0	1164.0	0.0	22.0	32496.9003906	13469.9003906	0.0	1686.0	0.0	0.0	0.0	0.0	-2951879.75	-2951879.75	-2951879.75	-2951879.75	
1.0	2855.00048828	224256.296875	40.7999992371	1733.40002441	0.0	3.70000004768	7.40000009537	2237.0	1132.0	0.0	13.0	32181.9003906	13423.9003906	0.0	1632.0	0.0	0.0	0.0	0.0	-3147033.75	-3147033.75	-3147033.75	-3147033.75	
1.0	2855.49902344	224335.296875	41.7999992371	1747.40002441	0.0	-10.3000001907	4.40000009537	2204.0	1147.0	0.0	14.0	31841.9003906	13635.9003906	0.0	1666.0	0.0	0.0	0.0	0.0	-2602476.75	-2602476.75	-2602476.75	-2602476.75	
1.0	2856.00048828	224214.296875	41.7999992371	1744.40002441	0.0	-11.3000001907	5.40000009537	2156.0	1108.0	0.0	17.0	32126.9003906	13531.9003906	0.0	1587.0	0.0	0.0	0.0	0.0	-3186788.75	-3186788.75	-3186788.75	-3186788.75	
1.0	2856.49926758	224429.296875	38.7999992371	1750.40002441	0.0	-12.3000001907	5.40000009537	2178.0	1118.0	0.0	14.0	32368.9003906	13291.9003906	0.0	1612.0	0.0	0.0	0.0	0.0	-3173338.75	-3173338.75	-3173338.75	-3173338.75	
1.0	2857.0012207	224326.296875	39.7999992371	1735.40002441	0.0	-7.30000019073	-0.600000023842	2204.0	1104.0	0.0	15.0	32811.8984375	13559.9003906	0.0	1689.0	0.0	0.0	0.0	0.0	-2532687.75	-2532687.75	-2532687.75	-2532687.75	
1.0	2857.50073242	224431.296875	40.7999992371	1740.40002441	0.0	-10.3000001907	-13.6000003815	2271.0	1048.0	0.0	18.0	32560.9003906	13346.9003906	0.0	1617.0	0.0	0.0	0.0	0.0	-2990426.75	-2990426.75	-2990426.75	-2990426.75	
1.0	2858.00048828	224311.296875	39.7999992371	1741.40002441	0.0	-10.3000001907	-12.6000003815	2252.0	1069.0	0.0	16.0	32297.9003906	13315.9003906	0.0	1592.0	0.0	0.0	0.0	0.0	-3486723.75	-3486723.75	-3486723.75	-3486723.75	
1.0	2858.50048828	224368.296875	42.7999992371	1754.40002441	0.0	-11.3000001907	-9.60000038147	2238.0	1071.0	0.0	18.0	32603.9003906	13510.9003906	0.0	1642.0	0.0	0.0	0.0	0.0	-3022270.75	-3022270.75	-3022270.75	-3022270.75	
1.0	2859.00073242	224268.296875	41.7999992371	1757.40002441	0.0	-10.3000001907	-9.60000038147	2214.0	1143.0	0.0	22.0	32213.9003906	13466.9003906	0.0	1627.0	0.0	0.0	0.0	0.0	-3012163.75	-3012163.75	-3012163.75	-3012163.75	
1.0	2859.4987793	224275.296875	40.7999992371	1735.40002441	0.0	-12.3000001907	-9.60000038147	2280.0	1153.0	0.0	17.0	32813.8984375	13469.9003906	0.0	1652.0	0.0	0.0	0.0	0.0	-3197173.75	-3197173.75	-3197173.75	-3197173.75	
1.0	2859.99951172	224282.296875	39.7999992371	1749.40002441	0.0	-12.3000001907	-9.60000038147	2198.0	1067.0	0.0	12.0	32597.9003906	13563.9003906	0.0	1622.0	0.0	0.0	0.0	0.0	-3162313.75	-3162313.75	-3162313.75	-3162313.75	
1.0	2860.50048828	224347.296875	38.7999992371	1754.40002441	0.0	-10.3000001907	-8.60000038147	2303.0	1077.0	0.0	16.0	32853.8984375	13479.9003906	0.0	1627.0	0.0	0.0	0.0	0.0	-2697891.75	-2697891.75	-2697891.75	-2697891.75	
1.0	2860.99926758	224287.296875	41.7999992371	1749.40002441	0.0	-12.3000001907	-10.6000003815	2192.0	1128.0	0.0	13.0	32908.8984375	13725.9003906	0.0	1652.0	0.0	0.0	0.0	0.0	-2825177.75	-2825177.75	-2825177.75	-2825177.75	
1.0	2861.50073242	224324.296875	39.7999992371	1749.40002441	0.0	-12.3000001907	-9.60000038147	2233.0	1053.0	0.0	14.0	32744.9003906	13546.9003906	0.0	1553.0	0.0	0.0	0.0	0.0	-2490164.75	-2490164.75	-2490164.75	-2490164.75	
1.0	2862.0	224296.296875	21.7999992371	1736.40002441	0.0	-14.3000001907	-11.6000003815	2230.0	1166.0	0.0	17.0	33033.8984375	13679.9003906	0.0	1653.0	0.0	0.0	0.0	0.0	-2642298.75	-2642298.75	-2642298.75	-2642298.75	
1.0	2862.49926758	224209.296875	37.7999992371	1737.40002441	0.0	-27.2999992371	-9.60000038147	2200.0	1146.0	0.0	12.0	32699.9003906	13600.9003906	0.0	1599.0	0.0	0.0	0.0	0.0	-3188491.75	-3188491.75	-3188491.75	-3188491.75	
1.0	2862.99902344	224337.296875	37.7999992371	1735.40002441	0.0	-25.2999992371	-10.6000003815	2171.0	1101.0	0.0	16.0	33015.8984375	13672.9003906	0.0	1615.0	0.0	0.0	0.0	0.0	-2627755.75	-2627755.75	-2627755.75	-2627755.75	
1.0	2863.49902344	224417.296875	41.7999992371	1752.40002441	0.0	-26.2999992371	-7.59999990463	2260.0	1132.0	0.0	22.0	33504.8984375	13522.9003906	0.0	1645.0	0.0	0.0	0.0	0.0	-2853488.75	-2853488.75	-2853488.75	-2853488.75	
1.0	2863.99926758	224333.296875	40.7999992371	1754.40002441	0.0	-24.2999992371	-5.59999990463	2344.0	1135.0	0.0	20.0	32988.8984375	13841.9003906	0.0	1634.0	0.0	0.0	0.0	0.0	-3050916.75	-3050916.75	-3050916.75	-3050916.75	
1.0	2864.49975586	224340.296875	41.7999992371	1742.40002441	0.0	-22.2999992371	-8.60000038147	2259.0	1119.0	0.0	16.0	32699.9003906	13592.9003906	0.0	1646.0	0.0	0.0	0.0	0.0	-3161757.75	-3161757.75	-3161757.75	-3161757.75	
1.0	2865.00048828	224215.296875	39.7999992371	1739.40002441	0.0	-27.2999992371	-9.60000038147	2170.0	1091.0	0.0	18.0	32878.8984375	13546.9003906	0.0	1665.0	0.0	0.0	0.0	0.0	-2907446.75	-2907446.75	-2907446.75	-2907446.75	
1.0	2865.4987793	224385.296875	41.7999992371	1746.40002441	0.0	-28.2999992371	-4.59999990463	2242.0	1102.0	0.0	20.0	33248.8984375	13589.9003906	0.0	1647.0	0.0	0.0	0.0	0.0	-2654310.75	-2654310.75	-2654310.75	-2654310.75	
1.0	2866.0	224404.296875	43.7999992371	1752.40002441	0.0	-21.2999992371	4.40000009537	2235.0	1165.0	0.0	17.0	33055.8984375	13702.9003906	0.0	1723.0	0.0	0.0	0.0	0.0	-3006230.75	-3006230.75	-3006230.75	-3006230.75	
1.0	2866.4987793	224358.296875	43.7999992371	1748.40002441	0.0	-23.2999992371	-3.59999990463	2209.0	1128.0	0.0	14.0	33226.8984375	13671.9003906	0.0	1696.0	0.0	0.0	0.0	0.0	-2703979.75	-2703979.75	-2703979.75	-2703979.75	
1.0	2867.00048828	224483.296875	43.7999992371	1751.40002441	0.0	-11.3000001907	0.40000000596	2298.0	1093.0	0.0	15.0	33437.8984375	13670.9003906	0.0	1658.0	0.0	0.0	0.0	0.0	-2546903.75	-2546903.75	-2546903.75	-2546903.75	
1.0	2867.5	224386.296875	38.7999992371	1758.40002441	0.0	-14.3000001907	0.40000000596	2314.0	1122.0	0.0	11.0	32974.8984375	13588.9003906	0.0	1629.0	0.0	0.0	0.0	0.0	-2881853.75	-2881853.75	-2881853.75	-2881853.75	
1.0	2867.99951172	224402.296875	41.7999992371	1758.40002441	0.0	-13.3000001907	1.39999997616	2149.0	1099.0	0.0	24.0	32643.9003906	13604.9003906	0.0	1642.0	0.0	0.0	0.0	0.0	-2969288.75	-2969288.75	-2969288.75	-2969288.75	
1.0	2868.49951172	224224.296875	37.7999992371	1738.40002441	0.0	-12.3000001907	3.40000009537	2221.0	1113.0	0.0	21.0	33430.8984375	13712.9003906	0.0	1630.0	0.0	0.0	0.0	0.0	-2715669.75	-2715669.75	-2715669.75	-2715669.75	
1.0	2868.99951172	224362.296875	39.7999992371	1754.40002441	0.0	-10.3000001907	2.40000009537	2305.0	1087.0	0.0	19.0	33406.8984375	13518.9003906	0.0	1703.0	0.0	0.0	0.0	0.0	-2541052.75	-2541052.75	-2541052.75	-2541052.75	
1.0	2869.5	224438.296875	37.7999992371	1747.40002441	0.0	-13.3000001907	1.39999997616	2138.0	1161.0	0.0	12.0	32684.9003906	13609.9003906	0.0	1641.0	0.0	0.0	0.0	0.0	-3263466.75	-3263466.75	-3263466.75	-3263466.75	
1.0	2870.00048828	224362.296875	34.7999992371	1745.40002441	0.0	-9.30000019073	1.39999997616	2232.0	1097.0	0.0	19.0	33017.8984375	13773.9003906	0.0	1650.0	0.0	0.0	0.0	0.0	-2573643.75	-2573643.75	-2573643.75	-2573643.75	
1.0	2870.99975586	224431.296875	38.7999992371	1748.40002441	0.0	-12.3000001907	4.40000009537	2164.0	1112.0	0.0	18.0	33574.8984375	13499.9003906	0.0	1719.0	0.0	0.0	0.0	0.0	-2560857.75	-2560857.75	-2560857.75	-2560857.75	
1.0	2872.00024414	224461.296875	40.7999992371	1758.40002441	0.0	-14.3000001907	5.40000009537	2194.0	1109.0	0.0	13.0	33007.8984375	13493.9003906	0.0	1673.0	0.0	0.0	0.0	0.0	-3123066.75	-3123066.75	-3123066.75	-3123066.75	
1.0	2872.99902344	224559.296875	42.7999992371	1754.40002441	0.0	-11.3000001907	2.40000009537	2210.0	1116.0	0.0	11.0	33263.8984375	13667.9003906	0.0	1639.0	0.0	0.0	0.0	0.0	-2723246.75	-2723246.75	-2723246.75	-2723246.75	
1.0	2873.9987793	224570.296875	39.7999992371	1751.40002441	0.0	-12.3000001907	2.40000009537	2279.0	1106.0	0.0	20.0	33693.8984375	13665.9003906	0.0	1621.0	0.0	0.0	0.0	0.0	-3075899.75	-3075899.75	-3075899.75	-3075899.75	
1.0	2874.99951172	224496.296875	37.7999992371	1753.40002441	0.0	-11.3000001907	4.40000009537	2293.0	1090.0	0.0	13.0	33636.8984375	13772.9003906	0.0	1668.0	0.0	0.0	0.0	0.0	-2612164.75	-2612164.75	-2612164.75	-2612164.75	
1.0	2876.0012207	224635.296875	41.7999992371	1757.40002441	0.0	-12.3000001907	2.40000009537	2244.0	1161.0	0.0	14.0	33699.8984375	13892.9003906	0.0	1529.0	0.0	0.0	0.0	0.0	-2840100.75	-2840100.75	-2840100.75	-2840100.75	
1.0	2876.9987793	224545.296875	41.7999992371	1762.40002441	0.0	-10.3000001907	2.40000009537	2185.0	1162.0	0.0	12.0	33274.8984375	13509.9003906	0.0	1678.0	0.0	0.0	0.0	0.0	-4045119.75	-4045119.75	-4045119.75	-4045119.75	
1.0	2878.0	224689.296875	41.7999992371	1759.40002441	0.0	-12.3000001907	3.40000009537	2241.0	1165.0	0.0	9.0	33462.8984375	14006.9003906	0.0	1739.0	0.0	0.0	0.0	0.0	-2876851.75	-2876851.75	-2876851.75	-2876851.75	
1.0	2878.99951172	224551.296875	40.7999992371	1746.40002441	0.0	-15.3000001907	4.40000009537	2285.0	1115.0	0.0	13.0	33557.8984375	13763.9003906	0.0	1613.0	0.0	0.0	0.0	0.0	-2604939.75	-2604939.75	-2604939.75	-2604939.75	
1.0	2880.0	224554.296875	40.7999992371	1767.40002441	0.0	-10.3000001907	3.40000009537	2252.0	1193.0	0.0	17.0	33341.8984375	14109.9003906	0.0	1695.0	0.0	0.0	0.0	0.0	-2735774.75	-2735774.75	-2735774.75	-2735774.75	
1.0	2880.9987793	224684.296875	36.7999992371	1772.40002441	0.0	-12.3000001907	4.40000009537	2250.0	1196.0	0.0	20.0	33586.8984375	13976.9003906	0.0	1727.0	0.0	0.0	0.0	0.0	-2587189.75	-2587189.75	-2587189.75	-2587189.75	
1.0	2882.0012207	224686.296875	38.7999992371	1756.40002441	0.0	-15.3000001907	1.39999997616	2293.0	1229.0	0.0	19.0	33420.8984375	13934.9003906	0.0	1727.0	0.0	0.0	0.0	0.0	-2795544.75	-2795544.75	-2795544.75	-2795544.75	
1.0	2882.99951172	224770.296875	37.7999992371	1749.40002441	0.0	-15.3000001907	-5.59999990463	2233.0	1225.0	0.0	12.0	33960.8984375	13841.9003906	0.0	1584.0	0.0	0.0	0.0	0.0	-2751064.75	-2751064.75	-2751064.75	-2751064.75	
1.0	2884.0012207	224761.296875	41.7999992371	1779.40002441	0.0	-14.3000001907	1.39999997616	2228.0	1152.0	0.0	16.0	33795.8984375	13667.9003906	0.0	1677.0	0.0	0.0	0.0	0.0	-3199982.75	-3199982.75	-3199982.75	-3199982.75	
1.0	2884.9987793	224632.296875	44.7999992371	1758.40002441	0.0	-15.3000001907	2.40000009537	2271.0	1169.0	0.0	10.0	33985.8984375	13764.9003906	0.0	1699.0	0.0	0.0	0.0	0.0	-2929794.75	-2929794.75	-2929794.75	-2929794.75	
1.0	2886.0	224637.296875	44.7999992371	1774.40002441	0.0	-9.30000019073	-10.6000003815	2296.0	1235.0	0.0	15.0	33757.8984375	13926.9003906	0.0	1644.0	0.0	0.0	0.0	0.0	-3079815.75	-3079815.75	-3079815.75	-3079815.75	
1.0	2886.99951172	224702.296875	44.7999992371	1778.40002441	0.0	-3.29999995232	1.39999997616	2202.0	1172.0	0.0	15.0	33604.8984375	13749.9003906	0.0	1625.0	0.0	0.0	0.0	0.0	-3030108.75	-3030108.75	-3030108.75	-3030108.75	
1.0	2890.0012207	224843.296875	45.7999992371	1785.40002441	0.0	-13.3000001907	2.40000009537	2262.0	1210.0	0.0	14.0	34175.8984375	14038.9003906	0.0	1728.0	0.0	0.0	0.0	0.0	-2707750.75	-2707750.75	-2707750.75	-2707750.75	
1.0	2893.0012207	224977.296875	43.7999992371	1780.40002441	0.0	-14.3000001907	1.39999997616	2201.0	1168.0	0.0	9.0	34084.8984375	13901.9003906	0.0	1709.0	0.0	0.0	0.0	0.0	-2607679.75	-2607679.75	-2607679.75	-2607679.75	
1.0	2895.99926758	225115.296875	43.7999992371	1790.40002441	0.0	-12.3000001907	3.40000009537	2194.0	1141.0	0.0	10.0	34413.8984375	14061.9003906	0.0	1701.0	0.0	0.0	0.0	0.0	-2738267.75	-2738267.75	-2738267.75	-2738267.75	
1.0	2899.00097656	225180.296875	43.7999992371	1772.40002441	0.0	6.69999980927	2.40000009537	2166.0	1140.0	0.0	12.0	34260.8984375	13940.9003906	0.0	1739.0	0.0	0.0	0.0	0.0	-2917317.75	-2917317.75	-2917317.75	-2917317.75	
1.0	2902.00073242	225214.296875	37.7999992371	1778.40002441	0.0	2.70000004768	-4.59999990463	2174.0	1080.0	0.0	11.0	34485.8984375	13934.9003906	0.0	1776.0	0.0	0.0	0.0	0.0	-2543716.75	-2543716.75	-2543716.75	-2543716.75	
1.0	2905.0012207	225384.296875	43.7999992371	1788.40002441	0.0	-3.29999995232	-9.60000038147	2206.0	1081.0	0.0	11.0	34704.8984375	13803.9003906	0.0	1751.0	0.0	0.0	0.0	0.0	-3251798.75	-3251798.75	-3251798.75	-3251798.75	
