SSRL   MicroEXAFS Data Collector 2.0 
Wed Jul 03 13:54:26 2019
PTS:	171	COLS:	24
alexbox-4ch-xspress.det
RuL3_edge_cell.rgn
SSRL BEAMLINE
COMMENTS





S1VGAP: 0.800000	S1HGAP: 1.000000	TABLEHORZ: 7.000000	SAMPLEV: 41.503226	CALVERT: 4.100521	BPVRT: 46.657988	M1VERT: 6.971044	SAMPLEHOLD: 25.998010	S1HTRAN: 4.775000	

Weights:
 1.000	1.000	1.000	1.000	1.000	1.000	1.000	1.000	1.000	1.000	1.000	1.000	1.000	1.000	1.000	1.000	1.000	1.000	1.000	1.000	1.000	1.000	
Offsets:
 480.9	1036.6	3120.0	0.0	112.4	585.7	0.0	0.0	0.0	0.0	0.2	1.3	0.0	1.5	0.0	0.0	0.0	0.0	79708896.9	79708896.9	79708896.9	79708896.9	
Data:
Real Time Clock
Requested Energy
I0   
I1   
I2   
I3   
MPFB1   
MPFB2   
FF1   
FF2   
FF3   
FF4   
ICR1   
ICR2   
ICR3   
ICR4   
SCA2.1   
SCA2.2   
SCA2.3   
SCA2.4   
TIME1   
TIME2   
TIME3   
TIME4   

1.0	2810.00097656	403270.09375	-117.599998474	6670.0	0.0	-0.40000000596	-26.7000007629	112.0	65.0	0.0	6.0	13249.7998047	4950.70019531	0.0	563.5	0.0	0.0	0.0	0.0	-2855631.0	-2855631.0	-2855631.0	-2855631.0	
1.0	2810.99975586	403151.09375	-120.599998474	6669.0	0.0	-1.39999997616	1.29999995232	113.0	65.0	0.0	8.0	13071.7998047	5024.70019531	0.0	582.5	0.0	0.0	0.0	0.0	-3094588.0	-3094588.0	-3094588.0	-3094588.0	
1.0	2811.99951172	403105.09375	-119.599998474	6676.0	0.0	-2.40000009537	4.30000019073	120.0	60.0	0.0	3.0	13274.7998047	4997.70019531	0.0	561.5	0.0	0.0	0.0	0.0	-3213661.0	-3213661.0	-3213661.0	-3213661.0	
1.0	2813.00024414	403026.09375	-116.599998474	6655.0	0.0	-1.39999997616	-0.699999988079	127.0	71.0	0.0	6.0	13135.7998047	5057.70019531	0.0	530.5	0.0	0.0	0.0	0.0	-2604121.0	-2604121.0	-2604121.0	-2604121.0	
1.0	2813.99951172	402651.09375	-118.599998474	6654.0	0.0	-10.3999996185	5.30000019073	118.0	55.0	0.0	12.0	12818.7998047	5054.70019531	0.0	613.5	0.0	0.0	0.0	0.0	-3069340.0	-3069340.0	-3069340.0	-3069340.0	
1.0	2815.0	402719.09375	-117.599998474	6666.0	0.0	-8.39999961853	5.30000019073	121.0	65.0	0.0	7.0	13351.7998047	5156.70019531	0.0	598.5	0.0	0.0	0.0	0.0	-2862687.0	-2862687.0	-2862687.0	-2862687.0	
1.0	2815.99902344	402600.09375	-115.599998474	6671.0	0.0	-7.40000009537	4.30000019073	122.0	70.0	0.0	6.0	13565.7998047	5119.70019531	0.0	594.5	0.0	0.0	0.0	0.0	-2624400.0	-2624400.0	-2624400.0	-2624400.0	
1.0	2816.99902344	402546.09375	-115.599998474	6675.0	0.0	-11.3999996185	3.29999995232	97.0	70.0	0.0	4.0	13322.7998047	5100.70019531	0.0	587.5	0.0	0.0	0.0	0.0	-2975505.0	-2975505.0	-2975505.0	-2975505.0	
1.0	2818.0	402402.09375	-115.599998474	6662.0	0.0	-21.3999996185	2.29999995232	103.0	69.0	0.0	8.0	13370.7998047	5084.70019531	0.0	575.5	0.0	0.0	0.0	0.0	-2851381.0	-2851381.0	-2851381.0	-2851381.0	
1.0	2818.99975586	402111.09375	-116.599998474	6671.0	0.0	-5.40000009537	1.29999995232	115.0	77.0	0.0	9.0	13267.7998047	5156.70019531	0.0	590.5	0.0	0.0	0.0	0.0	-3299342.0	-3299342.0	-3299342.0	-3299342.0	
1.0	2820.00048828	402324.09375	-116.599998474	6656.0	0.0	10.6000003815	3.29999995232	108.0	70.0	0.0	6.0	13308.7998047	5117.70019531	0.0	609.5	0.0	0.0	0.0	0.0	-2572653.0	-2572653.0	-2572653.0	-2572653.0	
1.0	2820.99975586	402054.09375	-118.599998474	6680.0	0.0	3.59999990463	4.30000019073	117.0	60.0	0.0	9.0	13656.7998047	4893.70019531	0.0	633.5	0.0	0.0	0.0	0.0	-2814288.0	-2814288.0	-2814288.0	-2814288.0	
1.0	2822.0	401736.09375	-117.599998474	6673.0	0.0	-8.39999961853	2.29999995232	127.0	66.0	0.0	7.0	13494.7998047	5107.70019531	0.0	595.5	0.0	0.0	0.0	0.0	-3086808.0	-3086808.0	-3086808.0	-3086808.0	
1.0	2822.9987793	401597.09375	-114.599998474	6671.0	0.0	-11.3999996185	3.29999995232	113.0	78.0	0.0	8.0	13216.7998047	4974.70019531	0.0	624.5	0.0	0.0	0.0	0.0	-3171213.0	-3171213.0	-3171213.0	-3171213.0	
1.0	2824.0012207	401576.09375	-117.599998474	6663.0	0.0	-10.3999996185	5.30000019073	138.0	81.0	0.0	9.0	13274.7998047	5099.70019531	0.0	598.5	0.0	0.0	0.0	0.0	-3843652.0	-3843652.0	-3843652.0	-3843652.0	
1.0	2824.99951172	401180.09375	-110.599998474	6666.0	0.0	-9.39999961853	3.29999995232	114.0	98.0	0.0	11.0	13620.7998047	5134.70019531	0.0	580.5	0.0	0.0	0.0	0.0	-2804555.0	-2804555.0	-2804555.0	-2804555.0	
1.0	2825.99902344	400984.09375	-111.599998474	6665.0	0.0	-10.3999996185	3.29999995232	129.0	80.0	0.0	10.0	13971.7998047	5159.70019531	0.0	603.5	0.0	0.0	0.0	0.0	-2727250.0	-2727250.0	-2727250.0	-2727250.0	
1.0	2826.99951172	400711.09375	-112.599998474	6662.0	0.0	-8.39999961853	2.29999995232	135.0	95.0	0.0	11.0	13402.7998047	5086.70019531	0.0	664.5	0.0	0.0	0.0	0.0	-2685613.0	-2685613.0	-2685613.0	-2685613.0	
1.0	2828.0012207	400816.09375	-117.599998474	6662.0	0.0	-8.39999961853	2.29999995232	111.0	107.0	0.0	6.0	13403.7998047	5128.70019531	0.0	553.5	0.0	0.0	0.0	0.0	-3886359.0	-3886359.0	-3886359.0	-3886359.0	
1.0	2829.0012207	400643.09375	-117.599998474	6660.0	0.0	-9.39999961853	3.29999995232	118.0	94.0	0.0	9.0	13575.7998047	5140.70019531	0.0	619.5	0.0	0.0	0.0	0.0	-2976399.0	-2976399.0	-2976399.0	-2976399.0	
1.0	2829.99975586	400476.09375	-115.599998474	6662.0	0.0	-8.39999961853	3.29999995232	127.0	90.0	0.0	8.0	13433.7998047	5129.70019531	0.0	587.5	0.0	0.0	0.0	0.0	-2818794.0	-2818794.0	-2818794.0	-2818794.0	
1.0	2830.99951172	400379.09375	-118.599998474	6676.0	0.0	-1.39999997616	4.30000019073	135.0	84.0	0.0	9.0	13168.7998047	5149.70019531	0.0	606.5	0.0	0.0	0.0	0.0	-3252004.0	-3252004.0	-3252004.0	-3252004.0	
1.0	2832.00024414	400428.09375	-116.599998474	6669.0	0.0	-1.39999997616	2.29999995232	140.0	118.0	0.0	10.0	13743.7998047	5155.70019531	0.0	624.5	0.0	0.0	0.0	0.0	-2724788.0	-2724788.0	-2724788.0	-2724788.0	
1.0	2832.99926758	400419.09375	-117.599998474	6669.0	0.0	-0.40000000596	2.29999995232	148.0	102.0	0.0	10.0	13477.7998047	5209.70019531	0.0	577.5	0.0	0.0	0.0	0.0	-2898708.0	-2898708.0	-2898708.0	-2898708.0	
1.0	2833.99951172	400281.09375	-116.599998474	6673.0	0.0	1.60000002384	0.300000011921	139.0	102.0	0.0	8.0	13377.7998047	5155.70019531	0.0	611.5	0.0	0.0	0.0	0.0	-3058344.0	-3058344.0	-3058344.0	-3058344.0	
1.0	2835.00073242	400308.09375	-115.599998474	6661.0	0.0	2.59999990463	0.300000011921	167.0	149.0	0.0	7.0	13508.7998047	5336.70019531	0.0	563.5	0.0	0.0	0.0	0.0	-3318633.0	-3318633.0	-3318633.0	-3318633.0	
1.0	2836.00073242	400086.09375	-118.599998474	6663.0	0.0	-3.40000009537	5.30000019073	205.0	218.0	0.0	7.0	13462.7998047	5442.70019531	0.0	613.5	0.0	0.0	0.0	0.0	-2993735.0	-2993735.0	-2993735.0	-2993735.0	
1.0	2836.40039062	400074.09375	-121.599998474	6678.0	0.0	-0.40000000596	8.30000019073	225.0	268.0	0.0	7.0	13417.7998047	5420.70019531	0.0	590.5	0.0	0.0	0.0	0.0	-2506504.0	-2506504.0	-2506504.0	-2506504.0	
1.0	2836.55053711	400033.09375	-117.599998474	6662.0	0.0	10.6000003815	7.30000019073	285.0	288.0	0.0	7.0	13769.7998047	5373.70019531	0.0	639.5	0.0	0.0	0.0	0.0	-2677470.0	-2677470.0	-2677470.0	-2677470.0	
1.0	2836.70092773	399956.09375	-116.599998474	6667.0	0.0	9.60000038147	4.30000019073	264.0	290.0	0.0	12.0	13475.7998047	5335.70019531	0.0	593.5	0.0	0.0	0.0	0.0	-3843372.0	-3843372.0	-3843372.0	-3843372.0	
1.0	2836.85107422	399783.09375	-116.599998474	6673.0	0.0	8.60000038147	3.29999995232	304.0	349.0	0.0	5.0	13885.7998047	5515.70019531	0.0	608.5	0.0	0.0	0.0	0.0	-3262669.0	-3262669.0	-3262669.0	-3262669.0	
1.0	2836.9987793	400057.09375	-119.599998474	6665.0	0.0	8.60000038147	5.30000019073	311.0	353.0	0.0	6.0	13979.7998047	5498.70019531	0.0	593.5	0.0	0.0	0.0	0.0	-2939788.0	-2939788.0	-2939788.0	-2939788.0	
1.0	2837.14916992	399654.09375	-116.599998474	6662.0	0.0	8.60000038147	5.30000019073	314.0	399.0	0.0	6.0	13751.7998047	5674.70019531	0.0	607.5	0.0	0.0	0.0	0.0	-3473667.0	-3473667.0	-3473667.0	-3473667.0	
1.0	2837.29956055	399855.09375	-116.599998474	6696.0	0.0	7.59999990463	1.29999995232	333.0	467.0	0.0	9.0	13752.7998047	5738.70019531	0.0	656.5	0.0	0.0	0.0	0.0	-3127591.0	-3127591.0	-3127591.0	-3127591.0	
1.0	2837.44995117	399586.09375	-118.599998474	6679.0	0.0	6.59999990463	2.29999995232	407.0	468.0	0.0	5.0	14006.7998047	5538.70019531	0.0	643.5	0.0	0.0	0.0	0.0	-2676584.0	-2676584.0	-2676584.0	-2676584.0	
1.0	2837.6003418	399498.09375	-117.599998474	6677.0	0.0	6.59999990463	2.29999995232	454.0	540.0	0.0	6.0	13636.7998047	5905.70019531	0.0	642.5	0.0	0.0	0.0	0.0	-2985258.0	-2985258.0	-2985258.0	-2985258.0	
1.0	2837.75073242	399559.09375	-117.599998474	6667.0	0.0	6.59999990463	1.29999995232	457.0	661.0	0.0	7.0	14163.7998047	5905.70019531	0.0	552.5	0.0	0.0	0.0	0.0	-2767145.0	-2767145.0	-2767145.0	-2767145.0	
1.0	2837.90136719	399307.09375	-119.599998474	6668.0	0.0	0.600000023842	2.29999995232	483.0	677.0	0.0	6.0	13672.7998047	5917.70019531	0.0	630.5	0.0	0.0	0.0	0.0	-2939792.0	-2939792.0	-2939792.0	-2939792.0	
1.0	2838.04907227	399515.09375	-117.599998474	6670.0	0.0	-8.39999961853	1.29999995232	500.0	708.0	0.0	15.0	13763.7998047	6035.70019531	0.0	627.5	0.0	0.0	0.0	0.0	-3247533.0	-3247533.0	-3247533.0	-3247533.0	
1.0	2838.19970703	399456.09375	-119.599998474	6657.0	0.0	-9.39999961853	-0.699999988079	534.0	695.0	0.0	7.0	14020.7998047	5954.70019531	0.0	666.5	0.0	0.0	0.0	0.0	-3168679.0	-3168679.0	-3168679.0	-3168679.0	
1.0	2838.35009766	400173.09375	-119.599998474	6669.0	0.0	2.59999990463	3.29999995232	534.0	705.0	0.0	7.0	14091.7998047	5993.70019531	0.0	610.5	0.0	0.0	0.0	0.0	-2716712.0	-2716712.0	-2716712.0	-2716712.0	
1.0	2838.50073242	401617.09375	-119.599998474	6675.0	0.0	4.59999990463	4.30000019073	508.0	710.0	0.0	7.0	13932.7998047	6058.70019531	0.0	596.5	0.0	0.0	0.0	0.0	-3138189.0	-3138189.0	-3138189.0	-3138189.0	
1.0	2838.64868164	402665.09375	-115.599998474	6662.0	0.0	4.59999990463	3.29999995232	461.0	668.0	0.0	8.0	13883.7998047	5953.70019531	0.0	646.5	0.0	0.0	0.0	0.0	-2695402.0	-2695402.0	-2695402.0	-2695402.0	
1.0	2838.79931641	403890.09375	-118.599998474	6678.0	0.0	-7.40000009537	2.29999995232	479.0	670.0	0.0	4.0	13848.7998047	5959.70019531	0.0	579.5	0.0	0.0	0.0	0.0	-3083939.0	-3083939.0	-3083939.0	-3083939.0	
1.0	2838.94995117	404412.09375	-117.599998474	6673.0	0.0	-11.3999996185	1.29999995232	458.0	599.0	0.0	4.0	14147.7998047	5705.70019531	0.0	618.5	0.0	0.0	0.0	0.0	-3158144.0	-3158144.0	-3158144.0	-3158144.0	
1.0	2839.10058594	404484.09375	-117.599998474	6677.0	0.0	-15.3999996185	1.29999995232	477.0	638.0	0.0	6.0	14036.7998047	5999.70019531	0.0	637.5	0.0	0.0	0.0	0.0	-3288806.0	-3288806.0	-3288806.0	-3288806.0	
1.0	2839.2487793	404648.09375	-119.599998474	6686.0	0.0	-17.3999996185	3.29999995232	465.0	651.0	0.0	5.0	13871.7998047	6053.70019531	0.0	622.5	0.0	0.0	0.0	0.0	-2958290.0	-2958290.0	-2958290.0	-2958290.0	
1.0	2839.39941406	404276.09375	-117.599998474	6676.0	0.0	-13.3999996185	3.29999995232	489.0	658.0	0.0	6.0	14349.7998047	5906.70019531	0.0	607.5	0.0	0.0	0.0	0.0	-3211195.0	-3211195.0	-3211195.0	-3211195.0	
1.0	2839.55004883	404214.09375	-121.599998474	6677.0	0.0	-14.3999996185	5.30000019073	527.0	694.0	0.0	10.0	14484.7998047	6020.70019531	0.0	631.5	0.0	0.0	0.0	0.0	-3026252.0	-3026252.0	-3026252.0	-3026252.0	
1.0	2839.70092773	404458.09375	-117.599998474	6676.0	0.0	-12.3999996185	6.30000019073	522.0	697.0	0.0	7.0	14116.7998047	5982.70019531	0.0	613.5	0.0	0.0	0.0	0.0	-2752422.0	-2752422.0	-2752422.0	-2752422.0	
1.0	2839.84912109	404297.09375	-122.599998474	6679.0	0.0	-13.3999996185	7.30000019073	534.0	751.0	0.0	8.0	14022.7998047	5994.70019531	0.0	608.5	0.0	0.0	0.0	0.0	-3043445.0	-3043445.0	-3043445.0	-3043445.0	
1.0	2840.0	404094.09375	-134.600006104	6676.0	0.0	-9.39999961853	5.30000019073	655.0	842.0	0.0	11.0	14380.7998047	6271.70019531	0.0	666.5	0.0	0.0	0.0	0.0	-2824141.0	-2824141.0	-2824141.0	-2824141.0	
1.0	2840.15063477	404390.09375	-114.599998474	6680.0	0.0	-4.40000009537	1.29999995232	653.0	901.0	0.0	3.0	14107.7998047	6248.70019531	0.0	650.5	0.0	0.0	0.0	0.0	-2565099.0	-2565099.0	-2565099.0	-2565099.0	
1.0	2840.29907227	404084.09375	-115.599998474	6684.0	0.0	-3.40000009537	4.30000019073	732.0	1025.0	0.0	5.0	14469.7998047	6475.70019531	0.0	646.5	0.0	0.0	0.0	0.0	-2985879.0	-2985879.0	-2985879.0	-2985879.0	
1.0	2840.44970703	403924.09375	-115.599998474	6675.0	0.0	-2.40000009537	2.29999995232	749.0	1107.0	0.0	7.0	14133.7998047	6413.70019531	0.0	626.5	0.0	0.0	0.0	0.0	-3163181.0	-3163181.0	-3163181.0	-3163181.0	
1.0	2840.60058594	403762.09375	-114.599998474	6674.0	0.0	-4.40000009537	4.30000019073	847.0	1300.0	0.0	9.0	14186.7998047	6702.70019531	0.0	627.5	0.0	0.0	0.0	0.0	-2824910.0	-2824910.0	-2824910.0	-2824910.0	
1.0	2840.74902344	404026.09375	-117.599998474	6680.0	0.0	-4.40000009537	3.29999995232	969.0	1381.0	0.0	8.0	14625.7998047	6803.70019531	0.0	614.5	0.0	0.0	0.0	0.0	-3325911.0	-3325911.0	-3325911.0	-3325911.0	
1.0	2840.89990234	404294.09375	-117.599998474	6677.0	0.0	-4.40000009537	-4.69999980927	1003.0	1554.0	0.0	5.0	13905.7998047	7010.70019531	0.0	600.5	0.0	0.0	0.0	0.0	-2947629.0	-2947629.0	-2947629.0	-2947629.0	
1.0	2841.05102539	403991.09375	-112.599998474	6673.0	0.0	-3.40000009537	-11.6999998093	1158.0	1753.0	0.0	5.0	14943.7998047	7254.70019531	0.0	586.5	0.0	0.0	0.0	0.0	-2802842.0	-2802842.0	-2802842.0	-2802842.0	
1.0	2841.19921875	403847.09375	-114.599998474	6681.0	0.0	-4.40000009537	-10.6999998093	1182.0	1744.0	0.0	9.0	14787.7998047	7244.70019531	0.0	609.5	0.0	0.0	0.0	0.0	-3192185.0	-3192185.0	-3192185.0	-3192185.0	
1.0	2841.3503418	403776.09375	-116.599998474	6673.0	0.0	-19.3999996185	-22.7000007629	1301.0	1996.0	0.0	7.0	14583.7998047	7583.70019531	0.0	637.5	0.0	0.0	0.0	0.0	-2483222.0	-2483222.0	-2483222.0	-2483222.0	
1.0	2841.4987793	403951.09375	-115.599998474	6672.0	0.0	-20.3999996185	-26.7000007629	1319.0	2019.0	0.0	5.0	14914.7998047	7463.70019531	0.0	586.5	0.0	0.0	0.0	0.0	-2631427.0	-2631427.0	-2631427.0	-2631427.0	
1.0	2841.64990234	403796.09375	-113.599998474	6676.0	0.0	-18.3999996185	-24.7000007629	1277.0	1990.0	0.0	8.0	14357.7998047	7597.70019531	0.0	596.5	0.0	0.0	0.0	0.0	-3341732.0	-3341732.0	-3341732.0	-3341732.0	
1.0	2841.80078125	403554.09375	-114.599998474	6670.0	0.0	-14.3999996185	-22.7000007629	1358.0	2002.0	0.0	5.0	14458.7998047	7555.70019531	0.0	608.5	0.0	0.0	0.0	0.0	-3148255.0	-3148255.0	-3148255.0	-3148255.0	
1.0	2841.94946289	403485.09375	-116.599998474	6675.0	0.0	-7.40000009537	-7.69999980927	1287.0	1963.0	0.0	9.0	14555.7998047	7598.70019531	0.0	589.5	0.0	0.0	0.0	0.0	-2963311.0	-2963311.0	-2963311.0	-2963311.0	
1.0	2842.10058594	403825.09375	-115.599998474	6678.0	0.0	-5.40000009537	-6.69999980927	1272.0	2079.0	0.0	7.0	14830.7998047	7723.70019531	0.0	576.5	0.0	0.0	0.0	0.0	-3319639.0	-3319639.0	-3319639.0	-3319639.0	
1.0	2842.24902344	403334.09375	-119.599998474	6680.0	0.0	-7.40000009537	-5.69999980927	1142.0	1826.0	0.0	10.0	14089.7998047	7351.70019531	0.0	634.5	0.0	0.0	0.0	0.0	-2860053.0	-2860053.0	-2860053.0	-2860053.0	
1.0	2842.40014648	403260.09375	-114.599998474	6678.0	0.0	-8.39999961853	-4.69999980927	1131.0	1767.0	0.0	13.0	14448.7998047	7351.70019531	0.0	613.5	0.0	0.0	0.0	0.0	-2961408.0	-2961408.0	-2961408.0	-2961408.0	
1.0	2842.54882812	403522.09375	-113.599998474	6675.0	0.0	-8.39999961853	-5.69999980927	1005.0	1592.0	0.0	5.0	14583.7998047	6913.70019531	0.0	609.5	0.0	0.0	0.0	0.0	-3695601.0	-3695601.0	-3695601.0	-3695601.0	
1.0	2842.69995117	403422.09375	-117.599998474	6666.0	0.0	-7.40000009537	-5.69999980927	953.0	1520.0	0.0	7.0	14226.7998047	6924.70019531	0.0	631.5	0.0	0.0	0.0	0.0	-2670238.0	-2670238.0	-2670238.0	-2670238.0	
1.0	2842.84863281	403377.09375	-114.599998474	6675.0	0.0	-6.40000009537	-4.69999980927	932.0	1304.0	0.0	9.0	14634.7998047	6845.70019531	0.0	623.5	0.0	0.0	0.0	0.0	-3299209.0	-3299209.0	-3299209.0	-3299209.0	
1.0	2843.0	403101.09375	-115.599998474	6662.0	0.0	-4.40000009537	0.300000011921	843.0	1217.0	0.0	4.0	14102.7998047	6394.70019531	0.0	665.5	0.0	0.0	0.0	0.0	-3720834.0	-3720834.0	-3720834.0	-3720834.0	
1.0	2843.15136719	403391.09375	-111.599998474	6684.0	0.0	-2.40000009537	-3.70000004768	775.0	1221.0	0.0	7.0	14934.7998047	6633.70019531	0.0	595.5	0.0	0.0	0.0	0.0	-2727044.0	-2727044.0	-2727044.0	-2727044.0	
1.0	2843.30004883	403245.09375	-112.599998474	6683.0	0.0	-2.40000009537	-3.70000004768	690.0	1131.0	0.0	5.0	13660.7998047	6688.70019531	0.0	597.5	0.0	0.0	0.0	0.0	-2954951.0	-2954951.0	-2954951.0	-2954951.0	
1.0	2843.44873047	403097.09375	-111.599998474	6683.0	0.0	-5.40000009537	-6.69999980927	677.0	1006.0	0.0	6.0	14198.7998047	6353.70019531	0.0	594.5	0.0	0.0	0.0	0.0	-3489150.0	-3489150.0	-3489150.0	-3489150.0	
1.0	2843.60009766	403063.09375	-111.599998474	6686.0	0.0	-2.40000009537	4.30000019073	643.0	916.0	0.0	6.0	14235.7998047	6300.70019531	0.0	615.5	0.0	0.0	0.0	0.0	-3133536.0	-3133536.0	-3133536.0	-3133536.0	
1.0	2843.74902344	403080.09375	-108.599998474	6686.0	0.0	-4.40000009537	4.30000019073	668.0	888.0	0.0	7.0	14840.7998047	6267.70019531	0.0	627.5	0.0	0.0	0.0	0.0	-2818442.0	-2818442.0	-2818442.0	-2818442.0	
1.0	2843.90039062	402913.09375	-109.599998474	6691.0	0.0	-4.40000009537	4.30000019073	555.0	844.0	0.0	4.0	14542.7998047	6147.70019531	0.0	628.5	0.0	0.0	0.0	0.0	-3465789.0	-3465789.0	-3465789.0	-3465789.0	
1.0	2844.04907227	402814.09375	-111.599998474	6687.0	0.0	-3.40000009537	1.29999995232	626.0	775.0	0.0	7.0	13952.7998047	6208.70019531	0.0	631.5	0.0	0.0	0.0	0.0	-3207069.0	-3207069.0	-3207069.0	-3207069.0	
1.0	2844.20068359	402721.09375	-112.599998474	6679.0	0.0	-4.40000009537	2.29999995232	554.0	739.0	0.0	5.0	14617.7998047	5941.70019531	0.0	633.5	0.0	0.0	0.0	0.0	-3188996.0	-3188996.0	-3188996.0	-3188996.0	
1.0	2844.34936523	403069.09375	-111.599998474	6689.0	0.0	-4.40000009537	3.29999995232	521.0	699.0	0.0	6.0	13944.7998047	6026.70019531	0.0	546.5	0.0	0.0	0.0	0.0	-3770572.0	-3770572.0	-3770572.0	-3770572.0	
1.0	2844.50097656	402962.09375	-113.599998474	6691.0	0.0	-4.40000009537	-0.699999988079	505.0	673.0	0.0	6.0	14478.7998047	5924.70019531	0.0	621.5	0.0	0.0	0.0	0.0	-2648436.0	-2648436.0	-2648436.0	-2648436.0	
1.0	2844.64990234	402942.09375	-111.599998474	6673.0	0.0	-4.40000009537	1.29999995232	456.0	676.0	0.0	4.0	13887.7998047	5970.70019531	0.0	611.5	0.0	0.0	0.0	0.0	-2795300.0	-2795300.0	-2795300.0	-2795300.0	
1.0	2844.79882812	402926.09375	-112.599998474	6672.0	0.0	-4.40000009537	-2.70000004768	435.0	649.0	0.0	7.0	14375.7998047	5929.70019531	0.0	610.5	0.0	0.0	0.0	0.0	-3120666.0	-3120666.0	-3120666.0	-3120666.0	
1.0	2844.95043945	402737.09375	-116.599998474	6673.0	0.0	-5.40000009537	-15.6999998093	474.0	621.0	0.0	10.0	14459.7998047	5981.70019531	0.0	625.5	0.0	0.0	0.0	0.0	-2759007.0	-2759007.0	-2759007.0	-2759007.0	
1.0	2845.09936523	402691.09375	-111.599998474	6659.0	0.0	-3.40000009537	-18.7000007629	494.0	606.0	0.0	8.0	14028.7998047	5877.70019531	0.0	652.5	0.0	0.0	0.0	0.0	-3156088.0	-3156088.0	-3156088.0	-3156088.0	
1.0	2845.25097656	402378.09375	-113.599998474	6672.0	0.0	-11.3999996185	-3.70000004768	495.0	681.0	0.0	12.0	13977.7998047	6161.70019531	0.0	603.5	0.0	0.0	0.0	0.0	-3238115.0	-3238115.0	-3238115.0	-3238115.0	
1.0	2845.40014648	402706.09375	-112.599998474	6677.0	0.0	-14.3999996185	-2.70000004768	484.0	596.0	0.0	9.0	14288.7998047	5844.70019531	0.0	594.5	0.0	0.0	0.0	0.0	-3143686.0	-3143686.0	-3143686.0	-3143686.0	
1.0	2845.54907227	402395.09375	-112.599998474	6688.0	0.0	-16.3999996185	-1.70000004768	462.0	627.0	0.0	14.0	14537.7998047	5910.70019531	0.0	640.5	0.0	0.0	0.0	0.0	-3082373.0	-3082373.0	-3082373.0	-3082373.0	
1.0	2845.70092773	402545.09375	-110.599998474	6675.0	0.0	-17.3999996185	1.29999995232	440.0	611.0	0.0	10.0	14442.7998047	5828.70019531	0.0	636.5	0.0	0.0	0.0	0.0	-2952341.0	-2952341.0	-2952341.0	-2952341.0	
1.0	2845.85009766	402542.09375	-111.599998474	6670.0	0.0	-15.3999996185	3.29999995232	450.0	649.0	0.0	9.0	13817.7998047	6165.70019531	0.0	641.5	0.0	0.0	0.0	0.0	-2735100.0	-2735100.0	-2735100.0	-2735100.0	
1.0	2845.99902344	402678.09375	-115.599998474	6678.0	0.0	-14.3999996185	0.300000011921	445.0	618.0	0.0	7.0	14084.7998047	6000.70019531	0.0	606.5	0.0	0.0	0.0	0.0	-3264631.0	-3264631.0	-3264631.0	-3264631.0	
1.0	2846.15087891	402372.09375	-114.599998474	6667.0	0.0	-14.3999996185	2.29999995232	442.0	627.0	0.0	7.0	14714.7998047	6022.70019531	0.0	644.5	0.0	0.0	0.0	0.0	-2829323.0	-2829323.0	-2829323.0	-2829323.0	
1.0	2846.30004883	402130.09375	-112.599998474	6675.0	0.0	-14.3999996185	-0.699999988079	419.0	535.0	0.0	5.0	14133.7998047	5950.70019531	0.0	649.5	0.0	0.0	0.0	0.0	-2975792.0	-2975792.0	-2975792.0	-2975792.0	
1.0	2846.44921875	402346.09375	-114.599998474	6686.0	0.0	-15.3999996185	-1.70000004768	417.0	507.0	0.0	6.0	14073.7998047	5921.70019531	0.0	613.5	0.0	0.0	0.0	0.0	-3067545.0	-3067545.0	-3067545.0	-3067545.0	
1.0	2846.60107422	402133.09375	-112.599998474	6676.0	0.0	-15.3999996185	-1.70000004768	365.0	561.0	0.0	11.0	13929.7998047	5916.70019531	0.0	651.5	0.0	0.0	0.0	0.0	-2753467.0	-2753467.0	-2753467.0	-2753467.0	
1.0	2846.75024414	402281.09375	-110.599998474	6663.0	0.0	-16.3999996185	-1.70000004768	389.0	511.0	0.0	7.0	14351.7998047	5708.70019531	0.0	628.5	0.0	0.0	0.0	0.0	-2966260.0	-2966260.0	-2966260.0	-2966260.0	
1.0	2846.8996582	402162.09375	-111.599998474	6675.0	0.0	-15.3999996185	0.300000011921	347.0	493.0	0.0	6.0	13767.7998047	5973.70019531	0.0	590.5	0.0	0.0	0.0	0.0	-3290045.0	-3290045.0	-3290045.0	-3290045.0	
1.0	2847.04907227	402237.09375	-110.599998474	6678.0	0.0	-12.3999996185	1.29999995232	337.0	504.0	0.0	8.0	14349.7998047	5900.70019531	0.0	636.5	0.0	0.0	0.0	0.0	-2676749.0	-2676749.0	-2676749.0	-2676749.0	
1.0	2847.20092773	402109.09375	-115.599998474	6664.0	0.0	-12.3999996185	2.29999995232	391.0	460.0	0.0	11.0	14236.7998047	5802.70019531	0.0	645.5	0.0	0.0	0.0	0.0	-3066254.0	-3066254.0	-3066254.0	-3066254.0	
1.0	2847.3503418	402278.09375	-115.599998474	6664.0	0.0	-14.3999996185	-0.699999988079	359.0	505.0	0.0	12.0	14314.7998047	5698.70019531	0.0	627.5	0.0	0.0	0.0	0.0	-2598787.0	-2598787.0	-2598787.0	-2598787.0	
1.0	2847.49951172	402067.09375	-113.599998474	6673.0	0.0	-15.3999996185	2.29999995232	340.0	473.0	0.0	9.0	14417.7998047	5840.70019531	0.0	636.5	0.0	0.0	0.0	0.0	-2923116.0	-2923116.0	-2923116.0	-2923116.0	
1.0	2847.64892578	402070.09375	-116.599998474	6669.0	0.0	-13.3999996185	2.29999995232	372.0	437.0	0.0	9.0	14332.7998047	5806.70019531	0.0	634.5	0.0	0.0	0.0	0.0	-2519965.0	-2519965.0	-2519965.0	-2519965.0	
1.0	2847.80102539	402073.09375	-109.599998474	6669.0	0.0	-16.3999996185	-7.69999980927	330.0	464.0	0.0	7.0	14049.7998047	5868.70019531	0.0	592.5	0.0	0.0	0.0	0.0	-3117847.0	-3117847.0	-3117847.0	-3117847.0	
1.0	2847.95043945	401762.09375	-115.599998474	6679.0	0.0	-14.3999996185	-11.6999998093	341.0	412.0	0.0	6.0	14281.7998047	5699.70019531	0.0	651.5	0.0	0.0	0.0	0.0	-2562449.0	-2562449.0	-2562449.0	-2562449.0	
1.0	2848.09985352	401633.09375	-114.599998474	6668.0	0.0	-12.3999996185	-9.69999980927	366.0	400.0	0.0	4.0	14117.7998047	5701.70019531	0.0	651.5	0.0	0.0	0.0	0.0	-3014021.0	-3014021.0	-3014021.0	-3014021.0	
1.0	2848.24951172	401742.09375	-112.599998474	6667.0	0.0	-8.39999961853	-9.69999980927	330.0	400.0	0.0	9.0	14313.7998047	5697.70019531	0.0	630.5	0.0	0.0	0.0	0.0	-2498456.0	-2498456.0	-2498456.0	-2498456.0	
1.0	2848.39892578	401559.09375	-112.599998474	6662.0	0.0	-6.40000009537	-7.69999980927	306.0	371.0	0.0	11.0	14050.7998047	5754.70019531	0.0	617.5	0.0	0.0	0.0	0.0	-2506732.0	-2506732.0	-2506732.0	-2506732.0	
1.0	2848.55102539	401577.09375	-112.599998474	6656.0	0.0	-6.40000009537	-6.69999980927	297.0	376.0	0.0	3.0	14238.7998047	5736.70019531	0.0	621.5	0.0	0.0	0.0	0.0	-3088832.0	-3088832.0	-3088832.0	-3088832.0	
1.0	2848.70068359	401752.09375	-112.599998474	6661.0	0.0	-6.40000009537	-8.69999980927	324.0	353.0	0.0	7.0	14523.7998047	5696.70019531	0.0	623.5	0.0	0.0	0.0	0.0	-2621083.0	-2621083.0	-2621083.0	-2621083.0	
1.0	2848.85009766	401506.09375	-113.599998474	6670.0	0.0	-6.40000009537	-6.69999980927	310.0	340.0	0.0	3.0	14161.7998047	5604.70019531	0.0	600.5	0.0	0.0	0.0	0.0	-3171262.0	-3171262.0	-3171262.0	-3171262.0	
1.0	2848.99975586	401665.09375	-115.599998474	6674.0	0.0	-5.40000009537	-5.69999980927	325.0	395.0	0.0	4.0	14110.7998047	5722.70019531	0.0	627.5	0.0	0.0	0.0	0.0	-2567231.0	-2567231.0	-2567231.0	-2567231.0	
1.0	2849.14941406	401403.09375	-114.599998474	6670.0	0.0	-5.40000009537	-5.69999980927	312.0	368.0	0.0	6.0	14009.7998047	5856.70019531	0.0	661.5	0.0	0.0	0.0	0.0	-3003790.0	-3003790.0	-3003790.0	-3003790.0	
1.0	2849.29907227	401544.09375	-116.599998474	6662.0	0.0	-5.40000009537	-6.69999980927	283.0	343.0	0.0	6.0	14156.7998047	5736.70019531	0.0	656.5	0.0	0.0	0.0	0.0	-3336805.0	-3336805.0	-3336805.0	-3336805.0	
1.0	2849.44873047	401407.09375	-115.599998474	6680.0	0.0	-4.40000009537	-4.69999980927	285.0	382.0	0.0	7.0	14158.7998047	5738.70019531	0.0	639.5	0.0	0.0	0.0	0.0	-2660482.0	-2660482.0	-2660482.0	-2660482.0	
1.0	2849.60107422	401435.09375	-116.599998474	6663.0	0.0	-4.40000009537	-14.6999998093	292.0	360.0	0.0	11.0	14309.7998047	5617.70019531	0.0	575.5	0.0	0.0	0.0	0.0	-3210145.0	-3210145.0	-3210145.0	-3210145.0	
1.0	2849.75073242	401368.09375	-122.599998474	6672.0	0.0	-3.40000009537	-7.69999980927	286.0	362.0	0.0	5.0	13781.7998047	5845.70019531	0.0	635.5	0.0	0.0	0.0	0.0	-3486905.0	-3486905.0	-3486905.0	-3486905.0	
1.0	2849.90063477	401418.09375	-118.599998474	6659.0	0.0	-4.40000009537	-6.69999980927	310.0	345.0	0.0	3.0	13941.7998047	5732.70019531	0.0	584.5	0.0	0.0	0.0	0.0	-3036215.0	-3036215.0	-3036215.0	-3036215.0	
1.0	2850.0012207	401237.09375	-118.599998474	6665.0	0.0	-5.40000009537	-6.69999980927	299.0	369.0	0.0	8.0	14438.7998047	5704.70019531	0.0	636.5	0.0	0.0	0.0	0.0	-3136172.0	-3136172.0	-3136172.0	-3136172.0	
1.0	2850.60058594	401029.09375	-120.599998474	6661.0	0.0	1.60000002384	-3.70000004768	336.0	366.0	0.0	5.0	14240.7998047	5689.70019531	0.0	680.5	0.0	0.0	0.0	0.0	-2576155.0	-2576155.0	-2576155.0	-2576155.0	
1.0	2851.20019531	401232.09375	-120.599998474	6672.0	0.0	10.6000003815	-5.69999980927	322.0	364.0	0.0	9.0	14020.7998047	5773.70019531	0.0	610.5	0.0	0.0	0.0	0.0	-2897079.0	-2897079.0	-2897079.0	-2897079.0	
1.0	2851.80029297	401239.09375	-115.599998474	6679.0	0.0	7.59999990463	-4.69999980927	285.0	394.0	0.0	4.0	14135.7998047	5693.70019531	0.0	610.5	0.0	0.0	0.0	0.0	-2837825.0	-2837825.0	-2837825.0	-2837825.0	
1.0	2852.40063477	400956.09375	-122.599998474	6677.0	0.0	8.60000038147	-4.69999980927	323.0	388.0	0.0	7.0	14259.7998047	5646.70019531	0.0	599.5	0.0	0.0	0.0	0.0	-3324913.0	-3324913.0	-3324913.0	-3324913.0	
1.0	2852.9987793	400921.09375	-119.599998474	6682.0	0.0	-5.40000009537	-6.69999980927	308.0	410.0	0.0	2.0	14040.7998047	5938.70019531	0.0	571.5	0.0	0.0	0.0	0.0	-2892824.0	-2892824.0	-2892824.0	-2892824.0	
1.0	2853.59985352	401056.09375	-117.599998474	6685.0	0.0	-7.40000009537	-16.7000007629	283.0	397.0	0.0	13.0	14103.7998047	5732.70019531	0.0	604.5	0.0	0.0	0.0	0.0	-3115893.0	-3115893.0	-3115893.0	-3115893.0	
1.0	2854.19897461	400913.09375	-115.599998474	6673.0	0.0	-7.40000009537	-15.6999998093	307.0	418.0	0.0	9.0	14420.7998047	5675.70019531	0.0	555.5	0.0	0.0	0.0	0.0	-3273079.0	-3273079.0	-3273079.0	-3273079.0	
1.0	2854.80078125	401005.09375	-119.599998474	6683.0	0.0	-8.39999961853	-11.6999998093	292.0	379.0	0.0	6.0	14471.7998047	5833.70019531	0.0	605.5	0.0	0.0	0.0	0.0	-2665114.0	-2665114.0	-2665114.0	-2665114.0	
1.0	2855.40039062	400814.09375	-117.599998474	6682.0	0.0	-5.40000009537	-11.6999998093	313.0	357.0	0.0	7.0	14306.7998047	5780.70019531	0.0	606.5	0.0	0.0	0.0	0.0	-3291488.0	-3291488.0	-3291488.0	-3291488.0	
1.0	2856.00048828	400685.09375	-117.599998474	6673.0	0.0	-6.40000009537	-20.7000007629	299.0	338.0	0.0	7.0	14306.7998047	5727.70019531	0.0	605.5	0.0	0.0	0.0	0.0	-2949271.0	-2949271.0	-2949271.0	-2949271.0	
1.0	2856.60083008	400560.09375	-121.599998474	6694.0	0.0	-5.40000009537	-21.7000007629	289.0	362.0	0.0	6.0	14410.7998047	5901.70019531	0.0	658.5	0.0	0.0	0.0	0.0	-2604546.0	-2604546.0	-2604546.0	-2604546.0	
1.0	2857.19897461	400576.09375	-124.599998474	6691.0	0.0	-5.40000009537	-24.7000007629	292.0	335.0	0.0	12.0	14149.7998047	5700.70019531	0.0	607.5	0.0	0.0	0.0	0.0	-3297755.0	-3297755.0	-3297755.0	-3297755.0	
1.0	2857.80004883	400369.09375	-125.599998474	6680.0	0.0	-6.40000009537	-9.69999980927	266.0	371.0	0.0	7.0	14218.7998047	5747.70019531	0.0	631.5	0.0	0.0	0.0	0.0	-3215083.0	-3215083.0	-3215083.0	-3215083.0	
1.0	2858.39892578	400439.09375	-123.599998474	6686.0	0.0	-4.40000009537	-16.7000007629	299.0	375.0	0.0	6.0	13782.7998047	5788.70019531	0.0	544.5	0.0	0.0	0.0	0.0	-3259356.0	-3259356.0	-3259356.0	-3259356.0	
1.0	2859.00073242	400443.09375	-122.599998474	6661.0	0.0	-5.40000009537	-20.7000007629	281.0	421.0	0.0	4.0	14644.7998047	5882.70019531	0.0	641.5	0.0	0.0	0.0	0.0	-2815211.0	-2815211.0	-2815211.0	-2815211.0	
1.0	2859.6003418	400145.09375	-125.599998474	6684.0	0.0	-6.40000009537	-23.7000007629	332.0	400.0	0.0	8.0	14304.7998047	5835.70019531	0.0	626.5	0.0	0.0	0.0	0.0	-2644596.0	-2644596.0	-2644596.0	-2644596.0	
1.0	2860.20043945	400097.09375	-123.599998474	6680.0	0.0	-3.40000009537	-22.7000007629	325.0	392.0	0.0	13.0	14057.7998047	5840.70019531	0.0	635.5	0.0	0.0	0.0	0.0	-2642433.0	-2642433.0	-2642433.0	-2642433.0	
1.0	2860.80078125	400221.09375	-124.599998474	6682.0	0.0	-4.40000009537	-24.7000007629	336.0	416.0	0.0	7.0	14234.7998047	5684.70019531	0.0	623.5	0.0	0.0	0.0	0.0	-3231595.0	-3231595.0	-3231595.0	-3231595.0	
1.0	2861.39892578	400008.09375	-121.599998474	6690.0	0.0	-5.40000009537	-11.6999998093	316.0	407.0	0.0	7.0	14694.7998047	5798.70019531	0.0	622.5	0.0	0.0	0.0	0.0	-2526520.0	-2526520.0	-2526520.0	-2526520.0	
1.0	2862.0	399806.09375	-125.599998474	6675.0	0.0	-9.39999961853	-9.69999980927	315.0	396.0	0.0	12.0	14392.7998047	5840.70019531	0.0	659.5	0.0	0.0	0.0	0.0	-2839001.0	-2839001.0	-2839001.0	-2839001.0	
1.0	2862.59887695	399881.09375	-124.599998474	6676.0	0.0	-10.3999996185	-10.6999998093	295.0	446.0	0.0	4.0	14432.7998047	5849.70019531	0.0	607.5	0.0	0.0	0.0	0.0	-3077956.0	-3077956.0	-3077956.0	-3077956.0	
1.0	2863.20068359	399935.09375	-124.599998474	6686.0	0.0	-6.40000009537	-9.69999980927	277.0	445.0	0.0	7.0	14320.7998047	5933.70019531	0.0	631.5	0.0	0.0	0.0	0.0	-3097741.0	-3097741.0	-3097741.0	-3097741.0	
1.0	2863.80029297	399570.09375	-121.599998474	6674.0	0.0	-9.39999961853	-7.69999980927	300.0	391.0	0.0	4.0	14306.7998047	5808.70019531	0.0	608.5	0.0	0.0	0.0	0.0	-3595066.0	-3595066.0	-3595066.0	-3595066.0	
1.0	2864.40014648	399648.09375	-127.599998474	6668.0	0.0	-3.40000009537	-9.69999980927	340.0	431.0	0.0	5.0	14433.7998047	5755.70019531	0.0	663.5	0.0	0.0	0.0	0.0	-2621765.0	-2621765.0	-2621765.0	-2621765.0	
1.0	2865.00048828	399664.09375	-129.600006104	6665.0	0.0	-6.40000009537	-8.69999980927	296.0	390.0	0.0	4.0	14142.7998047	5785.70019531	0.0	637.5	0.0	0.0	0.0	0.0	-2733034.0	-2733034.0	-2733034.0	-2733034.0	
1.0	2865.60107422	399375.09375	-130.600006104	6686.0	0.0	-8.39999961853	-8.69999980927	322.0	367.0	0.0	6.0	14495.7998047	5828.70019531	0.0	651.5	0.0	0.0	0.0	0.0	-3027420.0	-3027420.0	-3027420.0	-3027420.0	
1.0	2866.19946289	399331.09375	-128.600006104	6675.0	0.0	-8.39999961853	-8.69999980927	311.0	350.0	0.0	3.0	14725.7998047	5689.70019531	0.0	632.5	0.0	0.0	0.0	0.0	-2563367.0	-2563367.0	-2563367.0	-2563367.0	
1.0	2866.80078125	399259.09375	-131.600006104	6673.0	0.0	-6.40000009537	-9.69999980927	301.0	352.0	0.0	6.0	14421.7998047	5862.70019531	0.0	643.5	0.0	0.0	0.0	0.0	-3027957.0	-3027957.0	-3027957.0	-3027957.0	
1.0	2867.40014648	399247.09375	-129.600006104	6674.0	0.0	-8.39999961853	-4.69999980927	326.0	366.0	0.0	10.0	14405.7998047	5729.70019531	0.0	686.5	0.0	0.0	0.0	0.0	-3335413.0	-3335413.0	-3335413.0	-3335413.0	
1.0	2867.99951172	399163.09375	-129.600006104	6674.0	0.0	-20.3999996185	-9.69999980927	307.0	387.0	0.0	10.0	14621.7998047	5888.70019531	0.0	609.5	0.0	0.0	0.0	0.0	-2627145.0	-2627145.0	-2627145.0	-2627145.0	
1.0	2868.59936523	399228.09375	-133.600006104	6677.0	0.0	-20.3999996185	-10.6999998093	334.0	365.0	0.0	4.0	14275.7998047	5788.70019531	0.0	642.5	0.0	0.0	0.0	0.0	-3076887.0	-3076887.0	-3076887.0	-3076887.0	
1.0	2869.19970703	398905.09375	-132.600006104	6680.0	0.0	-22.3999996185	-12.6999998093	291.0	374.0	0.0	9.0	14278.7998047	6010.70019531	0.0	624.5	0.0	0.0	0.0	0.0	-2724647.0	-2724647.0	-2724647.0	-2724647.0	
1.0	2869.80029297	398717.09375	-130.600006104	6682.0	0.0	-21.3999996185	-10.6999998093	279.0	365.0	0.0	8.0	14627.7998047	5810.70019531	0.0	615.5	0.0	0.0	0.0	0.0	-2631053.0	-2631053.0	-2631053.0	-2631053.0	
1.0	2870.00048828	398804.09375	-131.600006104	6679.0	0.0	-22.3999996185	-10.6999998093	322.0	407.0	0.0	4.0	14552.7998047	5842.70019531	0.0	670.5	0.0	0.0	0.0	0.0	-3115443.0	-3115443.0	-3115443.0	-3115443.0	
1.0	2871.5012207	398623.09375	-132.600006104	6672.0	0.0	-22.3999996185	-10.6999998093	298.0	391.0	0.0	2.0	14052.7998047	5803.70019531	0.0	574.5	0.0	0.0	0.0	0.0	-3096410.0	-3096410.0	-3096410.0	-3096410.0	
1.0	2872.99902344	398597.09375	-130.600006104	6677.0	0.0	-15.3999996185	-7.69999980927	302.0	356.0	0.0	3.0	14550.7998047	5922.70019531	0.0	604.5	0.0	0.0	0.0	0.0	-2875146.0	-2875146.0	-2875146.0	-2875146.0	
1.0	2874.49902344	398520.09375	-128.600006104	6675.0	0.0	-8.39999961853	-7.69999980927	324.0	391.0	0.0	9.0	14474.7998047	5920.70019531	0.0	661.5	0.0	0.0	0.0	0.0	-3165237.0	-3165237.0	-3165237.0	-3165237.0	
1.0	2876.0012207	398318.09375	-134.600006104	6694.0	0.0	-10.3999996185	-8.69999980927	340.0	420.0	0.0	7.0	14686.7998047	5883.70019531	0.0	623.5	0.0	0.0	0.0	0.0	-2551402.0	-2551402.0	-2551402.0	-2551402.0	
1.0	2877.50048828	398112.09375	-132.600006104	6686.0	0.0	-9.39999961853	-9.69999980927	356.0	427.0	0.0	8.0	14448.7998047	5943.70019531	0.0	663.5	0.0	0.0	0.0	0.0	-3035279.0	-3035279.0	-3035279.0	-3035279.0	
1.0	2878.99951172	397860.09375	-131.600006104	6678.0	0.0	-7.40000009537	-10.6999998093	368.0	485.0	0.0	5.0	14966.7998047	6209.70019531	0.0	659.5	0.0	0.0	0.0	0.0	-2565923.0	-2565923.0	-2565923.0	-2565923.0	
1.0	2880.50048828	397873.09375	-132.600006104	6685.0	0.0	9.60000038147	-11.6999998093	336.0	479.0	0.0	7.0	14509.7998047	5903.70019531	0.0	658.5	0.0	0.0	0.0	0.0	-2934682.0	-2934682.0	-2934682.0	-2934682.0	
1.0	2882.0012207	397547.09375	-134.600006104	6671.0	0.0	14.6000003815	-10.6999998093	366.0	447.0	0.0	2.0	15015.7998047	5999.70019531	0.0	624.5	0.0	0.0	0.0	0.0	-2584736.0	-2584736.0	-2584736.0	-2584736.0	
1.0	2883.4987793	397610.09375	-124.599998474	6679.0	0.0	17.6000003815	-10.6999998093	376.0	497.0	0.0	6.0	14790.7998047	6045.70019531	0.0	679.5	0.0	0.0	0.0	0.0	-3011526.0	-3011526.0	-3011526.0	-3011526.0	
1.0	2884.9987793	397195.09375	-124.599998474	6671.0	0.0	17.6000003815	-13.6999998093	359.0	456.0	0.0	2.0	14818.7998047	5993.70019531	0.0	647.5	0.0	0.0	0.0	0.0	-3049588.0	-3049588.0	-3049588.0	-3049588.0	
1.0	2886.50097656	397301.09375	-120.599998474	6661.0	0.0	8.60000038147	-9.69999980927	357.0	463.0	0.0	7.0	14504.7998047	6037.70019531	0.0	611.5	0.0	0.0	0.0	0.0	-3150637.0	-3150637.0	-3150637.0	-3150637.0	
1.0	2886.99951172	396720.09375	-125.599998474	6683.0	0.0	10.6000003815	0.300000011921	378.0	471.0	0.0	2.0	14890.7998047	5994.70019531	0.0	669.5	0.0	0.0	0.0	0.0	-3089318.0	-3089318.0	-3089318.0	-3089318.0	
1.0	2890.0012207	396632.09375	-122.599998474	6690.0	0.0	10.6000003815	-1.70000004768	355.0	515.0	0.0	4.0	14648.7998047	6020.70019531	0.0	648.5	0.0	0.0	0.0	0.0	-3270563.0	-3270563.0	-3270563.0	-3270563.0	
1.0	2893.0012207	396322.09375	-124.599998474	6685.0	0.0	13.6000003815	-1.70000004768	322.0	422.0	0.0	8.0	14862.7998047	6067.70019531	0.0	688.5	0.0	0.0	0.0	0.0	-3045338.0	-3045338.0	-3045338.0	-3045338.0	
1.0	2895.99926758	396067.09375	-123.599998474	6690.0	0.0	1.60000002384	-1.70000004768	341.0	431.0	0.0	8.0	14845.7998047	5956.70019531	0.0	694.5	0.0	0.0	0.0	0.0	-3135026.0	-3135026.0	-3135026.0	-3135026.0	
1.0	2899.00097656	395826.09375	-123.599998474	6697.0	0.0	-4.40000009537	2.29999995232	311.0	437.0	0.0	2.0	14387.7998047	6128.70019531	0.0	627.5	0.0	0.0	0.0	0.0	-3031614.0	-3031614.0	-3031614.0	-3031614.0	
1.0	2902.00073242	395391.09375	-121.599998474	6690.0	0.0	-12.3999996185	2.29999995232	294.0	422.0	0.0	3.0	14706.7998047	6112.70019531	0.0	694.5	0.0	0.0	0.0	0.0	-2919004.0	-2919004.0	-2919004.0	-2919004.0	
1.0	2905.0012207	395112.09375	-120.599998474	6677.0	0.0	-5.40000009537	4.30000019073	296.0	404.0	0.0	5.0	15292.7998047	5999.70019531	0.0	694.5	0.0	0.0	0.0	0.0	-3310178.0	-3310178.0	-3310178.0	-3310178.0	
