SSRL   MicroEXAFS Data Collector 2.0 
Wed Jul 03 14:12:31 2019
PTS:	171	COLS:	24
alexbox-4ch-xspress.det
RuL3_edge_cell.rgn
SSRL BEAMLINE
COMMENTS





S1VGAP: 0.800000	S1HGAP: 1.000000	TABLEHORZ: 7.000000	SAMPLEV: 41.503226	CALVERT: 4.100521	BPVRT: 46.657988	M1VERT: 6.971044	SAMPLEHOLD: 25.998010	S1HTRAN: 4.775000	

Weights:
 1.000	1.000	1.000	1.000	1.000	1.000	1.000	1.000	1.000	1.000	1.000	1.000	1.000	1.000	1.000	1.000	1.000	1.000	1.000	1.000	1.000	1.000	
Offsets:
 480.9	1036.6	3120.0	0.0	112.4	585.7	0.0	0.0	0.0	0.0	0.2	1.3	0.0	1.5	0.0	0.0	0.0	0.0	79708896.9	79708896.9	79708896.9	79708896.9	
Data:
Real Time Clock
Requested Energy
I0   
I1   
I2   
I3   
MPFB1   
MPFB2   
FF1   
FF2   
FF3   
FF4   
ICR1   
ICR2   
ICR3   
ICR4   
SCA2.1   
SCA2.2   
SCA2.3   
SCA2.4   
TIME1   
TIME2   
TIME3   
TIME4   

1.0	2810.00097656	406325.09375	-130.600006104	6644.0	0.0	19.6000003815	6.30000019073	131.0	80.0	0.0	10.0	13168.7998047	5120.70019531	0.0	570.5	0.0	0.0	0.0	0.0	-3248662.0	-3248662.0	-3248662.0	-3248662.0	
1.0	2810.99975586	405735.09375	-126.599998474	6650.0	0.0	4.59999990463	4.30000019073	112.0	56.0	0.0	13.0	13312.7998047	5175.70019531	0.0	614.5	0.0	0.0	0.0	0.0	-3190737.0	-3190737.0	-3190737.0	-3190737.0	
1.0	2811.99951172	405777.09375	-127.599998474	6654.0	0.0	2.59999990463	6.30000019073	126.0	64.0	0.0	12.0	13371.7998047	5056.70019531	0.0	599.5	0.0	0.0	0.0	0.0	-2823972.0	-2823972.0	-2823972.0	-2823972.0	
1.0	2813.00024414	405607.09375	-126.599998474	6648.0	0.0	4.59999990463	4.30000019073	136.0	52.0	0.0	7.0	13795.7998047	5110.70019531	0.0	608.5	0.0	0.0	0.0	0.0	-3288871.0	-3288871.0	-3288871.0	-3288871.0	
1.0	2813.99951172	405598.09375	-125.599998474	6644.0	0.0	3.59999990463	5.30000019073	104.0	47.0	0.0	8.0	13557.7998047	5118.70019531	0.0	604.5	0.0	0.0	0.0	0.0	-2626685.0	-2626685.0	-2626685.0	-2626685.0	
1.0	2815.0	405563.09375	-126.599998474	6663.0	0.0	2.59999990463	4.30000019073	140.0	62.0	0.0	10.0	13730.7998047	5081.70019531	0.0	606.5	0.0	0.0	0.0	0.0	-3001034.0	-3001034.0	-3001034.0	-3001034.0	
1.0	2815.99902344	405001.09375	-125.599998474	6661.0	0.0	-0.40000000596	6.30000019073	132.0	73.0	0.0	7.0	13857.7998047	5161.70019531	0.0	607.5	0.0	0.0	0.0	0.0	-2730543.0	-2730543.0	-2730543.0	-2730543.0	
1.0	2816.99902344	405132.09375	-121.599998474	6662.0	0.0	-3.40000009537	5.30000019073	107.0	57.0	0.0	4.0	13644.7998047	5186.70019531	0.0	585.5	0.0	0.0	0.0	0.0	-2938349.0	-2938349.0	-2938349.0	-2938349.0	
1.0	2818.0	405038.09375	-124.599998474	6653.0	0.0	-0.40000000596	4.30000019073	123.0	69.0	0.0	5.0	13582.7998047	5215.70019531	0.0	591.5	0.0	0.0	0.0	0.0	-3130455.0	-3130455.0	-3130455.0	-3130455.0	
1.0	2818.99975586	405077.09375	-125.599998474	6654.0	0.0	-4.40000009537	4.30000019073	124.0	71.0	0.0	8.0	14233.7998047	5194.70019531	0.0	621.5	0.0	0.0	0.0	0.0	-2698776.0	-2698776.0	-2698776.0	-2698776.0	
1.0	2820.00048828	404739.09375	-126.599998474	6650.0	0.0	-6.40000009537	3.29999995232	114.0	74.0	0.0	9.0	13895.7998047	5172.70019531	0.0	611.5	0.0	0.0	0.0	0.0	-3228165.0	-3228165.0	-3228165.0	-3228165.0	
1.0	2820.99975586	404729.09375	-124.599998474	6665.0	0.0	-4.40000009537	5.30000019073	109.0	76.0	0.0	5.0	13948.7998047	5214.70019531	0.0	585.5	0.0	0.0	0.0	0.0	-2570616.0	-2570616.0	-2570616.0	-2570616.0	
1.0	2822.0	404361.09375	-125.599998474	6653.0	0.0	-3.40000009537	6.30000019073	130.0	60.0	0.0	5.0	13721.7998047	5160.70019531	0.0	638.5	0.0	0.0	0.0	0.0	-2802765.0	-2802765.0	-2802765.0	-2802765.0	
1.0	2822.9987793	403950.09375	-122.599998474	6659.0	0.0	-2.40000009537	7.30000019073	137.0	89.0	0.0	9.0	13840.7998047	5249.70019531	0.0	588.5	0.0	0.0	0.0	0.0	-3074444.0	-3074444.0	-3074444.0	-3074444.0	
1.0	2824.0012207	403973.09375	-126.599998474	6657.0	0.0	-3.40000009537	6.30000019073	163.0	90.0	0.0	12.0	13980.7998047	5277.70019531	0.0	618.5	0.0	0.0	0.0	0.0	-2593689.0	-2593689.0	-2593689.0	-2593689.0	
1.0	2824.99951172	403644.09375	-126.599998474	6654.0	0.0	-3.40000009537	8.30000019073	119.0	74.0	0.0	7.0	13612.7998047	5256.70019531	0.0	608.5	0.0	0.0	0.0	0.0	-3153322.0	-3153322.0	-3153322.0	-3153322.0	
1.0	2825.99902344	403370.09375	-124.599998474	6641.0	0.0	-1.39999997616	9.30000019073	155.0	84.0	0.0	6.0	13684.7998047	5146.70019531	0.0	625.5	0.0	0.0	0.0	0.0	-2852358.0	-2852358.0	-2852358.0	-2852358.0	
1.0	2826.99951172	403203.09375	-124.599998474	6650.0	0.0	-3.40000009537	9.30000019073	121.0	113.0	0.0	4.0	13434.7998047	5359.70019531	0.0	572.5	0.0	0.0	0.0	0.0	-3963772.0	-3963772.0	-3963772.0	-3963772.0	
1.0	2828.0012207	402939.09375	-122.599998474	6651.0	0.0	-1.39999997616	8.30000019073	129.0	97.0	0.0	6.0	13861.7998047	5200.70019531	0.0	652.5	0.0	0.0	0.0	0.0	-2789138.0	-2789138.0	-2789138.0	-2789138.0	
1.0	2829.0012207	403307.09375	-119.599998474	6656.0	0.0	-2.40000009537	5.30000019073	126.0	97.0	0.0	11.0	13479.7998047	5255.70019531	0.0	557.5	0.0	0.0	0.0	0.0	-3837700.0	-3837700.0	-3837700.0	-3837700.0	
1.0	2829.99975586	403167.09375	-121.599998474	6651.0	0.0	-1.39999997616	8.30000019073	130.0	114.0	0.0	10.0	13894.7998047	5480.70019531	0.0	627.5	0.0	0.0	0.0	0.0	-2840081.0	-2840081.0	-2840081.0	-2840081.0	
1.0	2830.99951172	402956.09375	-128.600006104	6645.0	0.0	-0.40000000596	11.3000001907	134.0	104.0	0.0	8.0	13859.7998047	5384.70019531	0.0	599.5	0.0	0.0	0.0	0.0	-3345636.0	-3345636.0	-3345636.0	-3345636.0	
1.0	2832.00024414	402764.09375	-122.599998474	6653.0	0.0	-4.40000009537	7.30000019073	121.0	96.0	0.0	7.0	13704.7998047	5259.70019531	0.0	606.5	0.0	0.0	0.0	0.0	-3169861.0	-3169861.0	-3169861.0	-3169861.0	
1.0	2832.99926758	402773.09375	-127.599998474	6648.0	0.0	-1.39999997616	6.30000019073	145.0	104.0	0.0	3.0	13807.7998047	5325.70019531	0.0	592.5	0.0	0.0	0.0	0.0	-3093226.0	-3093226.0	-3093226.0	-3093226.0	
1.0	2833.99951172	402938.09375	-127.599998474	6662.0	0.0	-4.40000009537	8.30000019073	151.0	133.0	0.0	10.0	13834.7998047	5474.70019531	0.0	598.5	0.0	0.0	0.0	0.0	-3039377.0	-3039377.0	-3039377.0	-3039377.0	
1.0	2835.00073242	402580.09375	-127.599998474	6653.0	0.0	10.6000003815	5.30000019073	167.0	150.0	0.0	6.0	13933.7998047	5414.70019531	0.0	642.5	0.0	0.0	0.0	0.0	-2753424.0	-2753424.0	-2753424.0	-2753424.0	
1.0	2836.00073242	402365.09375	-124.599998474	6655.0	0.0	13.6000003815	6.30000019073	193.0	213.0	0.0	9.0	14053.7998047	5387.70019531	0.0	638.5	0.0	0.0	0.0	0.0	-3307615.0	-3307615.0	-3307615.0	-3307615.0	
1.0	2836.40039062	402583.09375	-125.599998474	6662.0	0.0	16.6000003815	-9.69999980927	224.0	273.0	0.0	9.0	14039.7998047	5507.70019531	0.0	643.5	0.0	0.0	0.0	0.0	-3117635.0	-3117635.0	-3117635.0	-3117635.0	
1.0	2836.55053711	402427.09375	-128.600006104	6650.0	0.0	12.6000003815	-13.6999998093	223.0	264.0	0.0	10.0	14213.7998047	5471.70019531	0.0	602.5	0.0	0.0	0.0	0.0	-3117370.0	-3117370.0	-3117370.0	-3117370.0	
1.0	2836.70092773	402415.09375	-128.600006104	6649.0	0.0	15.6000003815	-4.69999980927	278.0	307.0	0.0	5.0	14301.7998047	5665.70019531	0.0	598.5	0.0	0.0	0.0	0.0	-2836055.0	-2836055.0	-2836055.0	-2836055.0	
1.0	2836.85107422	402395.09375	-126.599998474	6661.0	0.0	7.59999990463	3.29999995232	287.0	359.0	0.0	5.0	14005.7998047	5747.70019531	0.0	595.5	0.0	0.0	0.0	0.0	-2883560.0	-2883560.0	-2883560.0	-2883560.0	
1.0	2836.9987793	402380.09375	-125.599998474	6666.0	0.0	4.59999990463	6.30000019073	347.0	350.0	0.0	12.0	14111.7998047	5573.70019531	0.0	648.5	0.0	0.0	0.0	0.0	-3175179.0	-3175179.0	-3175179.0	-3175179.0	
1.0	2837.14916992	402352.09375	-123.599998474	6659.0	0.0	3.59999990463	5.30000019073	369.0	365.0	0.0	5.0	13796.7998047	5663.70019531	0.0	652.5	0.0	0.0	0.0	0.0	-2996895.0	-2996895.0	-2996895.0	-2996895.0	
1.0	2837.29956055	402198.09375	-122.599998474	6664.0	0.0	5.59999990463	7.30000019073	352.0	453.0	0.0	5.0	14110.7998047	5761.70019531	0.0	544.5	0.0	0.0	0.0	0.0	-2730691.0	-2730691.0	-2730691.0	-2730691.0	
1.0	2837.44995117	402328.09375	-117.599998474	6655.0	0.0	13.6000003815	5.30000019073	408.0	485.0	0.0	7.0	13645.7998047	5785.70019531	0.0	589.5	0.0	0.0	0.0	0.0	-3135608.0	-3135608.0	-3135608.0	-3135608.0	
1.0	2837.6003418	402304.09375	-122.599998474	6672.0	0.0	14.6000003815	4.30000019073	475.0	590.0	0.0	7.0	14117.7998047	5825.70019531	0.0	650.5	0.0	0.0	0.0	0.0	-2620237.0	-2620237.0	-2620237.0	-2620237.0	
1.0	2837.75073242	402109.09375	-122.599998474	6656.0	0.0	18.6000003815	3.29999995232	434.0	586.0	0.0	8.0	14168.7998047	5937.70019531	0.0	600.5	0.0	0.0	0.0	0.0	-2977724.0	-2977724.0	-2977724.0	-2977724.0	
1.0	2837.90136719	401903.09375	-123.599998474	6656.0	0.0	16.6000003815	5.30000019073	532.0	675.0	0.0	10.0	14055.7998047	5977.70019531	0.0	617.5	0.0	0.0	0.0	0.0	-3623385.0	-3623385.0	-3623385.0	-3623385.0	
1.0	2838.04907227	402002.09375	-123.599998474	6660.0	0.0	15.6000003815	3.29999995232	549.0	681.0	0.0	5.0	14385.7998047	5976.70019531	0.0	634.5	0.0	0.0	0.0	0.0	-2984921.0	-2984921.0	-2984921.0	-2984921.0	
1.0	2838.19970703	402002.09375	-126.599998474	6661.0	0.0	12.6000003815	3.29999995232	532.0	737.0	0.0	3.0	14088.7998047	6197.70019531	0.0	601.5	0.0	0.0	0.0	0.0	-2613449.0	-2613449.0	-2613449.0	-2613449.0	
1.0	2838.35009766	402180.09375	-125.599998474	6662.0	0.0	12.6000003815	5.30000019073	508.0	644.0	0.0	9.0	14026.7998047	5993.70019531	0.0	634.5	0.0	0.0	0.0	0.0	-3970836.0	-3970836.0	-3970836.0	-3970836.0	
1.0	2838.50073242	401902.09375	-122.599998474	6652.0	0.0	12.6000003815	-1.70000004768	559.0	712.0	0.0	6.0	14226.7998047	6076.70019531	0.0	561.5	0.0	0.0	0.0	0.0	-3261435.0	-3261435.0	-3261435.0	-3261435.0	
1.0	2838.64868164	401773.09375	-115.599998474	6652.0	0.0	0.600000023842	-2.70000004768	485.0	704.0	0.0	8.0	14163.7998047	6013.70019531	0.0	572.5	0.0	0.0	0.0	0.0	-2962300.0	-2962300.0	-2962300.0	-2962300.0	
1.0	2838.79931641	401928.09375	-107.599998474	6656.0	0.0	-0.40000000596	-6.69999980927	496.0	648.0	0.0	8.0	13964.7998047	6068.70019531	0.0	606.5	0.0	0.0	0.0	0.0	-2680694.0	-2680694.0	-2680694.0	-2680694.0	
1.0	2838.94995117	401808.09375	-108.599998474	6659.0	0.0	0.600000023842	-3.70000004768	494.0	625.0	0.0	10.0	13945.7998047	5994.70019531	0.0	629.5	0.0	0.0	0.0	0.0	-2917326.0	-2917326.0	-2917326.0	-2917326.0	
1.0	2839.10058594	401974.09375	-109.599998474	6661.0	0.0	1.60000002384	-5.69999980927	475.0	611.0	0.0	7.0	14437.7998047	6042.70019531	0.0	636.5	0.0	0.0	0.0	0.0	-2680596.0	-2680596.0	-2680596.0	-2680596.0	
1.0	2839.2487793	401796.09375	-110.599998474	6664.0	0.0	0.600000023842	-3.70000004768	485.0	645.0	0.0	4.0	13888.7998047	5889.70019531	0.0	597.5	0.0	0.0	0.0	0.0	-3918901.0	-3918901.0	-3918901.0	-3918901.0	
1.0	2839.39941406	401966.09375	-107.599998474	6666.0	0.0	3.59999990463	-4.69999980927	490.0	651.0	0.0	8.0	14083.7998047	5989.70019531	0.0	623.5	0.0	0.0	0.0	0.0	-3145974.0	-3145974.0	-3145974.0	-3145974.0	
1.0	2839.55004883	401720.09375	-108.599998474	6666.0	0.0	0.600000023842	-1.70000004768	495.0	686.0	0.0	10.0	14028.7998047	5879.70019531	0.0	621.5	0.0	0.0	0.0	0.0	-2670230.0	-2670230.0	-2670230.0	-2670230.0	
1.0	2839.70092773	401497.09375	-105.599998474	6672.0	0.0	7.59999990463	-4.69999980927	498.0	710.0	0.0	2.0	14334.7998047	5992.70019531	0.0	546.5	0.0	0.0	0.0	0.0	-3381740.0	-3381740.0	-3381740.0	-3381740.0	
1.0	2839.84912109	401576.09375	-106.599998474	6669.0	0.0	14.6000003815	-5.69999980927	551.0	772.0	0.0	5.0	14135.7998047	6095.70019531	0.0	577.5	0.0	0.0	0.0	0.0	-2946293.0	-2946293.0	-2946293.0	-2946293.0	
1.0	2840.0	401761.09375	-110.599998474	6657.0	0.0	12.6000003815	-4.69999980927	589.0	806.0	0.0	6.0	14308.7998047	6080.70019531	0.0	622.5	0.0	0.0	0.0	0.0	-2857734.0	-2857734.0	-2857734.0	-2857734.0	
1.0	2840.15063477	401537.09375	-107.599998474	6666.0	0.0	9.60000038147	-4.69999980927	666.0	906.0	0.0	6.0	14245.7998047	6183.70019531	0.0	617.5	0.0	0.0	0.0	0.0	-3350736.0	-3350736.0	-3350736.0	-3350736.0	
1.0	2840.29907227	401701.09375	-111.599998474	6667.0	0.0	-4.40000009537	-3.70000004768	717.0	1022.0	0.0	11.0	14372.7998047	6424.70019531	0.0	622.5	0.0	0.0	0.0	0.0	-2833857.0	-2833857.0	-2833857.0	-2833857.0	
1.0	2840.44970703	401599.09375	-111.599998474	6663.0	0.0	-5.40000009537	-4.69999980927	708.0	1159.0	0.0	5.0	14065.7998047	6548.70019531	0.0	589.5	0.0	0.0	0.0	0.0	-3174343.0	-3174343.0	-3174343.0	-3174343.0	
1.0	2840.60058594	401187.09375	-109.599998474	6644.0	0.0	-4.40000009537	-6.69999980927	838.0	1365.0	0.0	4.0	14034.7998047	6839.70019531	0.0	569.5	0.0	0.0	0.0	0.0	-3562010.0	-3562010.0	-3562010.0	-3562010.0	
1.0	2840.74902344	401016.09375	-107.599998474	6652.0	0.0	-6.40000009537	-4.69999980927	936.0	1488.0	0.0	10.0	14355.7998047	6994.70019531	0.0	632.5	0.0	0.0	0.0	0.0	-2544405.0	-2544405.0	-2544405.0	-2544405.0	
1.0	2840.89990234	401160.09375	-108.599998474	6665.0	0.0	-7.40000009537	-4.69999980927	999.0	1587.0	0.0	11.0	14163.7998047	6889.70019531	0.0	628.5	0.0	0.0	0.0	0.0	-2837340.0	-2837340.0	-2837340.0	-2837340.0	
1.0	2841.05102539	401516.09375	-110.599998474	6651.0	0.0	-7.40000009537	-6.69999980927	1019.0	1663.0	0.0	7.0	14210.7998047	7195.70019531	0.0	611.5	0.0	0.0	0.0	0.0	-3106093.0	-3106093.0	-3106093.0	-3106093.0	
1.0	2841.19921875	401374.09375	-106.599998474	6666.0	0.0	-8.39999961853	-5.69999980927	1227.0	1892.0	0.0	13.0	15071.7998047	7482.70019531	0.0	639.5	0.0	0.0	0.0	0.0	-2694084.0	-2694084.0	-2694084.0	-2694084.0	
1.0	2841.3503418	401435.09375	-110.599998474	6684.0	0.0	6.59999990463	-2.70000004768	1267.0	1865.0	0.0	10.0	14682.7998047	7372.70019531	0.0	637.5	0.0	0.0	0.0	0.0	-2986661.0	-2986661.0	-2986661.0	-2986661.0	
1.0	2841.4987793	401120.09375	-112.599998474	6663.0	0.0	7.59999990463	-3.70000004768	1322.0	1996.0	0.0	8.0	14440.7998047	7586.70019531	0.0	595.5	0.0	0.0	0.0	0.0	-3400791.0	-3400791.0	-3400791.0	-3400791.0	
1.0	2841.64990234	401028.09375	-113.599998474	6653.0	0.0	4.59999990463	-1.70000004768	1295.0	2088.0	0.0	8.0	14626.7998047	7625.70019531	0.0	634.5	0.0	0.0	0.0	0.0	-2845334.0	-2845334.0	-2845334.0	-2845334.0	
1.0	2841.80078125	401155.09375	-114.599998474	6649.0	0.0	0.600000023842	1.29999995232	1379.0	2083.0	0.0	3.0	14883.7998047	7587.70019531	0.0	584.5	0.0	0.0	0.0	0.0	-3265971.0	-3265971.0	-3265971.0	-3265971.0	
1.0	2841.94946289	400879.09375	-117.599998474	6654.0	0.0	1.60000002384	-0.699999988079	1233.0	1953.0	0.0	9.0	14389.7998047	7615.70019531	0.0	654.5	0.0	0.0	0.0	0.0	-3687258.0	-3687258.0	-3687258.0	-3687258.0	
1.0	2842.10058594	401013.09375	-113.599998474	6658.0	0.0	4.59999990463	-0.699999988079	1225.0	1991.0	0.0	9.0	14615.7998047	7515.70019531	0.0	587.5	0.0	0.0	0.0	0.0	-3059680.0	-3059680.0	-3059680.0	-3059680.0	
1.0	2842.24902344	400912.09375	-117.599998474	6663.0	0.0	4.59999990463	2.29999995232	1200.0	1864.0	0.0	7.0	14716.7998047	7342.70019531	0.0	602.5	0.0	0.0	0.0	0.0	-3159582.0	-3159582.0	-3159582.0	-3159582.0	
1.0	2842.40014648	400908.09375	-111.599998474	6672.0	0.0	5.59999990463	-14.6999998093	1061.0	1853.0	0.0	7.0	14213.7998047	7239.70019531	0.0	629.5	0.0	0.0	0.0	0.0	-3435794.0	-3435794.0	-3435794.0	-3435794.0	
1.0	2842.54882812	400899.09375	-117.599998474	6663.0	0.0	7.59999990463	-18.7000007629	1097.0	1633.0	0.0	9.0	14689.7998047	7190.70019531	0.0	642.5	0.0	0.0	0.0	0.0	-2871027.0	-2871027.0	-2871027.0	-2871027.0	
1.0	2842.69995117	400701.09375	-117.599998474	6669.0	0.0	13.6000003815	-19.7000007629	1011.0	1585.0	0.0	9.0	14306.7998047	7092.70019531	0.0	611.5	0.0	0.0	0.0	0.0	-3083419.0	-3083419.0	-3083419.0	-3083419.0	
1.0	2842.84863281	400679.09375	-116.599998474	6643.0	0.0	11.6000003815	-19.7000007629	934.0	1370.0	0.0	5.0	14350.7998047	6711.70019531	0.0	665.5	0.0	0.0	0.0	0.0	-3505304.0	-3505304.0	-3505304.0	-3505304.0	
1.0	2843.0	400758.09375	-117.599998474	6663.0	0.0	10.6000003815	-29.7000007629	896.0	1294.0	0.0	8.0	14777.7998047	6696.70019531	0.0	635.5	0.0	0.0	0.0	0.0	-2925614.0	-2925614.0	-2925614.0	-2925614.0	
1.0	2843.15136719	400676.09375	-118.599998474	6655.0	0.0	11.6000003815	-20.7000007629	837.0	1158.0	0.0	10.0	14277.7998047	6450.70019531	0.0	632.5	0.0	0.0	0.0	0.0	-2803956.0	-2803956.0	-2803956.0	-2803956.0	
1.0	2843.30004883	400769.09375	-118.599998474	6652.0	0.0	10.6000003815	-20.7000007629	697.0	1012.0	0.0	7.0	14204.7998047	6482.70019531	0.0	586.5	0.0	0.0	0.0	0.0	-3419578.0	-3419578.0	-3419578.0	-3419578.0	
1.0	2843.44873047	400503.09375	-124.599998474	6647.0	0.0	11.6000003815	-21.7000007629	719.0	970.0	0.0	7.0	14508.7998047	6454.70019531	0.0	613.5	0.0	0.0	0.0	0.0	-2887867.0	-2887867.0	-2887867.0	-2887867.0	
1.0	2843.60009766	400567.09375	-144.600006104	6649.0	0.0	12.6000003815	-19.7000007629	681.0	917.0	0.0	9.0	14233.7998047	6212.70019531	0.0	617.5	0.0	0.0	0.0	0.0	-3148659.0	-3148659.0	-3148659.0	-3148659.0	
1.0	2843.74902344	400362.09375	-123.599998474	6645.0	0.0	13.6000003815	-3.70000004768	624.0	869.0	0.0	8.0	14003.7998047	6178.70019531	0.0	598.5	0.0	0.0	0.0	0.0	-3553970.0	-3553970.0	-3553970.0	-3553970.0	
1.0	2843.90039062	400602.09375	-125.599998474	6658.0	0.0	14.6000003815	-3.70000004768	584.0	895.0	0.0	7.0	14429.7998047	6345.70019531	0.0	643.5	0.0	0.0	0.0	0.0	-3101556.0	-3101556.0	-3101556.0	-3101556.0	
1.0	2844.04907227	400303.09375	-119.599998474	6656.0	0.0	13.6000003815	-2.70000004768	563.0	839.0	0.0	7.0	14152.7998047	6283.70019531	0.0	613.5	0.0	0.0	0.0	0.0	-2691467.0	-2691467.0	-2691467.0	-2691467.0	
1.0	2844.20068359	400206.09375	-125.599998474	6663.0	0.0	13.6000003815	0.300000011921	552.0	771.0	0.0	5.0	14314.7998047	6163.70019531	0.0	636.5	0.0	0.0	0.0	0.0	-3055311.0	-3055311.0	-3055311.0	-3055311.0	
1.0	2844.34936523	400388.09375	-120.599998474	6659.0	0.0	11.6000003815	-0.699999988079	526.0	733.0	0.0	4.0	14196.7998047	6042.70019531	0.0	585.5	0.0	0.0	0.0	0.0	-3218684.0	-3218684.0	-3218684.0	-3218684.0	
1.0	2844.50097656	400169.09375	-121.599998474	6657.0	0.0	13.6000003815	0.300000011921	517.0	730.0	0.0	8.0	14051.7998047	6116.70019531	0.0	610.5	0.0	0.0	0.0	0.0	-2543938.0	-2543938.0	-2543938.0	-2543938.0	
1.0	2844.64990234	400257.09375	-118.599998474	6657.0	0.0	12.6000003815	-1.70000004768	499.0	712.0	0.0	7.0	14025.7998047	6086.70019531	0.0	620.5	0.0	0.0	0.0	0.0	-3190341.0	-3190341.0	-3190341.0	-3190341.0	
1.0	2844.79882812	400094.09375	-120.599998474	6667.0	0.0	11.6000003815	-1.70000004768	483.0	702.0	0.0	6.0	13947.7998047	6052.70019531	0.0	618.5	0.0	0.0	0.0	0.0	-3004533.0	-3004533.0	-3004533.0	-3004533.0	
1.0	2844.95043945	399978.09375	-121.599998474	6658.0	0.0	14.6000003815	-0.699999988079	419.0	627.0	0.0	13.0	14180.7998047	5949.70019531	0.0	678.5	0.0	0.0	0.0	0.0	-2601619.0	-2601619.0	-2601619.0	-2601619.0	
1.0	2845.09936523	400079.09375	-119.599998474	6659.0	0.0	14.6000003815	-1.70000004768	468.0	619.0	0.0	6.0	14252.7998047	5851.70019531	0.0	579.5	0.0	0.0	0.0	0.0	-3136310.0	-3136310.0	-3136310.0	-3136310.0	
1.0	2845.25097656	399695.09375	-122.599998474	6651.0	0.0	15.6000003815	-1.70000004768	456.0	607.0	0.0	7.0	14270.7998047	6057.70019531	0.0	585.5	0.0	0.0	0.0	0.0	-2508297.0	-2508297.0	-2508297.0	-2508297.0	
1.0	2845.40014648	399862.09375	-125.599998474	6641.0	0.0	11.6000003815	-11.6999998093	493.0	612.0	0.0	8.0	14783.7998047	6144.70019531	0.0	645.5	0.0	0.0	0.0	0.0	-2807749.0	-2807749.0	-2807749.0	-2807749.0	
1.0	2845.54907227	399791.09375	-115.599998474	6659.0	0.0	11.6000003815	-11.6999998093	461.0	592.0	0.0	6.0	14400.7998047	5897.70019531	0.0	660.5	0.0	0.0	0.0	0.0	-3020612.0	-3020612.0	-3020612.0	-3020612.0	
1.0	2845.70092773	399656.09375	-112.599998474	6651.0	0.0	12.6000003815	-2.70000004768	495.0	608.0	0.0	9.0	14387.7998047	5970.70019531	0.0	599.5	0.0	0.0	0.0	0.0	-2865691.0	-2865691.0	-2865691.0	-2865691.0	
1.0	2845.85009766	399858.09375	-118.599998474	6669.0	0.0	14.6000003815	-2.70000004768	427.0	601.0	0.0	6.0	14336.7998047	5996.70019531	0.0	602.5	0.0	0.0	0.0	0.0	-2994691.0	-2994691.0	-2994691.0	-2994691.0	
1.0	2845.99902344	399547.09375	-122.599998474	6646.0	0.0	10.6000003815	-1.70000004768	459.0	636.0	0.0	8.0	14440.7998047	6023.70019531	0.0	607.5	0.0	0.0	0.0	0.0	-3272315.0	-3272315.0	-3272315.0	-3272315.0	
1.0	2846.15087891	399755.09375	-131.600006104	6658.0	0.0	13.6000003815	6.30000019073	452.0	671.0	0.0	4.0	14465.7998047	5948.70019531	0.0	593.5	0.0	0.0	0.0	0.0	-2949967.0	-2949967.0	-2949967.0	-2949967.0	
1.0	2846.30004883	399619.09375	-129.600006104	6648.0	0.0	12.6000003815	9.30000019073	385.0	591.0	0.0	10.0	13904.7998047	6112.70019531	0.0	666.5	0.0	0.0	0.0	0.0	-2732838.0	-2732838.0	-2732838.0	-2732838.0	
1.0	2846.44921875	399477.09375	-126.599998474	6659.0	0.0	14.6000003815	6.30000019073	426.0	537.0	0.0	4.0	13971.7998047	5879.70019531	0.0	614.5	0.0	0.0	0.0	0.0	-3250982.0	-3250982.0	-3250982.0	-3250982.0	
1.0	2846.60107422	399478.09375	-128.600006104	6649.0	0.0	13.6000003815	4.30000019073	428.0	541.0	0.0	7.0	14029.7998047	5999.70019531	0.0	517.5	0.0	0.0	0.0	0.0	-2929111.0	-2929111.0	-2929111.0	-2929111.0	
1.0	2846.75024414	399370.09375	-129.600006104	6652.0	0.0	10.6000003815	2.29999995232	413.0	545.0	0.0	9.0	14278.7998047	6013.70019531	0.0	635.5	0.0	0.0	0.0	0.0	-2631378.0	-2631378.0	-2631378.0	-2631378.0	
1.0	2846.8996582	399338.09375	-137.600006104	6651.0	0.0	12.6000003815	6.30000019073	357.0	513.0	0.0	5.0	13952.7998047	5895.70019531	0.0	570.5	0.0	0.0	0.0	0.0	-2760782.0	-2760782.0	-2760782.0	-2760782.0	
1.0	2847.04907227	399164.09375	-147.600006104	6643.0	0.0	13.6000003815	3.29999995232	390.0	487.0	0.0	5.0	14190.7998047	5846.70019531	0.0	652.5	0.0	0.0	0.0	0.0	-2663777.0	-2663777.0	-2663777.0	-2663777.0	
1.0	2847.20092773	399601.09375	-137.600006104	6638.0	0.0	10.6000003815	-10.6999998093	427.0	521.0	0.0	6.0	14426.7998047	5785.70019531	0.0	580.5	0.0	0.0	0.0	0.0	-3052697.0	-3052697.0	-3052697.0	-3052697.0	
1.0	2847.3503418	398978.09375	-131.600006104	6659.0	0.0	12.6000003815	-31.7000007629	324.0	422.0	0.0	10.0	13919.7998047	5664.70019531	0.0	591.5	0.0	0.0	0.0	0.0	-3617523.0	-3617523.0	-3617523.0	-3617523.0	
1.0	2847.49951172	399207.09375	-131.600006104	6648.0	0.0	10.6000003815	-30.7000007629	376.0	468.0	0.0	8.0	14563.7998047	5810.70019531	0.0	601.5	0.0	0.0	0.0	0.0	-2590857.0	-2590857.0	-2590857.0	-2590857.0	
1.0	2847.64892578	399368.09375	-131.600006104	6649.0	0.0	-2.40000009537	-31.7000007629	320.0	459.0	0.0	8.0	14418.7998047	5823.70019531	0.0	674.5	0.0	0.0	0.0	0.0	-2980270.0	-2980270.0	-2980270.0	-2980270.0	
1.0	2847.80102539	400382.09375	-129.600006104	6649.0	0.0	-2.40000009537	-32.7000007629	378.0	428.0	0.0	10.0	14120.7998047	5848.70019531	0.0	655.5	0.0	0.0	0.0	0.0	-2633711.0	-2633711.0	-2633711.0	-2633711.0	
1.0	2847.95043945	401553.09375	-130.600006104	6654.0	0.0	-2.40000009537	-32.7000007629	335.0	393.0	0.0	10.0	14262.7998047	5892.70019531	0.0	650.5	0.0	0.0	0.0	0.0	-3303582.0	-3303582.0	-3303582.0	-3303582.0	
1.0	2848.09985352	402589.09375	-129.600006104	6660.0	0.0	-11.3999996185	-29.7000007629	346.0	398.0	0.0	8.0	14319.7998047	5822.70019531	0.0	611.5	0.0	0.0	0.0	0.0	-2652041.0	-2652041.0	-2652041.0	-2652041.0	
1.0	2848.24951172	404024.09375	-130.600006104	6654.0	0.0	-12.3999996185	-30.7000007629	310.0	396.0	0.0	4.0	14407.7998047	5721.70019531	0.0	636.5	0.0	0.0	0.0	0.0	-2562045.0	-2562045.0	-2562045.0	-2562045.0	
1.0	2848.39892578	404066.09375	-128.600006104	6687.0	0.0	-18.3999996185	-30.7000007629	302.0	415.0	0.0	4.0	14586.7998047	5796.70019531	0.0	584.5	0.0	0.0	0.0	0.0	-2758595.0	-2758595.0	-2758595.0	-2758595.0	
1.0	2848.55102539	404247.09375	-129.600006104	6664.0	0.0	-25.3999996185	-31.7000007629	350.0	369.0	0.0	4.0	14611.7998047	5823.70019531	0.0	622.5	0.0	0.0	0.0	0.0	-2677912.0	-2677912.0	-2677912.0	-2677912.0	
1.0	2848.70068359	403975.09375	-126.599998474	6648.0	0.0	-28.3999996185	-18.7000007629	335.0	389.0	0.0	6.0	14480.7998047	5754.70019531	0.0	595.5	0.0	0.0	0.0	0.0	-3034668.0	-3034668.0	-3034668.0	-3034668.0	
1.0	2848.85009766	404033.09375	-127.599998474	6652.0	0.0	-14.3999996185	-15.6999998093	305.0	395.0	0.0	9.0	14258.7998047	5782.70019531	0.0	624.5	0.0	0.0	0.0	0.0	-3129326.0	-3129326.0	-3129326.0	-3129326.0	
1.0	2848.99975586	404069.09375	-127.599998474	6656.0	0.0	-12.3999996185	-13.6999998093	308.0	402.0	0.0	8.0	14411.7998047	5763.70019531	0.0	663.5	0.0	0.0	0.0	0.0	-2814075.0	-2814075.0	-2814075.0	-2814075.0	
1.0	2849.14941406	403792.09375	-125.599998474	6650.0	0.0	-17.3999996185	-11.6999998093	298.0	395.0	0.0	8.0	14328.7998047	5863.70019531	0.0	621.5	0.0	0.0	0.0	0.0	-3106946.0	-3106946.0	-3106946.0	-3106946.0	
1.0	2849.29907227	403840.09375	-129.600006104	6651.0	0.0	-11.3999996185	-23.7000007629	292.0	360.0	0.0	5.0	14546.7998047	5755.70019531	0.0	581.5	0.0	0.0	0.0	0.0	-2704062.0	-2704062.0	-2704062.0	-2704062.0	
1.0	2849.44873047	403671.09375	-130.600006104	6660.0	0.0	-12.3999996185	-31.7000007629	299.0	381.0	0.0	11.0	14619.7998047	5678.70019531	0.0	664.5	0.0	0.0	0.0	0.0	-3013658.0	-3013658.0	-3013658.0	-3013658.0	
1.0	2849.60107422	403660.09375	-130.600006104	6656.0	0.0	-12.3999996185	-30.7000007629	288.0	384.0	0.0	10.0	14514.7998047	5837.70019531	0.0	602.5	0.0	0.0	0.0	0.0	-2932276.0	-2932276.0	-2932276.0	-2932276.0	
1.0	2849.75073242	403655.09375	-130.600006104	6659.0	0.0	-13.3999996185	-23.7000007629	315.0	350.0	0.0	6.0	14340.7998047	5732.70019531	0.0	642.5	0.0	0.0	0.0	0.0	-2949341.0	-2949341.0	-2949341.0	-2949341.0	
1.0	2849.90063477	403711.09375	-129.600006104	6656.0	0.0	-13.3999996185	-35.7000007629	296.0	383.0	0.0	4.0	14864.7998047	5861.70019531	0.0	651.5	0.0	0.0	0.0	0.0	-2754801.0	-2754801.0	-2754801.0	-2754801.0	
1.0	2850.0012207	403825.09375	-129.600006104	6665.0	0.0	-13.3999996185	-31.7000007629	322.0	384.0	0.0	7.0	14586.7998047	5732.70019531	0.0	677.5	0.0	0.0	0.0	0.0	-3176260.0	-3176260.0	-3176260.0	-3176260.0	
1.0	2850.60058594	403569.09375	-131.600006104	6669.0	0.0	-14.3999996185	-15.6999998093	290.0	400.0	0.0	4.0	14006.7998047	5816.70019531	0.0	607.5	0.0	0.0	0.0	0.0	-2557152.0	-2557152.0	-2557152.0	-2557152.0	
1.0	2851.20019531	403653.09375	-129.600006104	6662.0	0.0	-12.3999996185	-13.6999998093	332.0	419.0	0.0	4.0	14259.7998047	5767.70019531	0.0	635.5	0.0	0.0	0.0	0.0	-2877260.0	-2877260.0	-2877260.0	-2877260.0	
1.0	2851.80029297	403365.09375	-129.600006104	6680.0	0.0	-14.3999996185	-14.6999998093	318.0	424.0	0.0	10.0	14102.7998047	5864.70019531	0.0	609.5	0.0	0.0	0.0	0.0	-2922967.0	-2922967.0	-2922967.0	-2922967.0	
1.0	2852.40063477	403322.09375	-125.599998474	6659.0	0.0	-12.3999996185	-12.6999998093	270.0	397.0	0.0	4.0	14675.7998047	5860.70019531	0.0	595.5	0.0	0.0	0.0	0.0	-2725737.0	-2725737.0	-2725737.0	-2725737.0	
1.0	2852.9987793	403330.09375	-128.600006104	6664.0	0.0	-13.3999996185	-13.6999998093	304.0	401.0	0.0	5.0	14519.7998047	5812.70019531	0.0	619.5	0.0	0.0	0.0	0.0	-2932962.0	-2932962.0	-2932962.0	-2932962.0	
1.0	2853.59985352	402922.09375	-128.600006104	6671.0	0.0	-13.3999996185	-13.6999998093	322.0	381.0	0.0	2.0	14670.7998047	5763.70019531	0.0	602.5	0.0	0.0	0.0	0.0	-2790877.0	-2790877.0	-2790877.0	-2790877.0	
1.0	2854.19897461	403116.09375	-128.600006104	6660.0	0.0	-11.3999996185	-14.6999998093	313.0	393.0	0.0	7.0	15012.7998047	5907.70019531	0.0	669.5	0.0	0.0	0.0	0.0	-2889516.0	-2889516.0	-2889516.0	-2889516.0	
1.0	2854.80078125	402812.09375	-131.600006104	6661.0	0.0	5.59999990463	-13.6999998093	316.0	378.0	0.0	6.0	14159.7998047	5863.70019531	0.0	629.5	0.0	0.0	0.0	0.0	-2700501.0	-2700501.0	-2700501.0	-2700501.0	
1.0	2855.40039062	403063.09375	-115.599998474	6664.0	0.0	4.59999990463	-18.7000007629	40.0	64.0	0.0	1.0	2022.80004883	866.700012207	0.0	105.5	0.0	0.0	0.0	0.0	-68677120.0	-68677120.0	-68677120.0	-68677120.0	
1.0	2856.00048828	402815.09375	-113.599998474	6667.0	0.0	3.59999990463	-13.6999998093	322.0	401.0	0.0	7.0	14492.7998047	5860.70019531	0.0	600.5	0.0	0.0	0.0	0.0	-2620288.0	-2620288.0	-2620288.0	-2620288.0	
1.0	2856.60083008	402973.09375	-138.600006104	6670.0	0.0	0.600000023842	-15.6999998093	324.0	358.0	0.0	10.0	14125.7998047	5852.70019531	0.0	660.5	0.0	0.0	0.0	0.0	-3327462.0	-3327462.0	-3327462.0	-3327462.0	
1.0	2857.19897461	402766.09375	-114.599998474	6649.0	0.0	3.59999990463	-13.6999998093	314.0	331.0	0.0	7.0	14603.7998047	5721.70019531	0.0	659.5	0.0	0.0	0.0	0.0	-3231731.0	-3231731.0	-3231731.0	-3231731.0	
1.0	2857.80004883	402749.09375	-114.599998474	6659.0	0.0	4.59999990463	-15.6999998093	305.0	372.0	0.0	3.0	14492.7998047	5849.70019531	0.0	650.5	0.0	0.0	0.0	0.0	-2948095.0	-2948095.0	-2948095.0	-2948095.0	
1.0	2858.39892578	402480.09375	-118.599998474	6660.0	0.0	4.59999990463	-16.7000007629	257.0	363.0	0.0	4.0	14194.7998047	5757.70019531	0.0	620.5	0.0	0.0	0.0	0.0	-2820819.0	-2820819.0	-2820819.0	-2820819.0	
1.0	2859.00073242	402457.09375	-113.599998474	6657.0	0.0	7.59999990463	-14.6999998093	307.0	356.0	0.0	6.0	14564.7998047	5777.70019531	0.0	644.5	0.0	0.0	0.0	0.0	-3204086.0	-3204086.0	-3204086.0	-3204086.0	
1.0	2859.6003418	402205.09375	-126.599998474	6663.0	0.0	-11.3999996185	-18.7000007629	296.0	399.0	0.0	2.0	14463.7998047	5901.70019531	0.0	641.5	0.0	0.0	0.0	0.0	-3096164.0	-3096164.0	-3096164.0	-3096164.0	
1.0	2860.20043945	402284.09375	-118.599998474	6665.0	0.0	-10.3999996185	-27.7000007629	325.0	367.0	0.0	8.0	14762.7998047	5858.70019531	0.0	630.5	0.0	0.0	0.0	0.0	-2871127.0	-2871127.0	-2871127.0	-2871127.0	
1.0	2860.80078125	402161.09375	-115.599998474	6671.0	0.0	-9.39999961853	-29.7000007629	299.0	398.0	0.0	5.0	14088.7998047	5875.70019531	0.0	660.5	0.0	0.0	0.0	0.0	-3248590.0	-3248590.0	-3248590.0	-3248590.0	
1.0	2861.39892578	402084.09375	-109.599998474	6657.0	0.0	-15.3999996185	-27.7000007629	327.0	406.0	0.0	13.0	14729.7998047	5706.70019531	0.0	641.5	0.0	0.0	0.0	0.0	-3058141.0	-3058141.0	-3058141.0	-3058141.0	
1.0	2862.0	402198.09375	-112.599998474	6654.0	0.0	-15.3999996185	-29.7000007629	332.0	393.0	0.0	9.0	14978.7998047	5921.70019531	0.0	657.5	0.0	0.0	0.0	0.0	-2705772.0	-2705772.0	-2705772.0	-2705772.0	
1.0	2862.59887695	401904.09375	-112.599998474	6654.0	0.0	-13.3999996185	-33.7000007629	311.0	419.0	0.0	6.0	14429.7998047	5946.70019531	0.0	623.5	0.0	0.0	0.0	0.0	-3348080.0	-3348080.0	-3348080.0	-3348080.0	
1.0	2863.20068359	402040.09375	-111.599998474	6662.0	0.0	-11.3999996185	-27.7000007629	324.0	444.0	0.0	6.0	14482.7998047	5970.70019531	0.0	659.5	0.0	0.0	0.0	0.0	-3011413.0	-3011413.0	-3011413.0	-3011413.0	
1.0	2863.80029297	401856.09375	-115.599998474	6648.0	0.0	-14.3999996185	-28.7000007629	301.0	408.0	0.0	3.0	14656.7998047	5988.70019531	0.0	662.5	0.0	0.0	0.0	0.0	-2741201.0	-2741201.0	-2741201.0	-2741201.0	
1.0	2864.40014648	401934.09375	-114.599998474	6646.0	0.0	-14.3999996185	-29.7000007629	321.0	413.0	0.0	10.0	14915.7998047	5915.70019531	0.0	665.5	0.0	0.0	0.0	0.0	-2535486.0	-2535486.0	-2535486.0	-2535486.0	
1.0	2865.00048828	401470.09375	-114.599998474	6653.0	0.0	-12.3999996185	-26.7000007629	321.0	408.0	0.0	9.0	14630.7998047	5949.70019531	0.0	661.5	0.0	0.0	0.0	0.0	-2601658.0	-2601658.0	-2601658.0	-2601658.0	
1.0	2865.60107422	401367.09375	-113.599998474	6653.0	0.0	-14.3999996185	-27.7000007629	353.0	378.0	0.0	8.0	14660.7998047	5812.70019531	0.0	623.5	0.0	0.0	0.0	0.0	-3140177.0	-3140177.0	-3140177.0	-3140177.0	
1.0	2866.19946289	401191.09375	-111.599998474	6657.0	0.0	-14.3999996185	-28.7000007629	298.0	413.0	0.0	6.0	14533.7998047	5848.70019531	0.0	621.5	0.0	0.0	0.0	0.0	-3052712.0	-3052712.0	-3052712.0	-3052712.0	
1.0	2866.80078125	401458.09375	-111.599998474	6661.0	0.0	-12.3999996185	-27.7000007629	317.0	403.0	0.0	8.0	14720.7998047	6008.70019531	0.0	651.5	0.0	0.0	0.0	0.0	-2686021.0	-2686021.0	-2686021.0	-2686021.0	
1.0	2867.40014648	401198.09375	-112.599998474	6646.0	0.0	-13.3999996185	-29.7000007629	333.0	407.0	0.0	6.0	14633.7998047	5823.70019531	0.0	655.5	0.0	0.0	0.0	0.0	-3231679.0	-3231679.0	-3231679.0	-3231679.0	
1.0	2867.99951172	401060.09375	-112.599998474	6650.0	0.0	-13.3999996185	-28.7000007629	292.0	376.0	0.0	6.0	14526.7998047	5914.70019531	0.0	644.5	0.0	0.0	0.0	0.0	-2832688.0	-2832688.0	-2832688.0	-2832688.0	
1.0	2868.59936523	400912.09375	-115.599998474	6655.0	0.0	-0.40000000596	-27.7000007629	283.0	379.0	0.0	5.0	14719.7998047	5845.70019531	0.0	683.5	0.0	0.0	0.0	0.0	-3214245.0	-3214245.0	-3214245.0	-3214245.0	
1.0	2869.19970703	400986.09375	-112.599998474	6648.0	0.0	7.59999990463	-31.7000007629	312.0	382.0	0.0	7.0	14537.7998047	5889.70019531	0.0	680.5	0.0	0.0	0.0	0.0	-2802024.0	-2802024.0	-2802024.0	-2802024.0	
1.0	2869.80029297	400782.09375	-114.599998474	6649.0	0.0	6.59999990463	-37.7000007629	318.0	395.0	0.0	4.0	14919.7998047	5990.70019531	0.0	656.5	0.0	0.0	0.0	0.0	-2564075.0	-2564075.0	-2564075.0	-2564075.0	
1.0	2870.00048828	400770.09375	-117.599998474	6652.0	0.0	7.59999990463	-36.7000007629	311.0	335.0	0.0	8.0	14272.7998047	5756.70019531	0.0	686.5	0.0	0.0	0.0	0.0	-3291604.0	-3291604.0	-3291604.0	-3291604.0	
1.0	2871.5012207	400638.09375	-113.599998474	6659.0	0.0	4.59999990463	-8.69999980927	328.0	341.0	0.0	8.0	14557.7998047	5947.70019531	0.0	703.5	0.0	0.0	0.0	0.0	-2691708.0	-2691708.0	-2691708.0	-2691708.0	
1.0	2872.99902344	400586.09375	-111.599998474	6659.0	0.0	4.59999990463	-4.69999980927	328.0	396.0	0.0	12.0	14787.7998047	5916.70019531	0.0	633.5	0.0	0.0	0.0	0.0	-3238533.0	-3238533.0	-3238533.0	-3238533.0	
1.0	2874.49902344	400555.09375	-110.599998474	6648.0	0.0	3.59999990463	-2.70000004768	341.0	447.0	0.0	7.0	14689.7998047	5865.70019531	0.0	618.5	0.0	0.0	0.0	0.0	-3301716.0	-3301716.0	-3301716.0	-3301716.0	
1.0	2876.0012207	400148.09375	-114.599998474	6641.0	0.0	2.59999990463	-2.70000004768	340.0	426.0	0.0	9.0	14859.7998047	5831.70019531	0.0	653.5	0.0	0.0	0.0	0.0	-3023594.0	-3023594.0	-3023594.0	-3023594.0	
1.0	2877.50048828	400142.09375	-107.599998474	6649.0	0.0	3.59999990463	1.29999995232	295.0	461.0	0.0	9.0	14717.7998047	5994.70019531	0.0	661.5	0.0	0.0	0.0	0.0	-2675321.0	-2675321.0	-2675321.0	-2675321.0	
1.0	2878.99951172	399828.09375	-108.599998474	6648.0	0.0	5.59999990463	0.300000011921	355.0	443.0	0.0	9.0	14805.7998047	6051.70019531	0.0	646.5	0.0	0.0	0.0	0.0	-3006601.0	-3006601.0	-3006601.0	-3006601.0	
1.0	2880.50048828	399524.09375	-113.599998474	6651.0	0.0	6.59999990463	-11.6999998093	360.0	449.0	0.0	3.0	14456.7998047	6060.70019531	0.0	625.5	0.0	0.0	0.0	0.0	-2915466.0	-2915466.0	-2915466.0	-2915466.0	
1.0	2882.0012207	399847.09375	-111.599998474	6638.0	0.0	3.59999990463	-3.70000004768	342.0	458.0	0.0	3.0	15043.7998047	6110.70019531	0.0	681.5	0.0	0.0	0.0	0.0	-3060933.0	-3060933.0	-3060933.0	-3060933.0	
1.0	2883.4987793	399492.09375	-111.599998474	6646.0	0.0	5.59999990463	-0.699999988079	338.0	514.0	0.0	8.0	14501.7998047	6201.70019531	0.0	690.5	0.0	0.0	0.0	0.0	-2995054.0	-2995054.0	-2995054.0	-2995054.0	
1.0	2884.9987793	399137.09375	-114.599998474	6665.0	0.0	11.6000003815	-0.699999988079	371.0	447.0	0.0	2.0	15135.7998047	6264.70019531	0.0	625.5	0.0	0.0	0.0	0.0	-2758874.0	-2758874.0	-2758874.0	-2758874.0	
1.0	2886.50097656	399242.09375	-112.599998474	6657.0	0.0	-5.40000009537	-4.69999980927	357.0	440.0	0.0	3.0	15015.7998047	6015.70019531	0.0	635.5	0.0	0.0	0.0	0.0	-3185304.0	-3185304.0	-3185304.0	-3185304.0	
1.0	2886.99951172	398986.09375	-111.599998474	6663.0	0.0	-3.40000009537	-18.7000007629	364.0	483.0	0.0	5.0	15457.7998047	6011.70019531	0.0	634.5	0.0	0.0	0.0	0.0	-2905413.0	-2905413.0	-2905413.0	-2905413.0	
1.0	2890.0012207	398368.09375	-110.599998474	6657.0	0.0	-19.3999996185	-18.7000007629	328.0	480.0	0.0	4.0	14782.7998047	6157.70019531	0.0	654.5	0.0	0.0	0.0	0.0	-2595531.0	-2595531.0	-2595531.0	-2595531.0	
1.0	2893.0012207	398534.09375	-116.599998474	6655.0	0.0	-20.3999996185	-20.7000007629	333.0	472.0	0.0	3.0	15101.7998047	6153.70019531	0.0	690.5	0.0	0.0	0.0	0.0	-3056072.0	-3056072.0	-3056072.0	-3056072.0	
1.0	2895.99926758	397979.09375	-115.599998474	6654.0	0.0	-28.3999996185	-21.7000007629	344.0	437.0	0.0	5.0	15564.7998047	6227.70019531	0.0	649.5	0.0	0.0	0.0	0.0	-2967937.0	-2967937.0	-2967937.0	-2967937.0	
1.0	2899.00097656	397994.09375	-113.599998474	6660.0	0.0	-11.3999996185	-13.6999998093	298.0	408.0	0.0	7.0	15199.7998047	6186.70019531	0.0	651.5	0.0	0.0	0.0	0.0	-2646098.0	-2646098.0	-2646098.0	-2646098.0	
1.0	2902.00073242	397339.09375	-113.599998474	6665.0	0.0	-5.40000009537	-2.70000004768	339.0	394.0	0.0	3.0	15404.7998047	6155.70019531	0.0	662.5	0.0	0.0	0.0	0.0	-2607323.0	-2607323.0	-2607323.0	-2607323.0	
1.0	2905.0012207	397094.09375	-111.599998474	6674.0	0.0	-5.40000009537	-2.70000004768	310.0	396.0	0.0	7.0	14981.7998047	6169.70019531	0.0	645.5	0.0	0.0	0.0	0.0	-3254638.0	-3254638.0	-3254638.0	-3254638.0	
