SSRL   MicroEXAFS Data Collector 2.0 
Wed Jul 03 14:18:33 2019
PTS:	171	COLS:	24
alexbox-4ch-xspress.det
RuL3_edge_cell.rgn
SSRL BEAMLINE
COMMENTS





S1VGAP: 0.800000	S1HGAP: 1.000000	TABLEHORZ: 7.000000	SAMPLEV: 41.503226	CALVERT: 4.100521	BPVRT: 46.657988	M1VERT: 6.971044	SAMPLEHOLD: 25.998010	S1HTRAN: 4.775000	

Weights:
 1.000	1.000	1.000	1.000	1.000	1.000	1.000	1.000	1.000	1.000	1.000	1.000	1.000	1.000	1.000	1.000	1.000	1.000	1.000	1.000	1.000	1.000	
Offsets:
 480.9	1036.6	3120.0	0.0	112.4	585.7	0.0	0.0	0.0	0.0	0.2	1.3	0.0	1.5	0.0	0.0	0.0	0.0	79708896.9	79708896.9	79708896.9	79708896.9	
Data:
Real Time Clock
Requested Energy
I0   
I1   
I2   
I3   
MPFB1   
MPFB2   
FF1   
FF2   
FF3   
FF4   
ICR1   
ICR2   
ICR3   
ICR4   
SCA2.1   
SCA2.2   
SCA2.3   
SCA2.4   
TIME1   
TIME2   
TIME3   
TIME4   

1.0	2810.00097656	404843.09375	-109.599998474	6653.0	0.0	-19.3999996185	-6.69999980927	139.0	67.0	0.0	9.0	13187.7998047	5285.70019531	0.0	609.5	0.0	0.0	0.0	0.0	-2915554.0	-2915554.0	-2915554.0	-2915554.0	
1.0	2810.99975586	404561.09375	-111.599998474	6649.0	0.0	-21.3999996185	-8.69999980927	110.0	61.0	0.0	4.0	13511.7998047	5142.70019531	0.0	634.5	0.0	0.0	0.0	0.0	-2597394.0	-2597394.0	-2597394.0	-2597394.0	
1.0	2811.99951172	404632.09375	-111.599998474	6642.0	0.0	-22.3999996185	-3.70000004768	101.0	70.0	0.0	10.0	13659.7998047	5045.70019531	0.0	573.5	0.0	0.0	0.0	0.0	-2836346.0	-2836346.0	-2836346.0	-2836346.0	
1.0	2813.00024414	404530.09375	-107.599998474	6642.0	0.0	-28.3999996185	-2.70000004768	121.0	64.0	0.0	9.0	13151.7998047	5130.70019531	0.0	601.5	0.0	0.0	0.0	0.0	-3245010.0	-3245010.0	-3245010.0	-3245010.0	
1.0	2813.99951172	404428.09375	-109.599998474	6640.0	0.0	-30.3999996185	-4.69999980927	125.0	67.0	0.0	11.0	13509.7998047	5222.70019531	0.0	620.5	0.0	0.0	0.0	0.0	-2878178.0	-2878178.0	-2878178.0	-2878178.0	
1.0	2815.0	404259.09375	-108.599998474	6626.0	0.0	-30.3999996185	-1.70000004768	118.0	59.0	0.0	7.0	13287.7998047	5183.70019531	0.0	591.5	0.0	0.0	0.0	0.0	-3342227.0	-3342227.0	-3342227.0	-3342227.0	
1.0	2815.99902344	404244.09375	-110.599998474	6645.0	0.0	-27.3999996185	-1.70000004768	140.0	63.0	0.0	5.0	13841.7998047	5143.70019531	0.0	622.5	0.0	0.0	0.0	0.0	-2990852.0	-2990852.0	-2990852.0	-2990852.0	
1.0	2816.99902344	404147.09375	-114.599998474	6643.0	0.0	-25.3999996185	-0.699999988079	124.0	68.0	0.0	4.0	13521.7998047	5236.70019531	0.0	578.5	0.0	0.0	0.0	0.0	-2769268.0	-2769268.0	-2769268.0	-2769268.0	
1.0	2818.0	403973.09375	-112.599998474	6640.0	0.0	-21.3999996185	-5.69999980927	139.0	69.0	0.0	11.0	13525.7998047	5073.70019531	0.0	627.5	0.0	0.0	0.0	0.0	-3218071.0	-3218071.0	-3218071.0	-3218071.0	
1.0	2818.99975586	403724.09375	-110.599998474	6645.0	0.0	-16.3999996185	-14.6999998093	129.0	73.0	0.0	9.0	13462.7998047	5249.70019531	0.0	647.5	0.0	0.0	0.0	0.0	-3108624.0	-3108624.0	-3108624.0	-3108624.0	
1.0	2820.00048828	403511.09375	-107.599998474	6656.0	0.0	-15.3999996185	-17.7000007629	109.0	70.0	0.0	11.0	13733.7998047	5150.70019531	0.0	649.5	0.0	0.0	0.0	0.0	-2935024.0	-2935024.0	-2935024.0	-2935024.0	
1.0	2820.99975586	403373.09375	-114.599998474	6637.0	0.0	-18.3999996185	-6.69999980927	121.0	71.0	0.0	5.0	13933.7998047	5218.70019531	0.0	574.5	0.0	0.0	0.0	0.0	-3198154.0	-3198154.0	-3198154.0	-3198154.0	
1.0	2822.0	403284.09375	-113.599998474	6638.0	0.0	-21.3999996185	-6.69999980927	102.0	61.0	0.0	3.0	13306.7998047	5215.70019531	0.0	588.5	0.0	0.0	0.0	0.0	-3048620.0	-3048620.0	-3048620.0	-3048620.0	
1.0	2822.9987793	403100.09375	-109.599998474	6651.0	0.0	-17.3999996185	-4.69999980927	122.0	99.0	0.0	10.0	13599.7998047	5138.70019531	0.0	628.5	0.0	0.0	0.0	0.0	-2714281.0	-2714281.0	-2714281.0	-2714281.0	
1.0	2824.0012207	402822.09375	-108.599998474	6638.0	0.0	-18.3999996185	-5.69999980927	124.0	76.0	0.0	7.0	13590.7998047	5191.70019531	0.0	583.5	0.0	0.0	0.0	0.0	-3207322.0	-3207322.0	-3207322.0	-3207322.0	
1.0	2824.99951172	402522.09375	-111.599998474	6638.0	0.0	-19.3999996185	-6.69999980927	136.0	81.0	0.0	6.0	13339.7998047	5271.70019531	0.0	568.5	0.0	0.0	0.0	0.0	-3058128.0	-3058128.0	-3058128.0	-3058128.0	
1.0	2825.99902344	402301.09375	-109.599998474	6650.0	0.0	-19.3999996185	-4.69999980927	125.0	94.0	0.0	8.0	13691.7998047	5255.70019531	0.0	579.5	0.0	0.0	0.0	0.0	-2569756.0	-2569756.0	-2569756.0	-2569756.0	
1.0	2826.99951172	402314.09375	-111.599998474	6654.0	0.0	-4.40000009537	-6.69999980927	129.0	92.0	0.0	8.0	13509.7998047	5090.70019531	0.0	629.5	0.0	0.0	0.0	0.0	-3641380.0	-3641380.0	-3641380.0	-3641380.0	
1.0	2828.0012207	401924.09375	-108.599998474	6647.0	0.0	-3.40000009537	-8.69999980927	140.0	87.0	0.0	4.0	13715.7998047	5274.70019531	0.0	598.5	0.0	0.0	0.0	0.0	-2774804.0	-2774804.0	-2774804.0	-2774804.0	
1.0	2829.0012207	401990.09375	-106.599998474	6648.0	0.0	-1.39999997616	-7.69999980927	128.0	97.0	0.0	9.0	13520.7998047	5181.70019531	0.0	635.5	0.0	0.0	0.0	0.0	-3246235.0	-3246235.0	-3246235.0	-3246235.0	
1.0	2829.99975586	401857.09375	-110.599998474	6647.0	0.0	0.600000023842	-7.69999980927	127.0	102.0	0.0	7.0	13857.7998047	5232.70019531	0.0	589.5	0.0	0.0	0.0	0.0	-2911440.0	-2911440.0	-2911440.0	-2911440.0	
1.0	2830.99951172	401901.09375	-113.599998474	6638.0	0.0	-0.40000000596	-10.6999998093	131.0	98.0	0.0	8.0	13711.7998047	5450.70019531	0.0	575.5	0.0	0.0	0.0	0.0	-2641160.0	-2641160.0	-2641160.0	-2641160.0	
1.0	2832.00024414	401751.09375	-109.599998474	6648.0	0.0	-0.40000000596	-0.699999988079	129.0	109.0	0.0	6.0	13740.7998047	5303.70019531	0.0	594.5	0.0	0.0	0.0	0.0	-2913233.0	-2913233.0	-2913233.0	-2913233.0	
1.0	2832.99926758	401744.09375	-110.599998474	6655.0	0.0	-0.40000000596	7.30000019073	169.0	108.0	0.0	5.0	13794.7998047	5263.70019531	0.0	603.5	0.0	0.0	0.0	0.0	-2851693.0	-2851693.0	-2851693.0	-2851693.0	
1.0	2833.99951172	401706.09375	-110.599998474	6645.0	0.0	-0.40000000596	7.30000019073	158.0	125.0	0.0	10.0	13420.7998047	5400.70019531	0.0	625.5	0.0	0.0	0.0	0.0	-3141300.0	-3141300.0	-3141300.0	-3141300.0	
1.0	2835.00073242	401610.09375	-109.599998474	6652.0	0.0	14.6000003815	6.30000019073	169.0	171.0	0.0	5.0	13892.7998047	5472.70019531	0.0	634.5	0.0	0.0	0.0	0.0	-2628771.0	-2628771.0	-2628771.0	-2628771.0	
1.0	2836.00073242	401537.09375	-112.599998474	6647.0	0.0	15.6000003815	-8.69999980927	190.0	228.0	0.0	9.0	13990.7998047	5299.70019531	0.0	643.5	0.0	0.0	0.0	0.0	-2940076.0	-2940076.0	-2940076.0	-2940076.0	
1.0	2836.40039062	401385.09375	-108.599998474	6650.0	0.0	18.6000003815	-7.69999980927	211.0	264.0	0.0	11.0	13808.7998047	5514.70019531	0.0	592.5	0.0	0.0	0.0	0.0	-3227461.0	-3227461.0	-3227461.0	-3227461.0	
1.0	2836.55053711	401436.09375	-109.599998474	6640.0	0.0	16.6000003815	-8.69999980927	233.0	272.0	0.0	10.0	13773.7998047	5495.70019531	0.0	647.5	0.0	0.0	0.0	0.0	-3198052.0	-3198052.0	-3198052.0	-3198052.0	
1.0	2836.70092773	401438.09375	-109.599998474	6660.0	0.0	13.6000003815	-7.69999980927	252.0	292.0	0.0	13.0	14143.7998047	5443.70019531	0.0	664.5	0.0	0.0	0.0	0.0	-2618344.0	-2618344.0	-2618344.0	-2618344.0	
1.0	2836.85107422	401426.09375	-107.599998474	6663.0	0.0	13.6000003815	-9.69999980927	291.0	319.0	0.0	11.0	14250.7998047	5666.70019531	0.0	678.5	0.0	0.0	0.0	0.0	-2799518.0	-2799518.0	-2799518.0	-2799518.0	
1.0	2836.9987793	401403.09375	-109.599998474	6659.0	0.0	15.6000003815	-3.70000004768	328.0	383.0	0.0	8.0	14069.7998047	5639.70019531	0.0	590.5	0.0	0.0	0.0	0.0	-2737977.0	-2737977.0	-2737977.0	-2737977.0	
1.0	2837.14916992	401550.09375	-112.599998474	6658.0	0.0	11.6000003815	-3.70000004768	335.0	412.0	0.0	5.0	14373.7998047	5690.70019531	0.0	615.5	0.0	0.0	0.0	0.0	-2801945.0	-2801945.0	-2801945.0	-2801945.0	
1.0	2837.29956055	401386.09375	-112.599998474	6641.0	0.0	11.6000003815	-3.70000004768	359.0	472.0	0.0	2.0	14200.7998047	5828.70019531	0.0	605.5	0.0	0.0	0.0	0.0	-3093364.0	-3093364.0	-3093364.0	-3093364.0	
1.0	2837.44995117	401128.09375	-108.599998474	6660.0	0.0	17.6000003815	-2.70000004768	383.0	533.0	0.0	5.0	13699.7998047	5837.70019531	0.0	621.5	0.0	0.0	0.0	0.0	-3579480.0	-3579480.0	-3579480.0	-3579480.0	
1.0	2837.6003418	401414.09375	-111.599998474	6664.0	0.0	16.6000003815	-0.699999988079	445.0	567.0	0.0	9.0	13963.7998047	5855.70019531	0.0	586.5	0.0	0.0	0.0	0.0	-2983823.0	-2983823.0	-2983823.0	-2983823.0	
1.0	2837.75073242	401172.09375	-112.599998474	6643.0	0.0	17.6000003815	-2.70000004768	444.0	674.0	0.0	9.0	13981.7998047	5913.70019531	0.0	557.5	0.0	0.0	0.0	0.0	-3196505.0	-3196505.0	-3196505.0	-3196505.0	
1.0	2837.90136719	401211.09375	-112.599998474	6648.0	0.0	17.6000003815	-2.70000004768	513.0	630.0	0.0	6.0	14311.7998047	5871.70019531	0.0	607.5	0.0	0.0	0.0	0.0	-3440784.0	-3440784.0	-3440784.0	-3440784.0	
1.0	2838.04907227	400932.09375	-104.599998474	6653.0	0.0	-0.40000000596	-1.70000004768	522.0	726.0	0.0	8.0	13872.7998047	6075.70019531	0.0	619.5	0.0	0.0	0.0	0.0	-3012694.0	-3012694.0	-3012694.0	-3012694.0	
1.0	2838.19970703	400843.09375	-110.599998474	6656.0	0.0	-1.39999997616	-5.69999980927	518.0	779.0	0.0	12.0	14019.7998047	6234.70019531	0.0	616.5	0.0	0.0	0.0	0.0	-2882664.0	-2882664.0	-2882664.0	-2882664.0	
1.0	2838.35009766	400894.09375	-103.599998474	6653.0	0.0	-0.40000000596	-17.7000007629	494.0	678.0	0.0	3.0	13898.7998047	5897.70019531	0.0	589.5	0.0	0.0	0.0	0.0	-3528400.0	-3528400.0	-3528400.0	-3528400.0	
1.0	2838.50073242	400589.09375	-99.5999984741	6645.0	0.0	-1.39999997616	-31.7000007629	502.0	729.0	0.0	7.0	14165.7998047	6196.70019531	0.0	619.5	0.0	0.0	0.0	0.0	-2598966.0	-2598966.0	-2598966.0	-2598966.0	
1.0	2838.64868164	400626.09375	-102.599998474	6662.0	0.0	-5.40000009537	-31.7000007629	500.0	706.0	0.0	4.0	14054.7998047	6121.70019531	0.0	576.5	0.0	0.0	0.0	0.0	-2954218.0	-2954218.0	-2954218.0	-2954218.0	
1.0	2838.79931641	400585.09375	-102.599998474	6658.0	0.0	-10.3999996185	-24.7000007629	478.0	665.0	0.0	12.0	14618.7998047	6029.70019531	0.0	620.5	0.0	0.0	0.0	0.0	-3133290.0	-3133290.0	-3133290.0	-3133290.0	
1.0	2838.94995117	400509.09375	-103.599998474	6659.0	0.0	-14.3999996185	-25.7000007629	449.0	603.0	0.0	7.0	13753.7998047	6055.70019531	0.0	642.5	0.0	0.0	0.0	0.0	-3294924.0	-3294924.0	-3294924.0	-3294924.0	
1.0	2839.10058594	400625.09375	-105.599998474	6664.0	0.0	-9.39999961853	-7.69999980927	486.0	639.0	0.0	5.0	14408.7998047	6004.70019531	0.0	594.5	0.0	0.0	0.0	0.0	-2875762.0	-2875762.0	-2875762.0	-2875762.0	
1.0	2839.2487793	400495.09375	-101.599998474	6646.0	0.0	-4.40000009537	-7.69999980927	463.0	591.0	0.0	4.0	13910.7998047	5817.70019531	0.0	626.5	0.0	0.0	0.0	0.0	-3602551.0	-3602551.0	-3602551.0	-3602551.0	
1.0	2839.39941406	400567.09375	-106.599998474	6644.0	0.0	-6.40000009537	-2.70000004768	463.0	690.0	0.0	12.0	13708.7998047	6017.70019531	0.0	634.5	0.0	0.0	0.0	0.0	-3022571.0	-3022571.0	-3022571.0	-3022571.0	
1.0	2839.55004883	400701.09375	-103.599998474	6661.0	0.0	-4.40000009537	5.30000019073	496.0	672.0	0.0	6.0	13895.7998047	6166.70019531	0.0	639.5	0.0	0.0	0.0	0.0	-3171358.0	-3171358.0	-3171358.0	-3171358.0	
1.0	2839.70092773	400117.09375	-104.599998474	6639.0	0.0	-6.40000009537	6.30000019073	574.0	732.0	0.0	7.0	14344.7998047	6070.70019531	0.0	643.5	0.0	0.0	0.0	0.0	-3447732.0	-3447732.0	-3447732.0	-3447732.0	
1.0	2839.84912109	400405.09375	-107.599998474	6653.0	0.0	-5.40000009537	3.29999995232	550.0	721.0	0.0	10.0	14459.7998047	6152.70019531	0.0	610.5	0.0	0.0	0.0	0.0	-2786186.0	-2786186.0	-2786186.0	-2786186.0	
1.0	2840.0	400547.09375	-106.599998474	6650.0	0.0	-5.40000009537	6.30000019073	601.0	804.0	0.0	8.0	14198.7998047	6035.70019531	0.0	607.5	0.0	0.0	0.0	0.0	-3240143.0	-3240143.0	-3240143.0	-3240143.0	
1.0	2840.15063477	400572.09375	-107.599998474	6656.0	0.0	-8.39999961853	3.29999995232	681.0	914.0	0.0	5.0	14112.7998047	6232.70019531	0.0	623.5	0.0	0.0	0.0	0.0	-3886431.0	-3886431.0	-3886431.0	-3886431.0	
1.0	2840.29907227	400271.09375	-101.599998474	6658.0	0.0	-7.40000009537	2.29999995232	692.0	1035.0	0.0	4.0	13928.7998047	6454.70019531	0.0	618.5	0.0	0.0	0.0	0.0	-3347399.0	-3347399.0	-3347399.0	-3347399.0	
1.0	2840.44970703	400206.09375	-104.599998474	6672.0	0.0	-5.40000009537	5.30000019073	718.0	1173.0	0.0	10.0	13823.7998047	6603.70019531	0.0	615.5	0.0	0.0	0.0	0.0	-2523980.0	-2523980.0	-2523980.0	-2523980.0	
1.0	2840.60058594	400108.09375	-101.599998474	6665.0	0.0	-8.39999961853	3.29999995232	830.0	1247.0	0.0	6.0	14181.7998047	6689.70019531	0.0	659.5	0.0	0.0	0.0	0.0	-3397991.0	-3397991.0	-3397991.0	-3397991.0	
1.0	2840.74902344	400166.09375	-102.599998474	6666.0	0.0	-15.3999996185	5.30000019073	927.0	1434.0	0.0	7.0	14027.7998047	7009.70019531	0.0	629.5	0.0	0.0	0.0	0.0	-2678941.0	-2678941.0	-2678941.0	-2678941.0	
1.0	2840.89990234	399928.09375	-104.599998474	6662.0	0.0	-14.3999996185	6.30000019073	1019.0	1595.0	0.0	5.0	14290.7998047	7129.70019531	0.0	581.5	0.0	0.0	0.0	0.0	-3261445.0	-3261445.0	-3261445.0	-3261445.0	
1.0	2841.05102539	400201.09375	-105.599998474	6656.0	0.0	-19.3999996185	7.30000019073	1090.0	1696.0	0.0	9.0	14031.7998047	7233.70019531	0.0	668.5	0.0	0.0	0.0	0.0	-3685901.0	-3685901.0	-3685901.0	-3685901.0	
1.0	2841.19921875	400083.09375	-102.599998474	6662.0	0.0	-15.3999996185	6.30000019073	1171.0	1823.0	0.0	9.0	14510.7998047	7340.70019531	0.0	616.5	0.0	0.0	0.0	0.0	-3248205.0	-3248205.0	-3248205.0	-3248205.0	
1.0	2841.3503418	400158.09375	-105.599998474	6656.0	0.0	-5.40000009537	3.29999995232	1237.0	1901.0	0.0	5.0	14767.7998047	7489.70019531	0.0	580.5	0.0	0.0	0.0	0.0	-2998860.0	-2998860.0	-2998860.0	-2998860.0	
1.0	2841.4987793	399780.09375	-103.599998474	6653.0	0.0	-7.40000009537	4.30000019073	1286.0	2017.0	0.0	5.0	14467.7998047	7453.70019531	0.0	617.5	0.0	0.0	0.0	0.0	-3173583.0	-3173583.0	-3173583.0	-3173583.0	
1.0	2841.64990234	399855.09375	-103.599998474	6639.0	0.0	-12.3999996185	6.30000019073	1324.0	2122.0	0.0	8.0	14606.7998047	7704.70019531	0.0	652.5	0.0	0.0	0.0	0.0	-3052198.0	-3052198.0	-3052198.0	-3052198.0	
1.0	2841.80078125	399792.09375	-108.599998474	6650.0	0.0	-14.3999996185	5.30000019073	1347.0	2071.0	0.0	6.0	14698.7998047	7670.70019531	0.0	623.5	0.0	0.0	0.0	0.0	-2987037.0	-2987037.0	-2987037.0	-2987037.0	
1.0	2841.94946289	399862.09375	-103.599998474	6658.0	0.0	-12.3999996185	3.29999995232	1282.0	1981.0	0.0	8.0	14431.7998047	7545.70019531	0.0	615.5	0.0	0.0	0.0	0.0	-3459310.0	-3459310.0	-3459310.0	-3459310.0	
1.0	2842.10058594	399742.09375	-102.599998474	6654.0	0.0	-15.3999996185	5.30000019073	1280.0	2001.0	0.0	9.0	14474.7998047	7684.70019531	0.0	580.5	0.0	0.0	0.0	0.0	-2916627.0	-2916627.0	-2916627.0	-2916627.0	
1.0	2842.24902344	399439.09375	-107.599998474	6648.0	0.0	-15.3999996185	9.30000019073	1255.0	1894.0	0.0	9.0	14641.7998047	7370.70019531	0.0	610.5	0.0	0.0	0.0	0.0	-2626744.0	-2626744.0	-2626744.0	-2626744.0	
1.0	2842.40014648	399706.09375	-104.599998474	6660.0	0.0	-13.3999996185	8.30000019073	1116.0	1686.0	0.0	8.0	14429.7998047	7139.70019531	0.0	603.5	0.0	0.0	0.0	0.0	-3642144.0	-3642144.0	-3642144.0	-3642144.0	
1.0	2842.54882812	399714.09375	-103.599998474	6682.0	0.0	-16.3999996185	5.30000019073	1025.0	1611.0	0.0	9.0	14144.7998047	7061.70019531	0.0	666.5	0.0	0.0	0.0	0.0	-2729059.0	-2729059.0	-2729059.0	-2729059.0	
1.0	2842.69995117	399952.09375	-99.5999984741	6650.0	0.0	-18.3999996185	0.300000011921	986.0	1498.0	0.0	6.0	14229.7998047	6981.70019531	0.0	632.5	0.0	0.0	0.0	0.0	-2973362.0	-2973362.0	-2973362.0	-2973362.0	
1.0	2842.84863281	401533.09375	-102.599998474	6654.0	0.0	-17.3999996185	2.29999995232	973.0	1417.0	0.0	6.0	14744.7998047	6819.70019531	0.0	569.5	0.0	0.0	0.0	0.0	-3663381.0	-3663381.0	-3663381.0	-3663381.0	
1.0	2843.0	402364.09375	-105.599998474	6655.0	0.0	-17.3999996185	7.30000019073	939.0	1391.0	0.0	4.0	15195.7998047	6842.70019531	0.0	630.5	0.0	0.0	0.0	0.0	-2670391.0	-2670391.0	-2670391.0	-2670391.0	
1.0	2843.15136719	403730.09375	-103.599998474	6655.0	0.0	-18.3999996185	4.30000019073	798.0	1179.0	0.0	7.0	14651.7998047	6640.70019531	0.0	662.5	0.0	0.0	0.0	0.0	-2752090.0	-2752090.0	-2752090.0	-2752090.0	
1.0	2843.30004883	404717.09375	-105.599998474	6660.0	0.0	-16.3999996185	6.30000019073	832.0	1163.0	0.0	8.0	14933.7998047	6569.70019531	0.0	627.5	0.0	0.0	0.0	0.0	-2951185.0	-2951185.0	-2951185.0	-2951185.0	
1.0	2843.44873047	404617.09375	-107.599998474	6649.0	0.0	-17.3999996185	6.30000019073	712.0	1053.0	0.0	7.0	14981.7998047	6494.70019531	0.0	600.5	0.0	0.0	0.0	0.0	-2642244.0	-2642244.0	-2642244.0	-2642244.0	
1.0	2843.60009766	404433.09375	-102.599998474	6658.0	0.0	-10.3999996185	7.30000019073	607.0	1032.0	0.0	3.0	14080.7998047	6388.70019531	0.0	634.5	0.0	0.0	0.0	0.0	-2804838.0	-2804838.0	-2804838.0	-2804838.0	
1.0	2843.74902344	404738.09375	-104.599998474	6657.0	0.0	-11.3999996185	6.30000019073	615.0	944.0	0.0	10.0	14292.7998047	6412.70019531	0.0	667.5	0.0	0.0	0.0	0.0	-3197256.0	-3197256.0	-3197256.0	-3197256.0	
1.0	2843.90039062	404406.09375	-104.599998474	6658.0	0.0	-9.39999961853	6.30000019073	593.0	833.0	0.0	4.0	14681.7998047	6224.70019531	0.0	645.5	0.0	0.0	0.0	0.0	-2816681.0	-2816681.0	-2816681.0	-2816681.0	
1.0	2844.04907227	404214.09375	-102.599998474	6657.0	0.0	-9.39999961853	5.30000019073	563.0	855.0	0.0	7.0	14335.7998047	6240.70019531	0.0	609.5	0.0	0.0	0.0	0.0	-3187954.0	-3187954.0	-3187954.0	-3187954.0	
1.0	2844.20068359	404206.09375	-107.599998474	6661.0	0.0	-9.39999961853	7.30000019073	523.0	750.0	0.0	6.0	14009.7998047	6141.70019531	0.0	593.5	0.0	0.0	0.0	0.0	-3716934.0	-3716934.0	-3716934.0	-3716934.0	
1.0	2844.34936523	404206.09375	-103.599998474	6660.0	0.0	-7.40000009537	7.30000019073	555.0	707.0	0.0	6.0	14615.7998047	6048.70019531	0.0	592.5	0.0	0.0	0.0	0.0	-3078492.0	-3078492.0	-3078492.0	-3078492.0	
1.0	2844.50097656	404337.09375	-125.599998474	6670.0	0.0	-9.39999961853	4.30000019073	486.0	676.0	0.0	10.0	14478.7998047	6222.70019531	0.0	591.5	0.0	0.0	0.0	0.0	-2602564.0	-2602564.0	-2602564.0	-2602564.0	
1.0	2844.64990234	404396.09375	-105.599998474	6655.0	0.0	-6.40000009537	6.30000019073	508.0	688.0	0.0	9.0	14309.7998047	5961.70019531	0.0	652.5	0.0	0.0	0.0	0.0	-3067206.0	-3067206.0	-3067206.0	-3067206.0	
1.0	2844.79882812	404204.09375	-108.599998474	6677.0	0.0	-8.39999961853	6.30000019073	503.0	684.0	0.0	10.0	14609.7998047	6090.70019531	0.0	620.5	0.0	0.0	0.0	0.0	-2621811.0	-2621811.0	-2621811.0	-2621811.0	
1.0	2844.95043945	403917.09375	-108.599998474	6675.0	0.0	-6.40000009537	5.30000019073	494.0	637.0	0.0	6.0	14629.7998047	6104.70019531	0.0	639.5	0.0	0.0	0.0	0.0	-2527449.0	-2527449.0	-2527449.0	-2527449.0	
1.0	2845.09936523	404050.09375	-109.599998474	6667.0	0.0	-8.39999961853	7.30000019073	464.0	575.0	0.0	4.0	14217.7998047	5912.70019531	0.0	678.5	0.0	0.0	0.0	0.0	-3151673.0	-3151673.0	-3151673.0	-3151673.0	
1.0	2845.25097656	404192.09375	-107.599998474	6663.0	0.0	-9.39999961853	6.30000019073	480.0	593.0	0.0	7.0	14349.7998047	5931.70019531	0.0	638.5	0.0	0.0	0.0	0.0	-3296868.0	-3296868.0	-3296868.0	-3296868.0	
1.0	2845.40014648	404076.09375	-109.599998474	6670.0	0.0	-10.3999996185	7.30000019073	451.0	672.0	0.0	10.0	14497.7998047	6122.70019531	0.0	653.5	0.0	0.0	0.0	0.0	-3077522.0	-3077522.0	-3077522.0	-3077522.0	
1.0	2845.54907227	403850.09375	-106.599998474	6675.0	0.0	-14.3999996185	8.30000019073	467.0	611.0	0.0	4.0	14471.7998047	6029.70019531	0.0	635.5	0.0	0.0	0.0	0.0	-3242783.0	-3242783.0	-3242783.0	-3242783.0	
1.0	2845.70092773	403978.09375	-107.599998474	6665.0	0.0	-13.3999996185	6.30000019073	468.0	663.0	0.0	6.0	14141.7998047	6065.70019531	0.0	621.5	0.0	0.0	0.0	0.0	-2724624.0	-2724624.0	-2724624.0	-2724624.0	
1.0	2845.85009766	403917.09375	-108.599998474	6665.0	0.0	-17.3999996185	8.30000019073	457.0	611.0	0.0	4.0	14291.7998047	6024.70019531	0.0	624.5	0.0	0.0	0.0	0.0	-3194067.0	-3194067.0	-3194067.0	-3194067.0	
1.0	2845.99902344	403762.09375	-103.599998474	6665.0	0.0	-17.3999996185	7.30000019073	441.0	657.0	0.0	6.0	14560.7998047	5959.70019531	0.0	624.5	0.0	0.0	0.0	0.0	-3423981.0	-3423981.0	-3423981.0	-3423981.0	
1.0	2846.15087891	403713.09375	-105.599998474	6660.0	0.0	-16.3999996185	8.30000019073	412.0	629.0	0.0	8.0	14162.7998047	6103.70019531	0.0	634.5	0.0	0.0	0.0	0.0	-2898441.0	-2898441.0	-2898441.0	-2898441.0	
1.0	2846.30004883	403902.09375	-104.599998474	6667.0	0.0	-15.3999996185	9.30000019073	420.0	594.0	0.0	10.0	14256.7998047	6218.70019531	0.0	697.5	0.0	0.0	0.0	0.0	-2640518.0	-2640518.0	-2640518.0	-2640518.0	
1.0	2846.44921875	403812.09375	-102.599998474	6654.0	0.0	-14.3999996185	11.3000001907	453.0	614.0	0.0	4.0	14432.7998047	6043.70019531	0.0	614.5	0.0	0.0	0.0	0.0	-2888581.0	-2888581.0	-2888581.0	-2888581.0	
1.0	2846.60107422	403735.09375	-103.599998474	6668.0	0.0	-17.3999996185	8.30000019073	398.0	555.0	0.0	5.0	13833.7998047	6040.70019531	0.0	640.5	0.0	0.0	0.0	0.0	-3098444.0	-3098444.0	-3098444.0	-3098444.0	
1.0	2846.75024414	403749.09375	-103.599998474	6670.0	0.0	-13.3999996185	8.30000019073	429.0	495.0	0.0	5.0	14601.7998047	5925.70019531	0.0	643.5	0.0	0.0	0.0	0.0	-2823890.0	-2823890.0	-2823890.0	-2823890.0	
1.0	2846.8996582	403465.09375	-107.599998474	6657.0	0.0	-18.3999996185	9.30000019073	406.0	559.0	0.0	10.0	14340.7998047	5964.70019531	0.0	651.5	0.0	0.0	0.0	0.0	-3369206.0	-3369206.0	-3369206.0	-3369206.0	
1.0	2847.04907227	403457.09375	-105.599998474	6665.0	0.0	-27.3999996185	1.29999995232	404.0	470.0	0.0	11.0	14354.7998047	5915.70019531	0.0	601.5	0.0	0.0	0.0	0.0	-2971489.0	-2971489.0	-2971489.0	-2971489.0	
1.0	2847.20092773	403492.09375	-106.599998474	6658.0	0.0	-33.4000015259	-1.70000004768	354.0	486.0	0.0	4.0	14394.7998047	5980.70019531	0.0	647.5	0.0	0.0	0.0	0.0	-3279318.0	-3279318.0	-3279318.0	-3279318.0	
1.0	2847.3503418	403305.09375	-107.599998474	6665.0	0.0	-33.4000015259	9.30000019073	334.0	526.0	0.0	11.0	13750.7998047	5771.70019531	0.0	613.5	0.0	0.0	0.0	0.0	-3774924.0	-3774924.0	-3774924.0	-3774924.0	
1.0	2847.49951172	403606.09375	-105.599998474	6669.0	0.0	-30.3999996185	1.29999995232	385.0	464.0	0.0	4.0	14452.7998047	5889.70019531	0.0	581.5	0.0	0.0	0.0	0.0	-2626780.0	-2626780.0	-2626780.0	-2626780.0	
1.0	2847.64892578	403463.09375	-105.599998474	6667.0	0.0	-30.3999996185	-1.70000004768	353.0	463.0	0.0	5.0	14418.7998047	5896.70019531	0.0	613.5	0.0	0.0	0.0	0.0	-2902960.0	-2902960.0	-2902960.0	-2902960.0	
1.0	2847.80102539	403295.09375	-106.599998474	6671.0	0.0	-29.3999996185	-1.70000004768	351.0	432.0	0.0	10.0	14332.7998047	5679.70019531	0.0	618.5	0.0	0.0	0.0	0.0	-3999296.0	-3999296.0	-3999296.0	-3999296.0	
1.0	2847.95043945	403600.09375	-105.599998474	6652.0	0.0	-27.3999996185	8.30000019073	375.0	459.0	0.0	6.0	14643.7998047	5781.70019531	0.0	583.5	0.0	0.0	0.0	0.0	-2632078.0	-2632078.0	-2632078.0	-2632078.0	
1.0	2848.09985352	403473.09375	-104.599998474	6668.0	0.0	-32.4000015259	12.3000001907	317.0	405.0	0.0	7.0	13864.7998047	5983.70019531	0.0	585.5	0.0	0.0	0.0	0.0	-3181907.0	-3181907.0	-3181907.0	-3181907.0	
1.0	2848.24951172	403183.09375	-100.599998474	6665.0	0.0	-32.4000015259	11.3000001907	304.0	407.0	0.0	5.0	14453.7998047	5748.70019531	0.0	633.5	0.0	0.0	0.0	0.0	-3880509.0	-3880509.0	-3880509.0	-3880509.0	
1.0	2848.39892578	403510.09375	-103.599998474	6675.0	0.0	-30.3999996185	10.3000001907	329.0	385.0	0.0	4.0	14216.7998047	5768.70019531	0.0	615.5	0.0	0.0	0.0	0.0	-2755510.0	-2755510.0	-2755510.0	-2755510.0	
1.0	2848.55102539	403235.09375	-101.599998474	6659.0	0.0	-32.4000015259	10.3000001907	276.0	389.0	0.0	6.0	13891.7998047	5878.70019531	0.0	595.5	0.0	0.0	0.0	0.0	-2950975.0	-2950975.0	-2950975.0	-2950975.0	
1.0	2848.70068359	403152.09375	-102.599998474	6652.0	0.0	-19.3999996185	13.3000001907	324.0	396.0	0.0	10.0	14252.7998047	5727.70019531	0.0	622.5	0.0	0.0	0.0	0.0	-2680291.0	-2680291.0	-2680291.0	-2680291.0	
1.0	2848.85009766	403211.09375	-102.599998474	6667.0	0.0	-17.3999996185	11.3000001907	329.0	372.0	0.0	5.0	14372.7998047	5749.70019531	0.0	617.5	0.0	0.0	0.0	0.0	-2920612.0	-2920612.0	-2920612.0	-2920612.0	
1.0	2848.99975586	403262.09375	-104.599998474	6656.0	0.0	-15.3999996185	13.3000001907	335.0	376.0	0.0	6.0	14060.7998047	5804.70019531	0.0	614.5	0.0	0.0	0.0	0.0	-2685268.0	-2685268.0	-2685268.0	-2685268.0	
1.0	2849.14941406	403153.09375	-103.599998474	6660.0	0.0	-15.3999996185	11.3000001907	345.0	379.0	0.0	9.0	14489.7998047	5841.70019531	0.0	623.5	0.0	0.0	0.0	0.0	-3351536.0	-3351536.0	-3351536.0	-3351536.0	
1.0	2849.29907227	403127.09375	-103.599998474	6672.0	0.0	-26.3999996185	11.3000001907	312.0	368.0	0.0	8.0	14403.7998047	5851.70019531	0.0	560.5	0.0	0.0	0.0	0.0	-3041860.0	-3041860.0	-3041860.0	-3041860.0	
1.0	2849.44873047	403045.09375	-105.599998474	6654.0	0.0	-32.4000015259	11.3000001907	337.0	395.0	0.0	4.0	14685.7998047	5725.70019531	0.0	659.5	0.0	0.0	0.0	0.0	-2973697.0	-2973697.0	-2973697.0	-2973697.0	
1.0	2849.60107422	403021.09375	-104.599998474	6662.0	0.0	-31.3999996185	11.3000001907	332.0	376.0	0.0	5.0	14259.7998047	5887.70019531	0.0	599.5	0.0	0.0	0.0	0.0	-2677205.0	-2677205.0	-2677205.0	-2677205.0	
1.0	2849.75073242	402879.09375	-103.599998474	6665.0	0.0	-22.3999996185	10.3000001907	302.0	375.0	0.0	5.0	14564.7998047	5786.70019531	0.0	622.5	0.0	0.0	0.0	0.0	-2904070.0	-2904070.0	-2904070.0	-2904070.0	
1.0	2849.90063477	402851.09375	-103.599998474	6671.0	0.0	-15.3999996185	10.3000001907	324.0	360.0	0.0	5.0	14200.7998047	5611.70019531	0.0	641.5	0.0	0.0	0.0	0.0	-3132888.0	-3132888.0	-3132888.0	-3132888.0	
1.0	2850.0012207	402721.09375	-103.599998474	6662.0	0.0	-17.3999996185	12.3000001907	340.0	358.0	0.0	8.0	14296.7998047	5794.70019531	0.0	653.5	0.0	0.0	0.0	0.0	-3050496.0	-3050496.0	-3050496.0	-3050496.0	
1.0	2850.60058594	402589.09375	-105.599998474	6666.0	0.0	-10.3999996185	11.3000001907	331.0	385.0	0.0	8.0	14348.7998047	5692.70019531	0.0	606.5	0.0	0.0	0.0	0.0	-3289245.0	-3289245.0	-3289245.0	-3289245.0	
1.0	2851.20019531	402398.09375	-105.599998474	6661.0	0.0	-9.39999961853	7.30000019073	353.0	359.0	0.0	7.0	14597.7998047	5706.70019531	0.0	623.5	0.0	0.0	0.0	0.0	-3059292.0	-3059292.0	-3059292.0	-3059292.0	
1.0	2851.80029297	402478.09375	-104.599998474	6647.0	0.0	-6.40000009537	6.30000019073	293.0	366.0	0.0	9.0	14639.7998047	5856.70019531	0.0	668.5	0.0	0.0	0.0	0.0	-2651916.0	-2651916.0	-2651916.0	-2651916.0	
1.0	2852.40063477	402464.09375	-102.599998474	6652.0	0.0	-9.39999961853	10.3000001907	314.0	438.0	0.0	7.0	14255.7998047	5858.70019531	0.0	659.5	0.0	0.0	0.0	0.0	-3041852.0	-3041852.0	-3041852.0	-3041852.0	
1.0	2852.9987793	402350.09375	-100.599998474	6662.0	0.0	-8.39999961853	12.3000001907	290.0	376.0	0.0	3.0	14772.7998047	5793.70019531	0.0	674.5	0.0	0.0	0.0	0.0	-2612694.0	-2612694.0	-2612694.0	-2612694.0	
1.0	2853.59985352	402162.09375	-98.5999984741	6651.0	0.0	-6.40000009537	9.30000019073	338.0	398.0	0.0	2.0	14241.7998047	5803.70019531	0.0	629.5	0.0	0.0	0.0	0.0	-2807867.0	-2807867.0	-2807867.0	-2807867.0	
1.0	2854.19897461	402437.09375	-99.5999984741	6668.0	0.0	-6.40000009537	7.30000019073	314.0	392.0	0.0	9.0	14375.7998047	5909.70019531	0.0	612.5	0.0	0.0	0.0	0.0	-2553155.0	-2553155.0	-2553155.0	-2553155.0	
1.0	2854.80078125	401958.09375	-103.599998474	6656.0	0.0	-7.40000009537	13.3000001907	315.0	391.0	0.0	6.0	14706.7998047	5782.70019531	0.0	643.5	0.0	0.0	0.0	0.0	-3358550.0	-3358550.0	-3358550.0	-3358550.0	
1.0	2855.40039062	401962.09375	-105.599998474	6688.0	0.0	-9.39999961853	9.30000019073	312.0	353.0	0.0	7.0	14584.7998047	5807.70019531	0.0	635.5	0.0	0.0	0.0	0.0	-3035843.0	-3035843.0	-3035843.0	-3035843.0	
1.0	2856.00048828	402014.09375	-104.599998474	6658.0	0.0	-15.3999996185	-0.699999988079	286.0	346.0	0.0	5.0	14349.7998047	5865.70019531	0.0	641.5	0.0	0.0	0.0	0.0	-2717259.0	-2717259.0	-2717259.0	-2717259.0	
1.0	2856.60083008	401801.09375	-105.599998474	6661.0	0.0	-13.3999996185	0.300000011921	337.0	363.0	0.0	8.0	14309.7998047	5829.70019531	0.0	671.5	0.0	0.0	0.0	0.0	-3150229.0	-3150229.0	-3150229.0	-3150229.0	
1.0	2857.19897461	401708.09375	-104.599998474	6674.0	0.0	-14.3999996185	0.300000011921	283.0	369.0	0.0	4.0	14407.7998047	5864.70019531	0.0	612.5	0.0	0.0	0.0	0.0	-3088877.0	-3088877.0	-3088877.0	-3088877.0	
1.0	2857.80004883	401654.09375	-102.599998474	6681.0	0.0	-14.3999996185	-2.70000004768	327.0	348.0	0.0	7.0	14697.7998047	5827.70019531	0.0	582.5	0.0	0.0	0.0	0.0	-2705084.0	-2705084.0	-2705084.0	-2705084.0	
1.0	2858.39892578	401655.09375	-103.599998474	6647.0	0.0	-12.3999996185	-1.70000004768	332.0	341.0	0.0	10.0	14705.7998047	5874.70019531	0.0	633.5	0.0	0.0	0.0	0.0	-2771238.0	-2771238.0	-2771238.0	-2771238.0	
1.0	2859.00073242	401741.09375	-100.599998474	6660.0	0.0	-11.3999996185	0.300000011921	307.0	391.0	0.0	6.0	14114.7998047	5938.70019531	0.0	650.5	0.0	0.0	0.0	0.0	-2919229.0	-2919229.0	-2919229.0	-2919229.0	
1.0	2859.6003418	401330.09375	-103.599998474	6653.0	0.0	1.60000002384	-0.699999988079	322.0	396.0	0.0	6.0	14523.7998047	6045.70019531	0.0	655.5	0.0	0.0	0.0	0.0	-2583101.0	-2583101.0	-2583101.0	-2583101.0	
1.0	2860.20043945	401470.09375	-101.599998474	6644.0	0.0	5.59999990463	-2.70000004768	297.0	405.0	0.0	4.0	14638.7998047	5852.70019531	0.0	631.5	0.0	0.0	0.0	0.0	-3079109.0	-3079109.0	-3079109.0	-3079109.0	
1.0	2860.80078125	401264.09375	-99.5999984741	6666.0	0.0	4.59999990463	-2.70000004768	287.0	405.0	0.0	6.0	14640.7998047	5817.70019531	0.0	631.5	0.0	0.0	0.0	0.0	-2663713.0	-2663713.0	-2663713.0	-2663713.0	
1.0	2861.39892578	401262.09375	-101.599998474	6663.0	0.0	7.59999990463	-1.70000004768	357.0	385.0	0.0	5.0	14430.7998047	5698.70019531	0.0	612.5	0.0	0.0	0.0	0.0	-3287903.0	-3287903.0	-3287903.0	-3287903.0	
1.0	2862.0	401373.09375	-99.5999984741	6647.0	0.0	5.59999990463	-2.70000004768	326.0	424.0	0.0	2.0	14542.7998047	6025.70019531	0.0	598.5	0.0	0.0	0.0	0.0	-2953227.0	-2953227.0	-2953227.0	-2953227.0	
1.0	2862.59887695	401158.09375	-98.5999984741	6670.0	0.0	-2.40000009537	-1.70000004768	327.0	419.0	0.0	4.0	14359.7998047	5856.70019531	0.0	645.5	0.0	0.0	0.0	0.0	-3298252.0	-3298252.0	-3298252.0	-3298252.0	
1.0	2863.20068359	401005.09375	-103.599998474	6645.0	0.0	-12.3999996185	-1.70000004768	322.0	429.0	0.0	3.0	14507.7998047	5959.70019531	0.0	653.5	0.0	0.0	0.0	0.0	-3189287.0	-3189287.0	-3189287.0	-3189287.0	
1.0	2863.80029297	400878.09375	-99.5999984741	6660.0	0.0	-12.3999996185	0.300000011921	290.0	376.0	0.0	2.0	14476.7998047	5852.70019531	0.0	633.5	0.0	0.0	0.0	0.0	-2830328.0	-2830328.0	-2830328.0	-2830328.0	
1.0	2864.40014648	400603.09375	-99.5999984741	6656.0	0.0	-13.3999996185	-14.6999998093	267.0	373.0	0.0	3.0	14348.7998047	5783.70019531	0.0	580.5	0.0	0.0	0.0	0.0	-3095597.0	-3095597.0	-3095597.0	-3095597.0	
1.0	2865.00048828	400560.09375	-98.5999984741	6651.0	0.0	-12.3999996185	-15.6999998093	312.0	376.0	0.0	4.0	14697.7998047	6005.70019531	0.0	684.5	0.0	0.0	0.0	0.0	-2710843.0	-2710843.0	-2710843.0	-2710843.0	
1.0	2865.60107422	400611.09375	-107.599998474	6659.0	0.0	-13.3999996185	-15.6999998093	322.0	400.0	0.0	4.0	14505.7998047	5857.70019531	0.0	604.5	0.0	0.0	0.0	0.0	-3014664.0	-3014664.0	-3014664.0	-3014664.0	
1.0	2866.19946289	400465.09375	-100.599998474	6664.0	0.0	-14.3999996185	-4.69999980927	326.0	398.0	0.0	6.0	14586.7998047	5913.70019531	0.0	664.5	0.0	0.0	0.0	0.0	-2773597.0	-2773597.0	-2773597.0	-2773597.0	
1.0	2866.80078125	400408.09375	-100.599998474	6651.0	0.0	-13.3999996185	-4.69999980927	328.0	382.0	0.0	9.0	14137.7998047	5939.70019531	0.0	664.5	0.0	0.0	0.0	0.0	-3000429.0	-3000429.0	-3000429.0	-3000429.0	
1.0	2867.40014648	400318.09375	-99.5999984741	6659.0	0.0	-7.40000009537	-17.7000007629	297.0	387.0	0.0	7.0	15066.7998047	6011.70019531	0.0	620.5	0.0	0.0	0.0	0.0	-2926236.0	-2926236.0	-2926236.0	-2926236.0	
1.0	2867.99951172	400032.09375	-105.599998474	6670.0	0.0	-6.40000009537	-7.69999980927	293.0	396.0	0.0	5.0	14756.7998047	5856.70019531	0.0	650.5	0.0	0.0	0.0	0.0	-3117644.0	-3117644.0	-3117644.0	-3117644.0	
1.0	2868.59936523	400138.09375	-101.599998474	6669.0	0.0	-7.40000009537	-10.6999998093	330.0	404.0	0.0	8.0	14394.7998047	5869.70019531	0.0	630.5	0.0	0.0	0.0	0.0	-3265439.0	-3265439.0	-3265439.0	-3265439.0	
1.0	2869.19970703	399818.09375	-100.599998474	6667.0	0.0	-3.40000009537	-9.69999980927	338.0	394.0	0.0	7.0	14903.7998047	5955.70019531	0.0	638.5	0.0	0.0	0.0	0.0	-2769447.0	-2769447.0	-2769447.0	-2769447.0	
1.0	2869.80029297	399814.09375	-100.599998474	6660.0	0.0	-5.40000009537	-6.69999980927	280.0	360.0	0.0	8.0	14588.7998047	5903.70019531	0.0	615.5	0.0	0.0	0.0	0.0	-3170465.0	-3170465.0	-3170465.0	-3170465.0	
1.0	2870.00048828	399928.09375	-100.599998474	6657.0	0.0	-5.40000009537	-6.69999980927	308.0	398.0	0.0	13.0	14679.7998047	5898.70019531	0.0	669.5	0.0	0.0	0.0	0.0	-2921031.0	-2921031.0	-2921031.0	-2921031.0	
1.0	2871.5012207	399764.09375	-101.599998474	6665.0	0.0	-4.40000009537	-8.69999980927	317.0	348.0	0.0	4.0	14751.7998047	5703.70019531	0.0	645.5	0.0	0.0	0.0	0.0	-2845079.0	-2845079.0	-2845079.0	-2845079.0	
1.0	2872.99902344	399571.09375	-102.599998474	6659.0	0.0	-2.40000009537	-18.7000007629	332.0	372.0	0.0	5.0	14323.7998047	5968.70019531	0.0	636.5	0.0	0.0	0.0	0.0	-2495891.0	-2495891.0	-2495891.0	-2495891.0	
1.0	2874.49902344	399120.09375	-102.599998474	6671.0	0.0	-4.40000009537	-13.6999998093	364.0	418.0	0.0	3.0	14975.7998047	6032.70019531	0.0	624.5	0.0	0.0	0.0	0.0	-3051866.0	-3051866.0	-3051866.0	-3051866.0	
1.0	2876.0012207	399209.09375	-100.599998474	6656.0	0.0	-5.40000009537	-10.6999998093	332.0	449.0	0.0	10.0	14911.7998047	6053.70019531	0.0	618.5	0.0	0.0	0.0	0.0	-2573561.0	-2573561.0	-2573561.0	-2573561.0	
1.0	2877.50048828	398913.09375	-100.599998474	6670.0	0.0	-6.40000009537	-8.69999980927	347.0	428.0	0.0	6.0	14855.7998047	5884.70019531	0.0	580.5	0.0	0.0	0.0	0.0	-3225629.0	-3225629.0	-3225629.0	-3225629.0	
1.0	2878.99951172	399017.09375	-101.599998474	6669.0	0.0	-6.40000009537	-8.69999980927	303.0	454.0	0.0	5.0	14931.7998047	5917.70019531	0.0	641.5	0.0	0.0	0.0	0.0	-2990197.0	-2990197.0	-2990197.0	-2990197.0	
1.0	2880.50048828	398757.09375	-99.5999984741	6667.0	0.0	-7.40000009537	-7.69999980927	366.0	461.0	0.0	11.0	14668.7998047	6117.70019531	0.0	606.5	0.0	0.0	0.0	0.0	-3118523.0	-3118523.0	-3118523.0	-3118523.0	
1.0	2882.0012207	398637.09375	-99.5999984741	6672.0	0.0	-8.39999961853	-7.69999980927	368.0	476.0	0.0	8.0	14876.7998047	6029.70019531	0.0	679.5	0.0	0.0	0.0	0.0	-2971767.0	-2971767.0	-2971767.0	-2971767.0	
1.0	2883.4987793	398427.09375	-99.5999984741	6678.0	0.0	-8.39999961853	-6.69999980927	385.0	466.0	0.0	7.0	15010.7998047	6175.70019531	0.0	654.5	0.0	0.0	0.0	0.0	-2621106.0	-2621106.0	-2621106.0	-2621106.0	
1.0	2884.9987793	398422.09375	-83.5999984741	6673.0	0.0	-5.40000009537	-6.69999980927	346.0	496.0	0.0	8.0	15162.7998047	6065.70019531	0.0	680.5	0.0	0.0	0.0	0.0	-2936328.0	-2936328.0	-2936328.0	-2936328.0	
1.0	2886.50097656	398270.09375	-85.5999984741	6676.0	0.0	-6.40000009537	-7.69999980927	387.0	495.0	0.0	4.0	15134.7998047	5980.70019531	0.0	658.5	0.0	0.0	0.0	0.0	-3097684.0	-3097684.0	-3097684.0	-3097684.0	
1.0	2886.99951172	398182.09375	-96.5999984741	6672.0	0.0	-4.40000009537	-6.69999980927	379.0	481.0	0.0	8.0	15018.7998047	6045.70019531	0.0	701.5	0.0	0.0	0.0	0.0	-2695666.0	-2695666.0	-2695666.0	-2695666.0	
1.0	2890.0012207	397869.09375	-121.599998474	6660.0	0.0	-4.40000009537	-10.6999998093	325.0	484.0	0.0	5.0	14936.7998047	6201.70019531	0.0	656.5	0.0	0.0	0.0	0.0	-2800781.0	-2800781.0	-2800781.0	-2800781.0	
1.0	2893.0012207	397601.09375	-102.599998474	6653.0	0.0	-11.3999996185	-12.6999998093	344.0	448.0	0.0	3.0	15095.7998047	6019.70019531	0.0	648.5	0.0	0.0	0.0	0.0	-3127485.0	-3127485.0	-3127485.0	-3127485.0	
1.0	2895.99926758	397494.09375	-101.599998474	6670.0	0.0	-12.3999996185	-22.7000007629	310.0	383.0	0.0	7.0	15100.7998047	5999.70019531	0.0	687.5	0.0	0.0	0.0	0.0	-2717036.0	-2717036.0	-2717036.0	-2717036.0	
1.0	2899.00097656	396784.09375	-100.599998474	6684.0	0.0	-13.3999996185	-21.7000007629	275.0	430.0	0.0	3.0	15072.7998047	6191.70019531	0.0	665.5	0.0	0.0	0.0	0.0	-2678272.0	-2678272.0	-2678272.0	-2678272.0	
1.0	2902.00073242	396533.09375	-105.599998474	6664.0	0.0	5.59999990463	-12.6999998093	330.0	388.0	0.0	8.0	15318.7998047	6133.70019531	0.0	656.5	0.0	0.0	0.0	0.0	-3149313.0	-3149313.0	-3149313.0	-3149313.0	
1.0	2905.0012207	396308.09375	-103.599998474	6672.0	0.0	6.59999990463	-15.6999998093	333.0	405.0	0.0	8.0	15281.7998047	6116.70019531	0.0	597.5	0.0	0.0	0.0	0.0	-2941468.0	-2941468.0	-2941468.0	-2941468.0	
