SSRL   MicroEXAFS Data Collector 2.0 
Wed Jul 03 14:06:29 2019
PTS:	171	COLS:	24
alexbox-4ch-xspress.det
RuL3_edge_cell.rgn
SSRL BEAMLINE
COMMENTS





S1VGAP: 0.800000	S1HGAP: 1.000000	TABLEHORZ: 7.000000	SAMPLEV: 41.503226	CALVERT: 4.100521	BPVRT: 46.657988	M1VERT: 6.971044	SAMPLEHOLD: 25.998010	S1HTRAN: 4.775000	

Weights:
 1.000	1.000	1.000	1.000	1.000	1.000	1.000	1.000	1.000	1.000	1.000	1.000	1.000	1.000	1.000	1.000	1.000	1.000	1.000	1.000	1.000	1.000	
Offsets:
 480.9	1036.6	3120.0	0.0	112.4	585.7	0.0	0.0	0.0	0.0	0.2	1.3	0.0	1.5	0.0	0.0	0.0	0.0	79708896.9	79708896.9	79708896.9	79708896.9	
Data:
Real Time Clock
Requested Energy
I0   
I1   
I2   
I3   
MPFB1   
MPFB2   
FF1   
FF2   
FF3   
FF4   
ICR1   
ICR2   
ICR3   
ICR4   
SCA2.1   
SCA2.2   
SCA2.3   
SCA2.4   
TIME1   
TIME2   
TIME3   
TIME4   

1.0	2810.00097656	406592.09375	-112.599998474	6651.0	0.0	4.59999990463	1.29999995232	135.0	66.0	0.0	8.0	13613.7998047	4990.70019531	0.0	598.5	0.0	0.0	0.0	0.0	-2495183.0	-2495183.0	-2495183.0	-2495183.0	
1.0	2810.99975586	406762.09375	-110.599998474	6648.0	0.0	9.60000038147	3.29999995232	116.0	53.0	0.0	5.0	12914.7998047	5059.70019531	0.0	557.5	0.0	0.0	0.0	0.0	-3980131.0	-3980131.0	-3980131.0	-3980131.0	
1.0	2811.99951172	406483.09375	-109.599998474	6662.0	0.0	0.600000023842	2.29999995232	122.0	65.0	0.0	17.0	13134.7998047	5089.70019531	0.0	562.5	0.0	0.0	0.0	0.0	-3578147.0	-3578147.0	-3578147.0	-3578147.0	
1.0	2813.00024414	406314.09375	-109.599998474	6662.0	0.0	-1.39999997616	-9.69999980927	107.0	67.0	0.0	7.0	13352.7998047	5071.70019531	0.0	588.5	0.0	0.0	0.0	0.0	-2926667.0	-2926667.0	-2926667.0	-2926667.0	
1.0	2813.99951172	406346.09375	-109.599998474	6655.0	0.0	3.59999990463	-10.6999998093	115.0	58.0	0.0	7.0	13607.7998047	5107.70019531	0.0	535.5	0.0	0.0	0.0	0.0	-2737864.0	-2737864.0	-2737864.0	-2737864.0	
1.0	2815.0	406115.09375	-112.599998474	6659.0	0.0	-0.40000000596	-9.69999980927	123.0	84.0	0.0	5.0	13606.7998047	5265.70019531	0.0	620.5	0.0	0.0	0.0	0.0	-2897113.0	-2897113.0	-2897113.0	-2897113.0	
1.0	2815.99902344	406091.09375	-114.599998474	6669.0	0.0	2.59999990463	-11.6999998093	94.0	54.0	0.0	6.0	13391.7998047	5084.70019531	0.0	629.5	0.0	0.0	0.0	0.0	-3168815.0	-3168815.0	-3168815.0	-3168815.0	
1.0	2816.99902344	405903.09375	-111.599998474	6655.0	0.0	6.59999990463	-14.6999998093	135.0	64.0	0.0	7.0	13469.7998047	5247.70019531	0.0	599.5	0.0	0.0	0.0	0.0	-2850612.0	-2850612.0	-2850612.0	-2850612.0	
1.0	2818.0	405969.09375	-108.599998474	6671.0	0.0	6.59999990463	-8.69999980927	126.0	65.0	0.0	5.0	13695.7998047	5092.70019531	0.0	588.5	0.0	0.0	0.0	0.0	-2773477.0	-2773477.0	-2773477.0	-2773477.0	
1.0	2818.99975586	405638.09375	-113.599998474	6671.0	0.0	7.59999990463	-8.69999980927	154.0	66.0	0.0	8.0	13932.7998047	5146.70019531	0.0	633.5	0.0	0.0	0.0	0.0	-3301150.0	-3301150.0	-3301150.0	-3301150.0	
1.0	2820.00048828	405419.09375	-110.599998474	6659.0	0.0	6.59999990463	-7.69999980927	128.0	80.0	0.0	7.0	13351.7998047	5065.70019531	0.0	581.5	0.0	0.0	0.0	0.0	-3176726.0	-3176726.0	-3176726.0	-3176726.0	
1.0	2820.99975586	405282.09375	-111.599998474	6663.0	0.0	4.59999990463	-9.69999980927	131.0	69.0	0.0	8.0	13459.7998047	5257.70019531	0.0	666.5	0.0	0.0	0.0	0.0	-2809216.0	-2809216.0	-2809216.0	-2809216.0	
1.0	2822.0	404957.09375	-113.599998474	6666.0	0.0	3.59999990463	-25.7000007629	123.0	68.0	0.0	15.0	13651.7998047	5192.70019531	0.0	625.5	0.0	0.0	0.0	0.0	-2538512.0	-2538512.0	-2538512.0	-2538512.0	
1.0	2822.9987793	404833.09375	-113.599998474	6659.0	0.0	5.59999990463	-8.69999980927	130.0	81.0	0.0	13.0	13691.7998047	5203.70019531	0.0	589.5	0.0	0.0	0.0	0.0	-2907182.0	-2907182.0	-2907182.0	-2907182.0	
1.0	2824.0012207	404823.09375	-112.599998474	6667.0	0.0	5.59999990463	-6.69999980927	149.0	73.0	0.0	7.0	13737.7998047	5325.70019531	0.0	576.5	0.0	0.0	0.0	0.0	-2865431.0	-2865431.0	-2865431.0	-2865431.0	
1.0	2824.99951172	404309.09375	-113.599998474	6657.0	0.0	6.59999990463	-8.69999980927	136.0	70.0	0.0	8.0	13611.7998047	5214.70019531	0.0	633.5	0.0	0.0	0.0	0.0	-2578879.0	-2578879.0	-2578879.0	-2578879.0	
1.0	2825.99902344	403931.09375	-114.599998474	6665.0	0.0	7.59999990463	-6.69999980927	121.0	83.0	0.0	6.0	13760.7998047	5140.70019531	0.0	583.5	0.0	0.0	0.0	0.0	-3221548.0	-3221548.0	-3221548.0	-3221548.0	
1.0	2826.99951172	403839.09375	-113.599998474	6664.0	0.0	7.59999990463	-4.69999980927	115.0	85.0	0.0	7.0	13455.7998047	5331.70019531	0.0	570.5	0.0	0.0	0.0	0.0	-2999165.0	-2999165.0	-2999165.0	-2999165.0	
1.0	2828.0012207	403835.09375	-119.599998474	6657.0	0.0	9.60000038147	-2.70000004768	132.0	89.0	0.0	9.0	13731.7998047	5383.70019531	0.0	585.5	0.0	0.0	0.0	0.0	-3210732.0	-3210732.0	-3210732.0	-3210732.0	
1.0	2829.0012207	403734.09375	-115.599998474	6663.0	0.0	9.60000038147	-6.69999980927	154.0	105.0	0.0	3.0	13518.7998047	5324.70019531	0.0	630.5	0.0	0.0	0.0	0.0	-2971527.0	-2971527.0	-2971527.0	-2971527.0	
1.0	2829.99975586	403699.09375	-114.599998474	6659.0	0.0	8.60000038147	-2.70000004768	100.0	97.0	0.0	9.0	13416.7998047	5317.70019531	0.0	629.5	0.0	0.0	0.0	0.0	-2768755.0	-2768755.0	-2768755.0	-2768755.0	
1.0	2830.99951172	403451.09375	-112.599998474	6661.0	0.0	8.60000038147	-6.69999980927	150.0	92.0	0.0	8.0	13808.7998047	5339.70019531	0.0	627.5	0.0	0.0	0.0	0.0	-2893176.0	-2893176.0	-2893176.0	-2893176.0	
1.0	2832.00024414	403380.09375	-112.599998474	6673.0	0.0	4.59999990463	-6.69999980927	125.0	107.0	0.0	2.0	13736.7998047	5353.70019531	0.0	623.5	0.0	0.0	0.0	0.0	-2872850.0	-2872850.0	-2872850.0	-2872850.0	
1.0	2832.99926758	403611.09375	-109.599998474	6657.0	0.0	-7.40000009537	-9.69999980927	137.0	116.0	0.0	11.0	14041.7998047	5363.70019531	0.0	648.5	0.0	0.0	0.0	0.0	-3157839.0	-3157839.0	-3157839.0	-3157839.0	
1.0	2833.99951172	403264.09375	-109.599998474	6653.0	0.0	-11.3999996185	-10.6999998093	166.0	166.0	0.0	5.0	13736.7998047	5323.70019531	0.0	624.5	0.0	0.0	0.0	0.0	-3300535.0	-3300535.0	-3300535.0	-3300535.0	
1.0	2835.00073242	403363.09375	-108.599998474	6673.0	0.0	-8.39999961853	0.300000011921	171.0	154.0	0.0	10.0	14215.7998047	5418.70019531	0.0	643.5	0.0	0.0	0.0	0.0	-2825997.0	-2825997.0	-2825997.0	-2825997.0	
1.0	2836.00073242	403501.09375	-112.599998474	6671.0	0.0	-11.3999996185	1.29999995232	192.0	214.0	0.0	5.0	13830.7998047	5551.70019531	0.0	599.5	0.0	0.0	0.0	0.0	-2587564.0	-2587564.0	-2587564.0	-2587564.0	
1.0	2836.40039062	403210.09375	-109.599998474	6658.0	0.0	-13.3999996185	2.29999995232	218.0	269.0	0.0	4.0	13858.7998047	5585.70019531	0.0	642.5	0.0	0.0	0.0	0.0	-2988584.0	-2988584.0	-2988584.0	-2988584.0	
1.0	2836.55053711	403313.09375	-107.599998474	6663.0	0.0	-10.3999996185	0.300000011921	246.0	267.0	0.0	10.0	13703.7998047	5640.70019531	0.0	679.5	0.0	0.0	0.0	0.0	-3249275.0	-3249275.0	-3249275.0	-3249275.0	
1.0	2836.70092773	403214.09375	-112.599998474	6659.0	0.0	-11.3999996185	1.29999995232	237.0	299.0	0.0	7.0	14095.7998047	5665.70019531	0.0	571.5	0.0	0.0	0.0	0.0	-2846357.0	-2846357.0	-2846357.0	-2846357.0	
1.0	2836.85107422	403032.09375	-108.599998474	6671.0	0.0	-14.3999996185	3.29999995232	290.0	328.0	0.0	6.0	14299.7998047	5649.70019531	0.0	590.5	0.0	0.0	0.0	0.0	-2564366.0	-2564366.0	-2564366.0	-2564366.0	
1.0	2836.9987793	402934.09375	-108.599998474	6671.0	0.0	-13.3999996185	-0.699999988079	290.0	362.0	0.0	11.0	14438.7998047	5642.70019531	0.0	602.5	0.0	0.0	0.0	0.0	-3243589.0	-3243589.0	-3243589.0	-3243589.0	
1.0	2837.14916992	403176.09375	-114.599998474	6673.0	0.0	-12.3999996185	0.300000011921	304.0	431.0	0.0	6.0	14076.7998047	5637.70019531	0.0	609.5	0.0	0.0	0.0	0.0	-3049250.0	-3049250.0	-3049250.0	-3049250.0	
1.0	2837.29956055	402936.09375	-109.599998474	6675.0	0.0	-12.3999996185	0.300000011921	333.0	451.0	0.0	8.0	13694.7998047	5773.70019531	0.0	603.5	0.0	0.0	0.0	0.0	-3292782.0	-3292782.0	-3292782.0	-3292782.0	
1.0	2837.44995117	402844.09375	-111.599998474	6676.0	0.0	0.600000023842	-0.699999988079	407.0	510.0	0.0	6.0	13938.7998047	5774.70019531	0.0	624.5	0.0	0.0	0.0	0.0	-2858862.0	-2858862.0	-2858862.0	-2858862.0	
1.0	2837.6003418	403145.09375	-109.599998474	6678.0	0.0	3.59999990463	-3.70000004768	382.0	604.0	0.0	5.0	13527.7998047	5868.70019531	0.0	599.5	0.0	0.0	0.0	0.0	-3650317.0	-3650317.0	-3650317.0	-3650317.0	
1.0	2837.75073242	402904.09375	-111.599998474	6667.0	0.0	3.59999990463	-1.70000004768	499.0	645.0	0.0	9.0	14305.7998047	5944.70019531	0.0	623.5	0.0	0.0	0.0	0.0	-2624303.0	-2624303.0	-2624303.0	-2624303.0	
1.0	2837.90136719	402625.09375	-107.599998474	6685.0	0.0	3.59999990463	-3.70000004768	556.0	672.0	0.0	9.0	14297.7998047	5964.70019531	0.0	628.5	0.0	0.0	0.0	0.0	-3287660.0	-3287660.0	-3287660.0	-3287660.0	
1.0	2838.04907227	402920.09375	-111.599998474	6673.0	0.0	2.59999990463	-3.70000004768	527.0	706.0	0.0	9.0	14036.7998047	6005.70019531	0.0	600.5	0.0	0.0	0.0	0.0	-3033725.0	-3033725.0	-3033725.0	-3033725.0	
1.0	2838.19970703	403072.09375	-113.599998474	6674.0	0.0	-5.40000009537	-0.699999988079	538.0	760.0	0.0	6.0	13863.7998047	6060.70019531	0.0	639.5	0.0	0.0	0.0	0.0	-2775040.0	-2775040.0	-2775040.0	-2775040.0	
1.0	2838.35009766	402408.09375	-112.599998474	6670.0	0.0	12.6000003815	-0.699999988079	543.0	700.0	0.0	8.0	14153.7998047	5898.70019531	0.0	582.5	0.0	0.0	0.0	0.0	-3050730.0	-3050730.0	-3050730.0	-3050730.0	
1.0	2838.50073242	402476.09375	-108.599998474	6678.0	0.0	12.6000003815	-3.70000004768	495.0	673.0	0.0	5.0	13741.7998047	5954.70019531	0.0	652.5	0.0	0.0	0.0	0.0	-3502799.0	-3502799.0	-3502799.0	-3502799.0	
1.0	2838.64868164	402754.09375	-113.599998474	6683.0	0.0	11.6000003815	-1.70000004768	500.0	676.0	0.0	4.0	13855.7998047	6078.70019531	0.0	660.5	0.0	0.0	0.0	0.0	-3092833.0	-3092833.0	-3092833.0	-3092833.0	
1.0	2838.79931641	402590.09375	-111.599998474	6679.0	0.0	21.6000003815	-1.70000004768	474.0	673.0	0.0	6.0	14692.7998047	6003.70019531	0.0	632.5	0.0	0.0	0.0	0.0	-2802216.0	-2802216.0	-2802216.0	-2802216.0	
1.0	2838.94995117	402509.09375	-111.599998474	6665.0	0.0	16.6000003815	-4.69999980927	443.0	667.0	0.0	8.0	13895.7998047	6075.70019531	0.0	612.5	0.0	0.0	0.0	0.0	-2829954.0	-2829954.0	-2829954.0	-2829954.0	
1.0	2839.10058594	402421.09375	-111.599998474	6677.0	0.0	7.59999990463	-1.70000004768	493.0	626.0	0.0	8.0	14294.7998047	5938.70019531	0.0	611.5	0.0	0.0	0.0	0.0	-2956640.0	-2956640.0	-2956640.0	-2956640.0	
1.0	2839.2487793	402406.09375	-112.599998474	6660.0	0.0	6.59999990463	1.29999995232	474.0	647.0	0.0	6.0	14462.7998047	6048.70019531	0.0	656.5	0.0	0.0	0.0	0.0	-2578215.0	-2578215.0	-2578215.0	-2578215.0	
1.0	2839.39941406	402374.09375	-113.599998474	6676.0	0.0	7.59999990463	-11.6999998093	448.0	663.0	0.0	4.0	13930.7998047	6001.70019531	0.0	672.5	0.0	0.0	0.0	0.0	-3152629.0	-3152629.0	-3152629.0	-3152629.0	
1.0	2839.55004883	402433.09375	-117.599998474	6671.0	0.0	7.59999990463	-11.6999998093	478.0	685.0	0.0	7.0	14366.7998047	6065.70019531	0.0	633.5	0.0	0.0	0.0	0.0	-2726064.0	-2726064.0	-2726064.0	-2726064.0	
1.0	2839.70092773	402427.09375	-113.599998474	6676.0	0.0	9.60000038147	-12.6999998093	532.0	730.0	0.0	12.0	13970.7998047	6150.70019531	0.0	588.5	0.0	0.0	0.0	0.0	-2889689.0	-2889689.0	-2889689.0	-2889689.0	
1.0	2839.84912109	402255.09375	-112.599998474	6684.0	0.0	8.60000038147	-10.6999998093	535.0	761.0	0.0	9.0	13740.7998047	6053.70019531	0.0	625.5	0.0	0.0	0.0	0.0	-3632730.0	-3632730.0	-3632730.0	-3632730.0	
1.0	2840.0	401972.09375	-112.599998474	6676.0	0.0	7.59999990463	-9.69999980927	576.0	840.0	0.0	8.0	14189.7998047	6206.70019531	0.0	638.5	0.0	0.0	0.0	0.0	-2874782.0	-2874782.0	-2874782.0	-2874782.0	
1.0	2840.15063477	402260.09375	-111.599998474	6678.0	0.0	10.6000003815	-10.6999998093	696.0	899.0	0.0	6.0	14381.7998047	6319.70019531	0.0	608.5	0.0	0.0	0.0	0.0	-2494411.0	-2494411.0	-2494411.0	-2494411.0	
1.0	2840.29907227	402224.09375	-111.599998474	6677.0	0.0	7.59999990463	-9.69999980927	766.0	1011.0	0.0	3.0	14411.7998047	6418.70019531	0.0	641.5	0.0	0.0	0.0	0.0	-2818605.0	-2818605.0	-2818605.0	-2818605.0	
1.0	2840.44970703	401989.09375	-114.599998474	6679.0	0.0	7.59999990463	-15.6999998093	832.0	1127.0	0.0	7.0	14290.7998047	6489.70019531	0.0	632.5	0.0	0.0	0.0	0.0	-2878230.0	-2878230.0	-2878230.0	-2878230.0	
1.0	2840.60058594	402111.09375	-112.599998474	6671.0	0.0	10.6000003815	-12.6999998093	858.0	1313.0	0.0	3.0	14230.7998047	6976.70019531	0.0	565.5	0.0	0.0	0.0	0.0	-3073193.0	-3073193.0	-3073193.0	-3073193.0	
1.0	2840.74902344	402129.09375	-111.599998474	6667.0	0.0	9.60000038147	-13.6999998093	962.0	1455.0	0.0	10.0	14439.7998047	6889.70019531	0.0	627.5	0.0	0.0	0.0	0.0	-2807269.0	-2807269.0	-2807269.0	-2807269.0	
1.0	2840.89990234	401935.09375	-111.599998474	6682.0	0.0	9.60000038147	-9.69999980927	1043.0	1541.0	0.0	11.0	14400.7998047	7086.70019531	0.0	613.5	0.0	0.0	0.0	0.0	-3212851.0	-3212851.0	-3212851.0	-3212851.0	
1.0	2841.05102539	402158.09375	-112.599998474	6678.0	0.0	13.6000003815	-11.6999998093	1149.0	1741.0	0.0	8.0	14525.7998047	7352.70019531	0.0	667.5	0.0	0.0	0.0	0.0	-2947866.0	-2947866.0	-2947866.0	-2947866.0	
1.0	2841.19921875	402107.09375	-114.599998474	6673.0	0.0	16.6000003815	-11.6999998093	1158.0	1842.0	0.0	6.0	14544.7998047	7378.70019531	0.0	639.5	0.0	0.0	0.0	0.0	-2776821.0	-2776821.0	-2776821.0	-2776821.0	
1.0	2841.3503418	402288.09375	-110.599998474	6669.0	0.0	15.6000003815	-9.69999980927	1267.0	2009.0	0.0	8.0	14843.7998047	7605.70019531	0.0	631.5	0.0	0.0	0.0	0.0	-2575533.0	-2575533.0	-2575533.0	-2575533.0	
1.0	2841.4987793	402160.09375	-110.599998474	6677.0	0.0	19.6000003815	-10.6999998093	1277.0	2008.0	0.0	8.0	14527.7998047	7583.70019531	0.0	640.5	0.0	0.0	0.0	0.0	-3254809.0	-3254809.0	-3254809.0	-3254809.0	
1.0	2841.64990234	401906.09375	-108.599998474	6668.0	0.0	18.6000003815	-10.6999998093	1402.0	2032.0	0.0	6.0	15302.7998047	7585.70019531	0.0	604.5	0.0	0.0	0.0	0.0	-2963561.0	-2963561.0	-2963561.0	-2963561.0	
1.0	2841.80078125	401914.09375	-109.599998474	6677.0	0.0	19.6000003815	-10.6999998093	1337.0	2080.0	0.0	8.0	14888.7998047	7717.70019531	0.0	609.5	0.0	0.0	0.0	0.0	-2698280.0	-2698280.0	-2698280.0	-2698280.0	
1.0	2841.94946289	401903.09375	-110.599998474	6670.0	0.0	17.6000003815	-11.6999998093	1349.0	2049.0	0.0	11.0	14801.7998047	7515.70019531	0.0	645.5	0.0	0.0	0.0	0.0	-3111682.0	-3111682.0	-3111682.0	-3111682.0	
1.0	2842.10058594	401688.09375	-111.599998474	6696.0	0.0	17.6000003815	-11.6999998093	1291.0	1956.0	0.0	8.0	14502.7998047	7640.70019531	0.0	639.5	0.0	0.0	0.0	0.0	-2481765.0	-2481765.0	-2481765.0	-2481765.0	
1.0	2842.24902344	401643.09375	-109.599998474	6680.0	0.0	19.6000003815	-11.6999998093	1191.0	1776.0	0.0	5.0	14752.7998047	7358.70019531	0.0	584.5	0.0	0.0	0.0	0.0	-3000286.0	-3000286.0	-3000286.0	-3000286.0	
1.0	2842.40014648	401901.09375	-111.599998474	6673.0	0.0	20.6000003815	-11.6999998093	1169.0	1824.0	0.0	2.0	14846.7998047	7324.70019531	0.0	633.5	0.0	0.0	0.0	0.0	-2585384.0	-2585384.0	-2585384.0	-2585384.0	
1.0	2842.54882812	401719.09375	-109.599998474	6670.0	0.0	16.6000003815	-11.6999998093	1106.0	1638.0	0.0	7.0	14654.7998047	7128.70019531	0.0	601.5	0.0	0.0	0.0	0.0	-2990981.0	-2990981.0	-2990981.0	-2990981.0	
1.0	2842.69995117	401435.09375	-110.599998474	6680.0	0.0	17.6000003815	-11.6999998093	1001.0	1502.0	0.0	5.0	14664.7998047	7045.70019531	0.0	615.5	0.0	0.0	0.0	0.0	-2660640.0	-2660640.0	-2660640.0	-2660640.0	
1.0	2842.84863281	401412.09375	-110.599998474	6669.0	0.0	26.6000003815	-11.6999998093	891.0	1395.0	0.0	8.0	14490.7998047	6823.70019531	0.0	640.5	0.0	0.0	0.0	0.0	-2542583.0	-2542583.0	-2542583.0	-2542583.0	
1.0	2843.0	401733.09375	-106.599998474	6666.0	0.0	21.6000003815	-10.6999998093	841.0	1323.0	0.0	9.0	14260.7998047	6753.70019531	0.0	573.5	0.0	0.0	0.0	0.0	-3028866.0	-3028866.0	-3028866.0	-3028866.0	
1.0	2843.15136719	401306.09375	-108.599998474	6664.0	0.0	25.6000003815	-10.6999998093	791.0	1114.0	0.0	5.0	13842.7998047	6506.70019531	0.0	598.5	0.0	0.0	0.0	0.0	-3149687.0	-3149687.0	-3149687.0	-3149687.0	
1.0	2843.30004883	401374.09375	-107.599998474	6675.0	0.0	23.6000003815	-11.6999998093	732.0	1035.0	0.0	5.0	14604.7998047	6453.70019531	0.0	616.5	0.0	0.0	0.0	0.0	-2761919.0	-2761919.0	-2761919.0	-2761919.0	
1.0	2843.44873047	401238.09375	-106.599998474	6677.0	0.0	16.6000003815	-9.69999980927	712.0	1026.0	0.0	7.0	14063.7998047	6481.70019531	0.0	633.5	0.0	0.0	0.0	0.0	-3245557.0	-3245557.0	-3245557.0	-3245557.0	
1.0	2843.60009766	401158.09375	-110.599998474	6668.0	0.0	7.59999990463	-26.7000007629	625.0	909.0	0.0	6.0	13841.7998047	6286.70019531	0.0	607.5	0.0	0.0	0.0	0.0	-3109239.0	-3109239.0	-3109239.0	-3109239.0	
1.0	2843.74902344	401235.09375	-128.600006104	6676.0	0.0	7.59999990463	-27.7000007629	623.0	899.0	0.0	3.0	14387.7998047	6313.70019531	0.0	599.5	0.0	0.0	0.0	0.0	-3204536.0	-3204536.0	-3204536.0	-3204536.0	
1.0	2843.90039062	401398.09375	-125.599998474	6673.0	0.0	5.59999990463	-26.7000007629	590.0	828.0	0.0	9.0	13994.7998047	6316.70019531	0.0	642.5	0.0	0.0	0.0	0.0	-3658443.0	-3658443.0	-3658443.0	-3658443.0	
1.0	2844.04907227	401062.09375	-120.599998474	6686.0	0.0	6.59999990463	-14.6999998093	501.0	823.0	0.0	11.0	13960.7998047	6301.70019531	0.0	618.5	0.0	0.0	0.0	0.0	-2567579.0	-2567579.0	-2567579.0	-2567579.0	
1.0	2844.20068359	400950.09375	-107.599998474	6683.0	0.0	7.59999990463	-14.6999998093	522.0	744.0	0.0	5.0	14180.7998047	6077.70019531	0.0	617.5	0.0	0.0	0.0	0.0	-3054078.0	-3054078.0	-3054078.0	-3054078.0	
1.0	2844.34936523	400983.09375	-106.599998474	6681.0	0.0	7.59999990463	-22.7000007629	492.0	712.0	0.0	3.0	14443.7998047	6021.70019531	0.0	615.5	0.0	0.0	0.0	0.0	-3355181.0	-3355181.0	-3355181.0	-3355181.0	
1.0	2844.50097656	401114.09375	-104.599998474	6674.0	0.0	6.59999990463	-10.6999998093	498.0	709.0	0.0	11.0	14273.7998047	6122.70019531	0.0	613.5	0.0	0.0	0.0	0.0	-2800604.0	-2800604.0	-2800604.0	-2800604.0	
1.0	2844.64990234	401049.09375	-111.599998474	6676.0	0.0	1.60000002384	-1.70000004768	487.0	698.0	0.0	11.0	13694.7998047	6069.70019531	0.0	606.5	0.0	0.0	0.0	0.0	-2620496.0	-2620496.0	-2620496.0	-2620496.0	
1.0	2844.79882812	400856.09375	-106.599998474	6670.0	0.0	-0.40000000596	-1.70000004768	481.0	661.0	0.0	7.0	14315.7998047	6006.70019531	0.0	583.5	0.0	0.0	0.0	0.0	-3298297.0	-3298297.0	-3298297.0	-3298297.0	
1.0	2844.95043945	400869.09375	-105.599998474	6684.0	0.0	-1.39999997616	-4.69999980927	517.0	634.0	0.0	6.0	14436.7998047	5971.70019531	0.0	686.5	0.0	0.0	0.0	0.0	-3272262.0	-3272262.0	-3272262.0	-3272262.0	
1.0	2845.09936523	400860.09375	-105.599998474	6666.0	0.0	-7.40000009537	-11.6999998093	435.0	646.0	0.0	6.0	14266.7998047	6103.70019531	0.0	641.5	0.0	0.0	0.0	0.0	-2835269.0	-2835269.0	-2835269.0	-2835269.0	
1.0	2845.25097656	400846.09375	-109.599998474	6673.0	0.0	-7.40000009537	-10.6999998093	465.0	681.0	0.0	6.0	14250.7998047	6034.70019531	0.0	650.5	0.0	0.0	0.0	0.0	-3257375.0	-3257375.0	-3257375.0	-3257375.0	
1.0	2845.40014648	400938.09375	-110.599998474	6666.0	0.0	-6.40000009537	-5.69999980927	418.0	630.0	0.0	7.0	13632.7998047	6107.70019531	0.0	580.5	0.0	0.0	0.0	0.0	-2838724.0	-2838724.0	-2838724.0	-2838724.0	
1.0	2845.54907227	400738.09375	-110.599998474	6674.0	0.0	-4.40000009537	-4.69999980927	467.0	637.0	0.0	3.0	14047.7998047	5977.70019531	0.0	622.5	0.0	0.0	0.0	0.0	-3260768.0	-3260768.0	-3260768.0	-3260768.0	
1.0	2845.70092773	400749.09375	-113.599998474	6681.0	0.0	-0.40000000596	-4.69999980927	461.0	616.0	0.0	5.0	14092.7998047	6105.70019531	0.0	577.5	0.0	0.0	0.0	0.0	-2873688.0	-2873688.0	-2873688.0	-2873688.0	
1.0	2845.85009766	400652.09375	-110.599998474	6673.0	0.0	-0.40000000596	-6.69999980927	445.0	647.0	0.0	6.0	14029.7998047	5971.70019531	0.0	680.5	0.0	0.0	0.0	0.0	-3036903.0	-3036903.0	-3036903.0	-3036903.0	
1.0	2845.99902344	400380.09375	-127.599998474	6674.0	0.0	-1.39999997616	-8.69999980927	406.0	603.0	0.0	4.0	13848.7998047	6025.70019531	0.0	602.5	0.0	0.0	0.0	0.0	-2682513.0	-2682513.0	-2682513.0	-2682513.0	
1.0	2846.15087891	400509.09375	-126.599998474	6680.0	0.0	-1.39999997616	-5.69999980927	441.0	598.0	0.0	12.0	14162.7998047	5909.70019531	0.0	603.5	0.0	0.0	0.0	0.0	-2959335.0	-2959335.0	-2959335.0	-2959335.0	
1.0	2846.30004883	400437.09375	-126.599998474	6674.0	0.0	-0.40000000596	-7.69999980927	407.0	612.0	0.0	10.0	13873.7998047	5935.70019531	0.0	623.5	0.0	0.0	0.0	0.0	-3155999.0	-3155999.0	-3155999.0	-3155999.0	
1.0	2846.44921875	400520.09375	-124.599998474	6678.0	0.0	-1.39999997616	-6.69999980927	419.0	549.0	0.0	6.0	14153.7998047	5810.70019531	0.0	611.5	0.0	0.0	0.0	0.0	-2865922.0	-2865922.0	-2865922.0	-2865922.0	
1.0	2846.60107422	400514.09375	-125.599998474	6669.0	0.0	-3.40000009537	-6.69999980927	422.0	570.0	0.0	9.0	14228.7998047	5818.70019531	0.0	640.5	0.0	0.0	0.0	0.0	-3287425.0	-3287425.0	-3287425.0	-3287425.0	
1.0	2846.75024414	400440.09375	-126.599998474	6683.0	0.0	-4.40000009537	-3.70000004768	358.0	526.0	0.0	11.0	14242.7998047	5893.70019531	0.0	664.5	0.0	0.0	0.0	0.0	-2923936.0	-2923936.0	-2923936.0	-2923936.0	
1.0	2846.8996582	400413.09375	-125.599998474	6683.0	0.0	-5.40000009537	-2.70000004768	386.0	515.0	0.0	5.0	14404.7998047	5974.70019531	0.0	606.5	0.0	0.0	0.0	0.0	-2666368.0	-2666368.0	-2666368.0	-2666368.0	
1.0	2847.04907227	400613.09375	-125.599998474	6706.0	0.0	-1.39999997616	-2.70000004768	378.0	482.0	0.0	4.0	14469.7998047	5836.70019531	0.0	611.5	0.0	0.0	0.0	0.0	-3265002.0	-3265002.0	-3265002.0	-3265002.0	
1.0	2847.20092773	400304.09375	-127.599998474	6669.0	0.0	-5.40000009537	-2.70000004768	401.0	481.0	0.0	12.0	14111.7998047	5927.70019531	0.0	635.5	0.0	0.0	0.0	0.0	-2967144.0	-2967144.0	-2967144.0	-2967144.0	
1.0	2847.3503418	400482.09375	-125.599998474	6683.0	0.0	-7.40000009537	-5.69999980927	343.0	458.0	0.0	6.0	14330.7998047	5729.70019531	0.0	623.5	0.0	0.0	0.0	0.0	-2661177.0	-2661177.0	-2661177.0	-2661177.0	
1.0	2847.49951172	400315.09375	-125.599998474	6670.0	0.0	-5.40000009537	-2.70000004768	333.0	484.0	0.0	3.0	14001.7998047	5730.70019531	0.0	601.5	0.0	0.0	0.0	0.0	-3402691.0	-3402691.0	-3402691.0	-3402691.0	
1.0	2847.64892578	400111.09375	-124.599998474	6676.0	0.0	-6.40000009537	0.300000011921	321.0	480.0	0.0	6.0	14386.7998047	5902.70019531	0.0	658.5	0.0	0.0	0.0	0.0	-2821978.0	-2821978.0	-2821978.0	-2821978.0	
1.0	2847.80102539	400003.09375	-122.599998474	6670.0	0.0	-14.3999996185	-0.699999988079	344.0	413.0	0.0	8.0	14284.7998047	5837.70019531	0.0	615.5	0.0	0.0	0.0	0.0	-2668887.0	-2668887.0	-2668887.0	-2668887.0	
1.0	2847.95043945	400189.09375	-123.599998474	6678.0	0.0	-31.3999996185	2.29999995232	327.0	425.0	0.0	9.0	14199.7998047	5868.70019531	0.0	601.5	0.0	0.0	0.0	0.0	-2930625.0	-2930625.0	-2930625.0	-2930625.0	
1.0	2848.09985352	400152.09375	-123.599998474	6679.0	0.0	-35.4000015259	-0.699999988079	319.0	426.0	0.0	7.0	14333.7998047	5841.70019531	0.0	639.5	0.0	0.0	0.0	0.0	-2816033.0	-2816033.0	-2816033.0	-2816033.0	
1.0	2848.24951172	399854.09375	-125.599998474	6702.0	0.0	-33.4000015259	-5.69999980927	320.0	408.0	0.0	9.0	14197.7998047	5755.70019531	0.0	631.5	0.0	0.0	0.0	0.0	-3270182.0	-3270182.0	-3270182.0	-3270182.0	
1.0	2848.39892578	400149.09375	-121.599998474	6684.0	0.0	-33.4000015259	-10.6999998093	302.0	361.0	0.0	6.0	13881.7998047	5683.70019531	0.0	601.5	0.0	0.0	0.0	0.0	-4012238.0	-4012238.0	-4012238.0	-4012238.0	
1.0	2848.55102539	399886.09375	-126.599998474	6673.0	0.0	-27.3999996185	-10.6999998093	302.0	377.0	0.0	7.0	14312.7998047	5546.70019531	0.0	607.5	0.0	0.0	0.0	0.0	-3223166.0	-3223166.0	-3223166.0	-3223166.0	
1.0	2848.70068359	399893.09375	-125.599998474	6681.0	0.0	-6.40000009537	-10.6999998093	296.0	348.0	0.0	5.0	14015.7998047	5688.70019531	0.0	598.5	0.0	0.0	0.0	0.0	-2853244.0	-2853244.0	-2853244.0	-2853244.0	
1.0	2848.85009766	400055.09375	-123.599998474	6675.0	0.0	-2.40000009537	-12.6999998093	296.0	347.0	0.0	10.0	14002.7998047	5682.70019531	0.0	610.5	0.0	0.0	0.0	0.0	-4027634.0	-4027634.0	-4027634.0	-4027634.0	
1.0	2848.99975586	399742.09375	-127.599998474	6685.0	0.0	-5.40000009537	-15.6999998093	348.0	352.0	0.0	6.0	14377.7998047	5668.70019531	0.0	565.5	0.0	0.0	0.0	0.0	-2824733.0	-2824733.0	-2824733.0	-2824733.0	
1.0	2849.14941406	399845.09375	-126.599998474	6671.0	0.0	-5.40000009537	-12.6999998093	323.0	354.0	0.0	11.0	14303.7998047	5676.70019531	0.0	662.5	0.0	0.0	0.0	0.0	-2517295.0	-2517295.0	-2517295.0	-2517295.0	
1.0	2849.29907227	399894.09375	-130.600006104	6677.0	0.0	-6.40000009537	-17.7000007629	309.0	364.0	0.0	7.0	14239.7998047	5553.70019531	0.0	608.5	0.0	0.0	0.0	0.0	-3296726.0	-3296726.0	-3296726.0	-3296726.0	
1.0	2849.44873047	399584.09375	-127.599998474	6667.0	0.0	-4.40000009537	-18.7000007629	288.0	351.0	0.0	7.0	14138.7998047	5720.70019531	0.0	623.5	0.0	0.0	0.0	0.0	-3047493.0	-3047493.0	-3047493.0	-3047493.0	
1.0	2849.60107422	399817.09375	-124.599998474	6681.0	0.0	-5.40000009537	-14.6999998093	300.0	342.0	0.0	11.0	14291.7998047	5641.70019531	0.0	621.5	0.0	0.0	0.0	0.0	-2957483.0	-2957483.0	-2957483.0	-2957483.0	
1.0	2849.75073242	399762.09375	-127.599998474	6669.0	0.0	-27.3999996185	-12.6999998093	268.0	361.0	0.0	4.0	13689.7998047	5540.70019531	0.0	622.5	0.0	0.0	0.0	0.0	-3693318.0	-3693318.0	-3693318.0	-3693318.0	
1.0	2849.90063477	399705.09375	-127.599998474	6683.0	0.0	-27.3999996185	-11.6999998093	304.0	377.0	0.0	6.0	13641.7998047	5787.70019531	0.0	668.5	0.0	0.0	0.0	0.0	-3298132.0	-3298132.0	-3298132.0	-3298132.0	
1.0	2850.0012207	399573.09375	-126.599998474	6664.0	0.0	-13.3999996185	-14.6999998093	320.0	409.0	0.0	8.0	14360.7998047	5816.70019531	0.0	570.5	0.0	0.0	0.0	0.0	-2750502.0	-2750502.0	-2750502.0	-2750502.0	
1.0	2850.60058594	399798.09375	-124.599998474	6679.0	0.0	-12.3999996185	-14.6999998093	296.0	348.0	0.0	4.0	13829.7998047	5617.70019531	0.0	659.5	0.0	0.0	0.0	0.0	-3287910.0	-3287910.0	-3287910.0	-3287910.0	
1.0	2851.20019531	399564.09375	-126.599998474	6680.0	0.0	-9.39999961853	-14.6999998093	310.0	388.0	0.0	7.0	14386.7998047	5715.70019531	0.0	634.5	0.0	0.0	0.0	0.0	-2698795.0	-2698795.0	-2698795.0	-2698795.0	
1.0	2851.80029297	399308.09375	-126.599998474	6667.0	0.0	-13.3999996185	-16.7000007629	323.0	430.0	0.0	4.0	13986.7998047	5752.70019531	0.0	574.5	0.0	0.0	0.0	0.0	-3177586.0	-3177586.0	-3177586.0	-3177586.0	
1.0	2852.40063477	399141.09375	-128.600006104	6678.0	0.0	-26.3999996185	-14.6999998093	355.0	430.0	0.0	6.0	13794.7998047	5787.70019531	0.0	604.5	0.0	0.0	0.0	0.0	-3020728.0	-3020728.0	-3020728.0	-3020728.0	
1.0	2852.9987793	399401.09375	-129.600006104	6685.0	0.0	-24.3999996185	-19.7000007629	321.0	421.0	0.0	11.0	14037.7998047	5879.70019531	0.0	688.5	0.0	0.0	0.0	0.0	-2796967.0	-2796967.0	-2796967.0	-2796967.0	
1.0	2853.59985352	399258.09375	-125.599998474	6674.0	0.0	-30.3999996185	-17.7000007629	311.0	388.0	0.0	8.0	14553.7998047	5707.70019531	0.0	622.5	0.0	0.0	0.0	0.0	-3020638.0	-3020638.0	-3020638.0	-3020638.0	
1.0	2854.19897461	399148.09375	-124.599998474	6661.0	0.0	-24.3999996185	-18.7000007629	346.0	360.0	0.0	9.0	14183.7998047	5721.70019531	0.0	578.5	0.0	0.0	0.0	0.0	-2879663.0	-2879663.0	-2879663.0	-2879663.0	
1.0	2854.80078125	399018.09375	-125.599998474	6671.0	0.0	-19.3999996185	-7.69999980927	292.0	370.0	0.0	5.0	14099.7998047	5624.70019531	0.0	624.5	0.0	0.0	0.0	0.0	-3222723.0	-3222723.0	-3222723.0	-3222723.0	
1.0	2855.40039062	399033.09375	-129.600006104	6688.0	0.0	-6.40000009537	-4.69999980927	303.0	349.0	0.0	10.0	14054.7998047	5739.70019531	0.0	621.5	0.0	0.0	0.0	0.0	-3137370.0	-3137370.0	-3137370.0	-3137370.0	
1.0	2856.00048828	398836.09375	-128.600006104	6675.0	0.0	-6.40000009537	-7.69999980927	294.0	334.0	0.0	5.0	13893.7998047	5687.70019531	0.0	606.5	0.0	0.0	0.0	0.0	-3657662.0	-3657662.0	-3657662.0	-3657662.0	
1.0	2856.60083008	398792.09375	-126.599998474	6673.0	0.0	-3.40000009537	-7.69999980927	308.0	342.0	0.0	2.0	14343.7998047	5701.70019531	0.0	626.5	0.0	0.0	0.0	0.0	-2577597.0	-2577597.0	-2577597.0	-2577597.0	
1.0	2857.19897461	398821.09375	-127.599998474	6677.0	0.0	0.600000023842	-5.69999980927	292.0	352.0	0.0	6.0	14050.7998047	5783.70019531	0.0	639.5	0.0	0.0	0.0	0.0	-3083127.0	-3083127.0	-3083127.0	-3083127.0	
1.0	2857.80004883	398613.09375	-127.599998474	6688.0	0.0	2.59999990463	-3.70000004768	304.0	386.0	0.0	8.0	14307.7998047	5672.70019531	0.0	618.5	0.0	0.0	0.0	0.0	-3004600.0	-3004600.0	-3004600.0	-3004600.0	
1.0	2858.39892578	398690.09375	-127.599998474	6675.0	0.0	3.59999990463	3.29999995232	316.0	374.0	0.0	2.0	13975.7998047	5816.70019531	0.0	683.5	0.0	0.0	0.0	0.0	-2629358.0	-2629358.0	-2629358.0	-2629358.0	
1.0	2859.00073242	398611.09375	-127.599998474	6678.0	0.0	0.600000023842	5.30000019073	271.0	379.0	0.0	8.0	14239.7998047	5779.70019531	0.0	663.5	0.0	0.0	0.0	0.0	-3214941.0	-3214941.0	-3214941.0	-3214941.0	
1.0	2859.6003418	400083.09375	-130.600006104	6675.0	0.0	-7.40000009537	4.30000019073	307.0	394.0	0.0	8.0	14441.7998047	5885.70019531	0.0	616.5	0.0	0.0	0.0	0.0	-2942662.0	-2942662.0	-2942662.0	-2942662.0	
1.0	2860.20043945	401312.09375	-123.599998474	6671.0	0.0	-13.3999996185	-6.69999980927	295.0	397.0	0.0	6.0	14454.7998047	5799.70019531	0.0	638.5	0.0	0.0	0.0	0.0	-2653163.0	-2653163.0	-2653163.0	-2653163.0	
1.0	2860.80078125	403110.09375	-125.599998474	6674.0	0.0	-14.3999996185	0.300000011921	284.0	378.0	0.0	3.0	14505.7998047	5819.70019531	0.0	604.5	0.0	0.0	0.0	0.0	-2658479.0	-2658479.0	-2658479.0	-2658479.0	
1.0	2861.39892578	403282.09375	-128.600006104	6676.0	0.0	-11.3999996185	2.29999995232	334.0	478.0	0.0	10.0	14548.7998047	5910.70019531	0.0	615.5	0.0	0.0	0.0	0.0	-2547962.0	-2547962.0	-2547962.0	-2547962.0	
1.0	2862.0	403175.09375	-126.599998474	6676.0	0.0	-11.3999996185	-1.70000004768	330.0	375.0	0.0	7.0	14469.7998047	5948.70019531	0.0	621.5	0.0	0.0	0.0	0.0	-3029694.0	-3029694.0	-3029694.0	-3029694.0	
1.0	2862.59887695	403246.09375	-131.600006104	6675.0	0.0	-11.3999996185	-10.6999998093	347.0	408.0	0.0	9.0	14566.7998047	6062.70019531	0.0	648.5	0.0	0.0	0.0	0.0	-2906181.0	-2906181.0	-2906181.0	-2906181.0	
1.0	2863.20068359	403152.09375	-132.600006104	6665.0	0.0	-12.3999996185	-12.6999998093	348.0	425.0	0.0	13.0	14929.7998047	6007.70019531	0.0	629.5	0.0	0.0	0.0	0.0	-3320122.0	-3320122.0	-3320122.0	-3320122.0	
1.0	2863.80029297	402843.09375	-137.600006104	6672.0	0.0	-14.3999996185	-7.69999980927	297.0	438.0	0.0	9.0	14238.7998047	5942.70019531	0.0	665.5	0.0	0.0	0.0	0.0	-2791600.0	-2791600.0	-2791600.0	-2791600.0	
1.0	2864.40014648	402974.09375	-136.600006104	6665.0	0.0	-13.3999996185	-8.69999980927	349.0	412.0	0.0	8.0	14410.7998047	5901.70019531	0.0	663.5	0.0	0.0	0.0	0.0	-2890839.0	-2890839.0	-2890839.0	-2890839.0	
1.0	2865.00048828	402565.09375	-136.600006104	6676.0	0.0	-11.3999996185	-6.69999980927	284.0	398.0	0.0	2.0	14798.7998047	5914.70019531	0.0	668.5	0.0	0.0	0.0	0.0	-2524022.0	-2524022.0	-2524022.0	-2524022.0	
1.0	2865.60107422	402617.09375	-133.600006104	6660.0	0.0	-9.39999961853	-6.69999980927	330.0	397.0	0.0	8.0	14713.7998047	5863.70019531	0.0	632.5	0.0	0.0	0.0	0.0	-3053064.0	-3053064.0	-3053064.0	-3053064.0	
1.0	2866.19946289	402652.09375	-131.600006104	6666.0	0.0	-5.40000009537	-4.69999980927	304.0	355.0	0.0	6.0	14853.7998047	5810.70019531	0.0	646.5	0.0	0.0	0.0	0.0	-2766835.0	-2766835.0	-2766835.0	-2766835.0	
1.0	2866.80078125	402664.09375	-130.600006104	6666.0	0.0	-3.40000009537	-6.69999980927	307.0	418.0	0.0	6.0	14103.7998047	6078.70019531	0.0	634.5	0.0	0.0	0.0	0.0	-3159725.0	-3159725.0	-3159725.0	-3159725.0	
1.0	2867.40014648	402519.09375	-127.599998474	6677.0	0.0	-4.40000009537	-7.69999980927	316.0	348.0	0.0	8.0	14688.7998047	5832.70019531	0.0	630.5	0.0	0.0	0.0	0.0	-2929235.0	-2929235.0	-2929235.0	-2929235.0	
1.0	2867.99951172	402498.09375	-128.600006104	6667.0	0.0	-4.40000009537	-19.7000007629	301.0	408.0	0.0	8.0	14553.7998047	5943.70019531	0.0	612.5	0.0	0.0	0.0	0.0	-2915687.0	-2915687.0	-2915687.0	-2915687.0	
1.0	2868.59936523	402519.09375	-127.599998474	6670.0	0.0	-4.40000009537	-10.6999998093	298.0	379.0	0.0	6.0	14733.7998047	5857.70019531	0.0	632.5	0.0	0.0	0.0	0.0	-2677495.0	-2677495.0	-2677495.0	-2677495.0	
1.0	2869.19970703	402241.09375	-126.599998474	6660.0	0.0	-5.40000009537	-9.69999980927	328.0	381.0	0.0	4.0	14701.7998047	5977.70019531	0.0	645.5	0.0	0.0	0.0	0.0	-2982143.0	-2982143.0	-2982143.0	-2982143.0	
1.0	2869.80029297	402237.09375	-129.600006104	6663.0	0.0	-11.3999996185	-10.6999998093	282.0	419.0	0.0	11.0	14441.7998047	5867.70019531	0.0	679.5	0.0	0.0	0.0	0.0	-3934134.0	-3934134.0	-3934134.0	-3934134.0	
1.0	2870.00048828	402077.09375	-127.599998474	6667.0	0.0	-10.3999996185	-5.69999980927	316.0	408.0	0.0	6.0	14585.7998047	5890.70019531	0.0	676.5	0.0	0.0	0.0	0.0	-2988775.0	-2988775.0	-2988775.0	-2988775.0	
1.0	2871.5012207	401898.09375	-130.600006104	6677.0	0.0	-12.3999996185	-4.69999980927	305.0	386.0	0.0	5.0	14635.7998047	6098.70019531	0.0	639.5	0.0	0.0	0.0	0.0	-2711386.0	-2711386.0	-2711386.0	-2711386.0	
1.0	2872.99902344	401704.09375	-129.600006104	6664.0	0.0	-13.3999996185	-6.69999980927	333.0	360.0	0.0	7.0	14605.7998047	5896.70019531	0.0	652.5	0.0	0.0	0.0	0.0	-2683074.0	-2683074.0	-2683074.0	-2683074.0	
1.0	2874.49902344	401746.09375	-130.600006104	6683.0	0.0	-14.3999996185	-6.69999980927	341.0	382.0	0.0	4.0	14656.7998047	6105.70019531	0.0	593.5	0.0	0.0	0.0	0.0	-2687239.0	-2687239.0	-2687239.0	-2687239.0	
1.0	2876.0012207	401394.09375	-127.599998474	6673.0	0.0	-13.3999996185	-4.69999980927	321.0	402.0	0.0	2.0	14533.7998047	6055.70019531	0.0	652.5	0.0	0.0	0.0	0.0	-3194415.0	-3194415.0	-3194415.0	-3194415.0	
1.0	2877.50048828	401354.09375	-127.599998474	6673.0	0.0	9.60000038147	-2.70000004768	377.0	413.0	0.0	8.0	14567.7998047	5992.70019531	0.0	666.5	0.0	0.0	0.0	0.0	-3192727.0	-3192727.0	-3192727.0	-3192727.0	
1.0	2878.99951172	401160.09375	-131.600006104	6686.0	0.0	11.6000003815	-1.70000004768	322.0	443.0	0.0	5.0	14886.7998047	5963.70019531	0.0	706.5	0.0	0.0	0.0	0.0	-2602494.0	-2602494.0	-2602494.0	-2602494.0	
1.0	2880.50048828	401089.09375	-127.599998474	6669.0	0.0	11.6000003815	-4.69999980927	367.0	446.0	0.0	3.0	15015.7998047	6077.70019531	0.0	625.5	0.0	0.0	0.0	0.0	-2828370.0	-2828370.0	-2828370.0	-2828370.0	
1.0	2882.0012207	400371.09375	-127.599998474	6671.0	0.0	11.6000003815	-3.70000004768	372.0	503.0	0.0	9.0	14824.7998047	6163.70019531	0.0	638.5	0.0	0.0	0.0	0.0	-2568631.0	-2568631.0	-2568631.0	-2568631.0	
1.0	2883.4987793	400602.09375	-127.599998474	6664.0	0.0	11.6000003815	-5.69999980927	323.0	483.0	0.0	6.0	14904.7998047	6069.70019531	0.0	662.5	0.0	0.0	0.0	0.0	-2794280.0	-2794280.0	-2794280.0	-2794280.0	
1.0	2884.9987793	400368.09375	-129.600006104	6683.0	0.0	13.6000003815	-6.69999980927	370.0	447.0	0.0	5.0	14776.7998047	6087.70019531	0.0	633.5	0.0	0.0	0.0	0.0	-2670317.0	-2670317.0	-2670317.0	-2670317.0	
1.0	2886.50097656	400564.09375	-128.600006104	6677.0	0.0	11.6000003815	-1.70000004768	350.0	454.0	0.0	8.0	14502.7998047	5994.70019531	0.0	645.5	0.0	0.0	0.0	0.0	-3818639.0	-3818639.0	-3818639.0	-3818639.0	
1.0	2886.99951172	400146.09375	-127.599998474	6673.0	0.0	-5.40000009537	-2.70000004768	378.0	493.0	0.0	6.0	14941.7998047	6120.70019531	0.0	629.5	0.0	0.0	0.0	0.0	-3258482.0	-3258482.0	-3258482.0	-3258482.0	
1.0	2890.0012207	400047.09375	-127.599998474	6682.0	0.0	2.59999990463	-21.7000007629	348.0	448.0	0.0	2.0	15056.7998047	6238.70019531	0.0	655.5	0.0	0.0	0.0	0.0	-2735852.0	-2735852.0	-2735852.0	-2735852.0	
1.0	2893.0012207	399501.09375	-126.599998474	6685.0	0.0	6.59999990463	-25.7000007629	356.0	453.0	0.0	6.0	14975.7998047	6225.70019531	0.0	627.5	0.0	0.0	0.0	0.0	-3028622.0	-3028622.0	-3028622.0	-3028622.0	
1.0	2895.99926758	399323.09375	-130.600006104	6686.0	0.0	4.59999990463	-22.7000007629	336.0	441.0	0.0	7.0	15362.7998047	6077.70019531	0.0	606.5	0.0	0.0	0.0	0.0	-2589565.0	-2589565.0	-2589565.0	-2589565.0	
1.0	2899.00097656	399034.09375	-131.600006104	6681.0	0.0	-5.40000009537	-16.7000007629	332.0	414.0	0.0	4.0	15234.7998047	6150.70019531	0.0	645.5	0.0	0.0	0.0	0.0	-3091907.0	-3091907.0	-3091907.0	-3091907.0	
1.0	2902.00073242	398670.09375	-130.600006104	6687.0	0.0	6.59999990463	4.30000019073	327.0	386.0	0.0	7.0	15165.7998047	6144.70019531	0.0	696.5	0.0	0.0	0.0	0.0	-2731848.0	-2731848.0	-2731848.0	-2731848.0	
1.0	2905.0012207	398446.09375	-149.600006104	6674.0	0.0	9.60000038147	3.29999995232	314.0	418.0	0.0	5.0	15147.7998047	6138.70019531	0.0	642.5	0.0	0.0	0.0	0.0	-2685910.0	-2685910.0	-2685910.0	-2685910.0	
