SSRL   MicroEXAFS Data Collector 2.0 
Thu Jul 04 18:00:29 2019
PTS:	205	COLS:	24
alexbox-4ch-xspress.det
RuL3_edge_cell.rgn
SSRL BEAMLINE
COMMENTS





S1VGAP: 0.800000	S1HGAP: 2.500000	TABLEHORZ: 5.000000	SAMPLEV: 42.000000	CALVERT: 4.100521	BPVRT: 46.052197	M1VERT: 6.983426	SAMPLEHOLD: 25.998010	S1HTRAN: 4.481500	

Weights:
 1.000	1.000	1.000	1.000	1.000	1.000	1.000	1.000	1.000	1.000	1.000	1.000	1.000	1.000	1.000	1.000	1.000	1.000	1.000	1.000	1.000	1.000	
Offsets:
 207.7	877.2	4819.6	0.0	125.3	562.6	0.0	0.0	0.0	0.0	0.1	2.1	0.0	1.0	0.0	0.0	0.0	0.0	79705487.8	79705487.8	79705487.8	79705487.8	
Data:
Real Time Clock
Requested Energy
I0   
I1   
I2   
I3   
MPFB1   
MPFB2   
FF1   
FF2   
FF3   
FF4   
ICR1   
ICR2   
ICR3   
ICR4   
SCA2.1   
SCA2.2   
SCA2.3   
SCA2.4   
TIME1   
TIME2   
TIME3   
TIME4   

1.0	2810.00097656	322878.3125	-25.2000007629	2283.39990234	0.0	-41.2999992371	-40.5999984741	288.0	64.0	0.0	32.0	26069.9003906	6142.89990234	0.0	1989.0	0.0	0.0	0.0	0.0	-3159184.75	-3159184.75	-3159184.75	-3159184.75	
1.0	2810.99975586	323010.3125	-24.2000007629	2301.39990234	0.0	-41.2999992371	-38.5999984741	336.0	46.0	0.0	28.0	26065.9003906	6275.89990234	0.0	1935.0	0.0	0.0	0.0	0.0	-2462666.75	-2462666.75	-2462666.75	-2462666.75	
1.0	2811.99951172	322855.3125	-32.2000007629	2278.39990234	0.0	-52.2999992371	-40.5999984741	319.0	49.0	0.0	18.0	26427.9003906	6214.89990234	0.0	1924.0	0.0	0.0	0.0	0.0	-2950081.75	-2950081.75	-2950081.75	-2950081.75	
1.0	2813.00024414	322686.3125	-35.2000007629	2295.39990234	0.0	-52.2999992371	-51.5999984741	328.0	51.0	0.0	24.0	26372.9003906	6308.89990234	0.0	1978.0	0.0	0.0	0.0	0.0	-2661723.75	-2661723.75	-2661723.75	-2661723.75	
1.0	2813.99951172	322837.3125	-36.2000007629	2303.39990234	0.0	-55.2999992371	-54.5999984741	346.0	57.0	0.0	28.0	26457.9003906	6356.89990234	0.0	1942.0	0.0	0.0	0.0	0.0	-3054767.75	-3054767.75	-3054767.75	-3054767.75	
1.0	2815.0	322618.3125	-37.2000007629	2293.39990234	0.0	-53.2999992371	-53.5999984741	314.0	57.0	0.0	26.0	26442.9003906	6272.89990234	0.0	1958.0	0.0	0.0	0.0	0.0	-2654036.75	-2654036.75	-2654036.75	-2654036.75	
1.0	2815.99902344	322873.3125	-38.2000007629	2309.39990234	0.0	-53.2999992371	-50.5999984741	320.0	71.0	0.0	20.0	26208.9003906	6265.89990234	0.0	1955.0	0.0	0.0	0.0	0.0	-2990399.75	-2990399.75	-2990399.75	-2990399.75	
1.0	2816.99902344	322897.3125	-34.2000007629	2294.39990234	0.0	-53.2999992371	-52.5999984741	333.0	59.0	0.0	27.0	26425.9003906	6287.89990234	0.0	1955.0	0.0	0.0	0.0	0.0	-2720115.75	-2720115.75	-2720115.75	-2720115.75	
1.0	2818.0	322758.3125	-36.2000007629	2312.39990234	0.0	-42.2999992371	-50.5999984741	329.0	52.0	0.0	25.0	26173.9003906	6278.89990234	0.0	1988.0	0.0	0.0	0.0	0.0	-3165574.75	-3165574.75	-3165574.75	-3165574.75	
1.0	2818.99975586	322729.3125	-35.2000007629	2316.39990234	0.0	-38.2999992371	-49.5999984741	294.0	68.0	0.0	21.0	26686.9003906	6305.89990234	0.0	2027.0	0.0	0.0	0.0	0.0	-2576336.75	-2576336.75	-2576336.75	-2576336.75	
1.0	2820.00048828	323027.3125	-37.2000007629	2303.39990234	0.0	-37.2999992371	-49.5999984741	304.0	54.0	0.0	19.0	26316.9003906	6239.89990234	0.0	2026.0	0.0	0.0	0.0	0.0	-2879985.75	-2879985.75	-2879985.75	-2879985.75	
1.0	2820.99975586	322655.3125	-36.2000007629	2303.39990234	0.0	-37.2999992371	-39.5999984741	351.0	71.0	0.0	16.0	26388.9003906	6290.89990234	0.0	2022.0	0.0	0.0	0.0	0.0	-3030994.75	-3030994.75	-3030994.75	-3030994.75	
1.0	2822.0	322815.3125	-35.2000007629	2307.39990234	0.0	-36.2999992371	-39.5999984741	326.0	66.0	0.0	24.0	26557.9003906	6211.89990234	0.0	2028.0	0.0	0.0	0.0	0.0	-3223279.75	-3223279.75	-3223279.75	-3223279.75	
1.0	2822.9987793	322700.3125	-34.2000007629	2297.39990234	0.0	-35.2999992371	-35.5999984741	338.0	78.0	0.0	35.0	26361.9003906	6409.89990234	0.0	1948.0	0.0	0.0	0.0	0.0	-3047761.75	-3047761.75	-3047761.75	-3047761.75	
1.0	2824.0012207	322755.3125	-37.2000007629	2304.39990234	0.0	-34.2999992371	-37.5999984741	364.0	69.0	0.0	22.0	26762.9003906	6498.89990234	0.0	1969.0	0.0	0.0	0.0	0.0	-2793325.75	-2793325.75	-2793325.75	-2793325.75	
1.0	2824.99951172	322516.3125	-42.2000007629	2303.39990234	0.0	-34.2999992371	-37.5999984741	366.0	89.0	0.0	25.0	26391.9003906	6334.89990234	0.0	1905.0	0.0	0.0	0.0	0.0	-3178568.75	-3178568.75	-3178568.75	-3178568.75	
1.0	2825.99902344	322473.3125	-44.2000007629	2310.39990234	0.0	-35.2999992371	-38.5999984741	390.0	75.0	0.0	36.0	26257.9003906	6356.89990234	0.0	2031.0	0.0	0.0	0.0	0.0	-3496671.75	-3496671.75	-3496671.75	-3496671.75	
1.0	2826.99951172	322471.3125	-44.2000007629	2316.39990234	0.0	-36.2999992371	-40.5999984741	346.0	97.0	0.0	15.0	27031.9003906	6620.89990234	0.0	2011.0	0.0	0.0	0.0	0.0	-2555462.75	-2555462.75	-2555462.75	-2555462.75	
1.0	2828.0012207	322752.3125	-43.2000007629	2330.39990234	0.0	-34.2999992371	-37.5999984741	354.0	82.0	0.0	26.0	27026.9003906	6503.89990234	0.0	2002.0	0.0	0.0	0.0	0.0	-2859817.75	-2859817.75	-2859817.75	-2859817.75	
1.0	2829.0012207	322730.3125	-45.2000007629	2305.39990234	0.0	-35.2999992371	-39.5999984741	383.0	101.0	0.0	29.0	26759.9003906	6516.89990234	0.0	2058.0	0.0	0.0	0.0	0.0	-2750504.75	-2750504.75	-2750504.75	-2750504.75	
1.0	2829.99975586	322646.3125	-47.2000007629	2311.39990234	0.0	-32.2999992371	-41.5999984741	347.0	83.0	0.0	17.0	27201.9003906	6494.89990234	0.0	1947.0	0.0	0.0	0.0	0.0	-2544773.75	-2544773.75	-2544773.75	-2544773.75	
1.0	2830.99951172	322675.3125	-44.2000007629	2314.39990234	0.0	-29.2999992371	-41.5999984741	344.0	89.0	0.0	19.0	26863.9003906	6544.89990234	0.0	2047.0	0.0	0.0	0.0	0.0	-2808906.75	-2808906.75	-2808906.75	-2808906.75	
1.0	2832.00024414	322867.3125	-44.2000007629	2322.39990234	0.0	-26.2999992371	-40.5999984741	363.0	112.0	0.0	30.0	26611.9003906	6598.89990234	0.0	2083.0	0.0	0.0	0.0	0.0	-3242206.75	-3242206.75	-3242206.75	-3242206.75	
1.0	2832.99926758	322874.3125	-44.2000007629	2305.39990234	0.0	-31.2999992371	-41.5999984741	337.0	115.0	0.0	21.0	27098.9003906	6581.89990234	0.0	2032.0	0.0	0.0	0.0	0.0	-2983804.75	-2983804.75	-2983804.75	-2983804.75	
1.0	2833.99951172	323121.3125	-46.2000007629	2324.39990234	0.0	-30.2999992371	-47.5999984741	388.0	130.0	0.0	17.0	27360.9003906	6474.89990234	0.0	1988.0	0.0	0.0	0.0	0.0	-3291290.75	-3291290.75	-3291290.75	-3291290.75	
1.0	2835.00073242	322996.3125	-44.2000007629	2325.39990234	0.0	-30.2999992371	-36.5999984741	376.0	137.0	0.0	22.0	26839.9003906	6592.89990234	0.0	2004.0	0.0	0.0	0.0	0.0	-2727969.75	-2727969.75	-2727969.75	-2727969.75	
1.0	2836.00073242	323135.3125	-43.2000007629	2321.39990234	0.0	-28.2999992371	-36.5999984741	445.0	198.0	0.0	19.0	26708.9003906	6666.89990234	0.0	2023.0	0.0	0.0	0.0	0.0	-2888358.75	-2888358.75	-2888358.75	-2888358.75	
1.0	2836.40039062	323176.3125	-41.2000007629	2322.39990234	0.0	-30.2999992371	-36.5999984741	462.0	207.0	0.0	26.0	27008.9003906	6660.89990234	0.0	2049.0	0.0	0.0	0.0	0.0	-3345226.75	-3345226.75	-3345226.75	-3345226.75	
1.0	2836.55053711	322856.3125	-45.2000007629	2330.39990234	0.0	-29.2999992371	-35.5999984741	461.0	195.0	0.0	29.0	26571.9003906	6733.89990234	0.0	2002.0	0.0	0.0	0.0	0.0	-3079798.75	-3079798.75	-3079798.75	-3079798.75	
1.0	2836.70092773	323115.3125	-43.2000007629	2331.39990234	0.0	-27.2999992371	-38.5999984741	469.0	247.0	0.0	28.0	27295.9003906	6761.89990234	0.0	2030.0	0.0	0.0	0.0	0.0	-3234838.75	-3234838.75	-3234838.75	-3234838.75	
1.0	2836.85107422	323141.3125	-42.2000007629	2331.39990234	0.0	-28.2999992371	-39.5999984741	478.0	246.0	0.0	24.0	27052.9003906	6851.89990234	0.0	2081.0	0.0	0.0	0.0	0.0	-2630150.75	-2630150.75	-2630150.75	-2630150.75	
1.0	2836.9987793	322936.3125	-41.2000007629	2319.39990234	0.0	-28.2999992371	-40.5999984741	483.0	226.0	0.0	21.0	27068.9003906	6774.89990234	0.0	1960.0	0.0	0.0	0.0	0.0	-3204460.75	-3204460.75	-3204460.75	-3204460.75	
1.0	2837.14916992	323044.3125	-59.2000007629	2347.39990234	0.0	-27.2999992371	-43.5999984741	533.0	232.0	0.0	23.0	26682.9003906	6619.89990234	0.0	2145.0	0.0	0.0	0.0	0.0	-3099464.75	-3099464.75	-3099464.75	-3099464.75	
1.0	2837.29956055	323062.3125	-52.2000007629	2342.39990234	0.0	-27.2999992371	-39.5999984741	539.0	269.0	0.0	33.0	27590.9003906	6923.89990234	0.0	2018.0	0.0	0.0	0.0	0.0	-2817862.75	-2817862.75	-2817862.75	-2817862.75	
1.0	2837.44995117	323050.3125	-47.2000007629	2364.39990234	0.0	-29.2999992371	-40.5999984741	540.0	260.0	0.0	21.0	26932.9003906	6911.89990234	0.0	2044.0	0.0	0.0	0.0	0.0	-2945473.75	-2945473.75	-2945473.75	-2945473.75	
1.0	2837.6003418	323096.3125	-27.2000007629	2331.39990234	0.0	-29.2999992371	-38.5999984741	562.0	261.0	0.0	21.0	27479.9003906	6846.89990234	0.0	2023.0	0.0	0.0	0.0	0.0	-2857355.75	-2857355.75	-2857355.75	-2857355.75	
1.0	2837.75073242	322976.3125	-30.2000007629	2343.39990234	0.0	-29.2999992371	-38.5999984741	551.0	317.0	0.0	20.0	27438.9003906	6835.89990234	0.0	1906.0	0.0	0.0	0.0	0.0	-3528753.75	-3528753.75	-3528753.75	-3528753.75	
1.0	2837.90136719	322766.3125	-33.2000007629	2340.39990234	0.0	-30.2999992371	-35.5999984741	608.0	346.0	0.0	24.0	27473.9003906	6907.89990234	0.0	2098.0	0.0	0.0	0.0	0.0	-3134669.75	-3134669.75	-3134669.75	-3134669.75	
1.0	2838.04907227	323160.3125	-27.2000007629	2341.39990234	0.0	-32.2999992371	-38.5999984741	652.0	361.0	0.0	36.0	27253.9003906	6849.89990234	0.0	2051.0	0.0	0.0	0.0	0.0	-3004664.75	-3004664.75	-3004664.75	-3004664.75	
1.0	2838.19970703	323831.3125	-28.2000007629	2353.39990234	0.0	-32.2999992371	-39.5999984741	639.0	363.0	0.0	19.0	26897.9003906	6930.89990234	0.0	2071.0	0.0	0.0	0.0	0.0	-3909252.75	-3909252.75	-3909252.75	-3909252.75	
1.0	2838.35009766	324823.3125	-29.2000007629	2363.39990234	0.0	-32.2999992371	-39.5999984741	734.0	450.0	0.0	19.0	27371.9003906	7092.89990234	0.0	2022.0	0.0	0.0	0.0	0.0	-2721393.75	-2721393.75	-2721393.75	-2721393.75	
1.0	2838.50073242	326129.3125	-29.2000007629	2382.39990234	0.0	-33.2999992371	-40.5999984741	752.0	471.0	0.0	30.0	27863.9003906	7088.89990234	0.0	2014.0	0.0	0.0	0.0	0.0	-2711278.75	-2711278.75	-2711278.75	-2711278.75	
1.0	2838.64868164	327229.3125	-22.2000007629	2364.39990234	0.0	-31.2999992371	-39.5999984741	861.0	531.0	0.0	16.0	27607.9003906	7135.89990234	0.0	2029.0	0.0	0.0	0.0	0.0	-3836680.75	-3836680.75	-3836680.75	-3836680.75	
1.0	2838.79931641	327030.3125	-23.2000007629	2364.39990234	0.0	-31.2999992371	-39.5999984741	851.0	602.0	0.0	28.0	28177.9003906	7585.89990234	0.0	2109.0	0.0	0.0	0.0	0.0	-2634351.75	-2634351.75	-2634351.75	-2634351.75	
1.0	2838.94995117	327326.3125	-23.2000007629	2372.39990234	0.0	-32.2999992371	-40.5999984741	1026.0	663.0	0.0	23.0	27322.9003906	7484.89990234	0.0	2072.0	0.0	0.0	0.0	0.0	-3264849.75	-3264849.75	-3264849.75	-3264849.75	
1.0	2839.10058594	327072.3125	-22.2000007629	2347.39990234	0.0	-29.2999992371	-40.5999984741	1095.0	706.0	0.0	32.0	27914.9003906	7625.89990234	0.0	2054.0	0.0	0.0	0.0	0.0	-3378520.75	-3378520.75	-3378520.75	-3378520.75	
1.0	2839.2487793	327084.3125	-25.2000007629	2356.39990234	0.0	-31.2999992371	-39.5999984741	1199.0	843.0	0.0	14.0	27890.9003906	7839.89990234	0.0	1939.0	0.0	0.0	0.0	0.0	-3056641.75	-3056641.75	-3056641.75	-3056641.75	
1.0	2839.39941406	327032.3125	-21.2000007629	2361.39990234	0.0	-33.2999992371	-40.5999984741	1278.0	922.0	0.0	21.0	27818.9003906	8084.89990234	0.0	2056.0	0.0	0.0	0.0	0.0	-3122138.75	-3122138.75	-3122138.75	-3122138.75	
1.0	2839.55004883	327164.3125	-37.2000007629	2375.39990234	0.0	-35.2999992371	-37.5999984741	1421.0	1029.0	0.0	30.0	27772.9003906	8149.89990234	0.0	2040.0	0.0	0.0	0.0	0.0	-2767761.75	-2767761.75	-2767761.75	-2767761.75	
1.0	2839.70092773	327207.3125	-21.2000007629	2348.39990234	0.0	-34.2999992371	-35.5999984741	1607.0	1219.0	0.0	35.0	28090.9003906	8424.90039062	0.0	2005.0	0.0	0.0	0.0	0.0	-2932535.75	-2932535.75	-2932535.75	-2932535.75	
1.0	2839.84912109	327183.3125	-19.2000007629	2363.39990234	0.0	-33.2999992371	-36.5999984741	1918.0	1393.0	0.0	25.0	28863.9003906	8732.90039062	0.0	2144.0	0.0	0.0	0.0	0.0	-2699034.75	-2699034.75	-2699034.75	-2699034.75	
1.0	2840.0	327118.3125	-20.2000007629	2358.39990234	0.0	-34.2999992371	-37.5999984741	2050.0	1636.0	0.0	20.0	28364.9003906	9003.90039062	0.0	2096.0	0.0	0.0	0.0	0.0	-3111549.75	-3111549.75	-3111549.75	-3111549.75	
1.0	2840.15063477	327159.3125	-22.2000007629	2358.39990234	0.0	-35.2999992371	-37.5999984741	2234.0	1785.0	0.0	25.0	28268.9003906	9177.90039062	0.0	2086.0	0.0	0.0	0.0	0.0	-2483557.75	-2483557.75	-2483557.75	-2483557.75	
1.0	2840.29907227	327166.3125	-20.2000007629	2366.39990234	0.0	-35.2999992371	-40.5999984741	2463.0	2001.0	0.0	27.0	28073.9003906	9792.90039062	0.0	2004.0	0.0	0.0	0.0	0.0	-2920989.75	-2920989.75	-2920989.75	-2920989.75	
1.0	2840.44970703	327018.3125	-18.2000007629	2359.39990234	0.0	-35.2999992371	-41.5999984741	2611.0	2240.0	0.0	27.0	28856.9003906	10078.9003906	0.0	2026.0	0.0	0.0	0.0	0.0	-2542694.75	-2542694.75	-2542694.75	-2542694.75	
1.0	2840.60058594	327043.3125	-20.2000007629	2355.39990234	0.0	-31.2999992371	-52.5999984741	2807.0	2315.0	0.0	22.0	28964.9003906	10354.9003906	0.0	2054.0	0.0	0.0	0.0	0.0	-2691589.75	-2691589.75	-2691589.75	-2691589.75	
1.0	2840.74902344	327049.3125	-19.2000007629	2362.39990234	0.0	-28.2999992371	-49.5999984741	2984.0	2360.0	0.0	23.0	29488.9003906	10452.9003906	0.0	2107.0	0.0	0.0	0.0	0.0	-2909814.75	-2909814.75	-2909814.75	-2909814.75	
1.0	2840.89990234	327058.3125	-23.2000007629	2358.39990234	0.0	-34.2999992371	-51.5999984741	2939.0	2454.0	0.0	25.0	29387.9003906	10265.9003906	0.0	2073.0	0.0	0.0	0.0	0.0	-2756778.75	-2756778.75	-2756778.75	-2756778.75	
1.0	2841.05102539	326950.3125	-24.2000007629	2366.39990234	0.0	-46.2999992371	-50.5999984741	2996.0	2429.0	0.0	21.0	29447.9003906	10470.9003906	0.0	2059.0	0.0	0.0	0.0	0.0	-3169614.75	-3169614.75	-3169614.75	-3169614.75	
1.0	2841.19921875	327008.3125	-19.2000007629	2345.39990234	0.0	-44.2999992371	-49.5999984741	2906.0	2391.0	0.0	21.0	29220.9003906	10600.9003906	0.0	2100.0	0.0	0.0	0.0	0.0	-2789869.75	-2789869.75	-2789869.75	-2789869.75	
1.0	2841.3503418	326667.3125	-19.2000007629	2364.39990234	0.0	-27.2999992371	-48.5999984741	2874.0	2311.0	0.0	27.0	28523.9003906	10299.9003906	0.0	2031.0	0.0	0.0	0.0	0.0	-2969930.75	-2969930.75	-2969930.75	-2969930.75	
1.0	2841.4987793	326719.3125	-19.2000007629	2368.39990234	0.0	-25.2999992371	-48.5999984741	2719.0	2215.0	0.0	19.0	29417.9003906	10137.9003906	0.0	2078.0	0.0	0.0	0.0	0.0	-2567684.75	-2567684.75	-2567684.75	-2567684.75	
1.0	2841.64990234	326874.3125	-22.2000007629	2356.39990234	0.0	-26.2999992371	-49.5999984741	2517.0	2002.0	0.0	18.0	28905.9003906	9777.90039062	0.0	2095.0	0.0	0.0	0.0	0.0	-3132671.75	-3132671.75	-3132671.75	-3132671.75	
1.0	2841.80078125	326885.3125	-23.2000007629	2384.39990234	0.0	-34.2999992371	-50.5999984741	2346.0	1826.0	0.0	30.0	28557.9003906	9336.90039062	0.0	1994.0	0.0	0.0	0.0	0.0	-2872534.75	-2872534.75	-2872534.75	-2872534.75	
1.0	2841.94946289	326784.3125	-22.2000007629	2361.39990234	0.0	-33.2999992371	-49.5999984741	2197.0	1752.0	0.0	14.0	28423.9003906	9387.90039062	0.0	2034.0	0.0	0.0	0.0	0.0	-2703633.75	-2703633.75	-2703633.75	-2703633.75	
1.0	2842.10058594	326815.3125	-24.2000007629	2372.39990234	0.0	-31.2999992371	-47.5999984741	1999.0	1567.0	0.0	37.0	28572.9003906	9100.90039062	0.0	2108.0	0.0	0.0	0.0	0.0	-2964051.75	-2964051.75	-2964051.75	-2964051.75	
1.0	2842.24902344	326797.3125	-24.2000007629	2346.39990234	0.0	-34.2999992371	-48.5999984741	1927.0	1418.0	0.0	27.0	28085.9003906	8781.90039062	0.0	2149.0	0.0	0.0	0.0	0.0	-2737589.75	-2737589.75	-2737589.75	-2737589.75	
1.0	2842.40014648	326766.3125	-20.2000007629	2379.39990234	0.0	-34.2999992371	-39.5999984741	1800.0	1367.0	0.0	21.0	27981.9003906	8751.90039062	0.0	2074.0	0.0	0.0	0.0	0.0	-3046446.75	-3046446.75	-3046446.75	-3046446.75	
1.0	2842.54882812	326671.3125	-20.2000007629	2367.39990234	0.0	-32.2999992371	-35.5999984741	1656.0	1225.0	0.0	27.0	27545.9003906	8607.90039062	0.0	1968.0	0.0	0.0	0.0	0.0	-3242553.75	-3242553.75	-3242553.75	-3242553.75	
1.0	2842.69995117	326904.3125	-21.2000007629	2368.39990234	0.0	-32.2999992371	-37.5999984741	1582.0	1174.0	0.0	24.0	28625.9003906	8421.90039062	0.0	2052.0	0.0	0.0	0.0	0.0	-2542205.75	-2542205.75	-2542205.75	-2542205.75	
1.0	2842.84863281	326555.3125	-20.2000007629	2373.39990234	0.0	-35.2999992371	-38.5999984741	1530.0	1159.0	0.0	24.0	27996.9003906	8525.90039062	0.0	2100.0	0.0	0.0	0.0	0.0	-2803142.75	-2803142.75	-2803142.75	-2803142.75	
1.0	2843.0	326780.3125	-22.2000007629	2351.39990234	0.0	-33.2999992371	-36.5999984741	1421.0	1060.0	0.0	14.0	27594.9003906	8312.90039062	0.0	1985.0	0.0	0.0	0.0	0.0	-2999194.75	-2999194.75	-2999194.75	-2999194.75	
1.0	2843.15136719	326746.3125	-20.2000007629	2372.39990234	0.0	-18.2999992371	-36.5999984741	1437.0	1007.0	0.0	21.0	28413.9003906	8227.90039062	0.0	2075.0	0.0	0.0	0.0	0.0	-3179191.75	-3179191.75	-3179191.75	-3179191.75	
1.0	2843.30004883	326641.3125	-21.2000007629	2363.39990234	0.0	-18.2999992371	-39.5999984741	1499.0	1070.0	0.0	22.0	28650.9003906	8099.89990234	0.0	2088.0	0.0	0.0	0.0	0.0	-2745099.75	-2745099.75	-2745099.75	-2745099.75	
1.0	2843.44873047	326649.3125	-24.2000007629	2365.39990234	0.0	-22.2999992371	-36.5999984741	1399.0	1037.0	0.0	23.0	27852.9003906	8245.90039062	0.0	2150.0	0.0	0.0	0.0	0.0	-2859385.75	-2859385.75	-2859385.75	-2859385.75	
1.0	2843.60009766	326744.3125	-19.2000007629	2370.39990234	0.0	-25.2999992371	-34.5999984741	1436.0	982.0	0.0	23.0	28166.9003906	8222.90039062	0.0	2033.0	0.0	0.0	0.0	0.0	-2878053.75	-2878053.75	-2878053.75	-2878053.75	
1.0	2843.74902344	326718.3125	-31.2000007629	2379.39990234	0.0	-27.2999992371	-38.5999984741	1407.0	1012.0	0.0	22.0	27707.9003906	8180.89990234	0.0	2054.0	0.0	0.0	0.0	0.0	-3130930.75	-3130930.75	-3130930.75	-3130930.75	
1.0	2843.90039062	326471.3125	-29.2000007629	2370.39990234	0.0	-24.2999992371	-40.5999984741	1424.0	1058.0	0.0	18.0	28596.9003906	8121.89990234	0.0	2202.0	0.0	0.0	0.0	0.0	-2558647.75	-2558647.75	-2558647.75	-2558647.75	
1.0	2844.04907227	326501.3125	-31.2000007629	2378.39990234	0.0	-22.2999992371	-52.5999984741	1351.0	1051.0	0.0	21.0	28083.9003906	8301.90039062	0.0	1931.0	0.0	0.0	0.0	0.0	-3197464.75	-3197464.75	-3197464.75	-3197464.75	
1.0	2844.20068359	326613.3125	-27.2000007629	2355.39990234	0.0	-18.2999992371	-56.5999984741	1380.0	970.0	0.0	22.0	27978.9003906	8083.89990234	0.0	2073.0	0.0	0.0	0.0	0.0	-3124862.75	-3124862.75	-3124862.75	-3124862.75	
1.0	2844.34936523	326385.3125	-33.2000007629	2375.39990234	0.0	-16.2999992371	-56.5999984741	1332.0	998.0	0.0	27.0	28322.9003906	8151.89990234	0.0	2037.0	0.0	0.0	0.0	0.0	-2544590.75	-2544590.75	-2544590.75	-2544590.75	
1.0	2844.50097656	326645.3125	-33.2000007629	2392.39990234	0.0	-18.2999992371	-57.5999984741	1324.0	1021.0	0.0	29.0	28098.9003906	8224.90039062	0.0	2170.0	0.0	0.0	0.0	0.0	-2740434.75	-2740434.75	-2740434.75	-2740434.75	
1.0	2844.64990234	326494.3125	-33.2000007629	2376.39990234	0.0	-16.2999992371	-55.5999984741	1220.0	865.0	0.0	20.0	27747.9003906	7931.89990234	0.0	2203.0	0.0	0.0	0.0	0.0	-2872607.75	-2872607.75	-2872607.75	-2872607.75	
1.0	2844.79882812	326412.3125	-31.2000007629	2379.39990234	0.0	-17.2999992371	-56.5999984741	1169.0	807.0	0.0	28.0	27955.9003906	7878.89990234	0.0	2065.0	0.0	0.0	0.0	0.0	-3148517.75	-3148517.75	-3148517.75	-3148517.75	
1.0	2844.95043945	326409.3125	-31.2000007629	2372.39990234	0.0	-13.3000001907	-58.5999984741	1135.0	778.0	0.0	18.0	27940.9003906	7894.89990234	0.0	1968.0	0.0	0.0	0.0	0.0	-2857851.75	-2857851.75	-2857851.75	-2857851.75	
1.0	2845.09936523	326342.3125	-28.2000007629	2369.39990234	0.0	-13.3000001907	-57.5999984741	1043.0	753.0	0.0	14.0	27768.9003906	7791.89990234	0.0	2011.0	0.0	0.0	0.0	0.0	-3247039.75	-3247039.75	-3247039.75	-3247039.75	
1.0	2845.25097656	326246.3125	-33.2000007629	2389.39990234	0.0	-12.3000001907	-58.5999984741	1017.0	698.0	0.0	27.0	27662.9003906	7775.89990234	0.0	2063.0	0.0	0.0	0.0	0.0	-3181860.75	-3181860.75	-3181860.75	-3181860.75	
1.0	2845.40014648	326467.3125	-33.2000007629	2387.39990234	0.0	-13.3000001907	-57.5999984741	1091.0	680.0	0.0	29.0	28309.9003906	7707.89990234	0.0	2124.0	0.0	0.0	0.0	0.0	-2848492.75	-2848492.75	-2848492.75	-2848492.75	
1.0	2845.54907227	326348.3125	-33.2000007629	2362.39990234	0.0	-13.3000001907	-59.5999984741	1023.0	637.0	0.0	18.0	28093.9003906	7635.89990234	0.0	2108.0	0.0	0.0	0.0	0.0	-2468809.75	-2468809.75	-2468809.75	-2468809.75	
1.0	2845.70092773	326276.3125	-31.2000007629	2383.39990234	0.0	-12.3000001907	-58.5999984741	1028.0	627.0	0.0	24.0	28061.9003906	7426.89990234	0.0	2010.0	0.0	0.0	0.0	0.0	-2697001.75	-2697001.75	-2697001.75	-2697001.75	
1.0	2845.85009766	326389.3125	-31.2000007629	2384.39990234	0.0	-15.3000001907	-44.5999984741	900.0	599.0	0.0	22.0	27535.9003906	7466.89990234	0.0	2015.0	0.0	0.0	0.0	0.0	-2908892.75	-2908892.75	-2908892.75	-2908892.75	
1.0	2845.99902344	326194.3125	-30.2000007629	2341.39990234	0.0	-14.3000001907	-37.5999984741	890.0	555.0	0.0	24.0	27961.9003906	7392.89990234	0.0	2055.0	0.0	0.0	0.0	0.0	-3198962.75	-3198962.75	-3198962.75	-3198962.75	
1.0	2846.15087891	326298.3125	-31.2000007629	2375.39990234	0.0	-13.3000001907	-38.5999984741	834.0	527.0	0.0	27.0	28035.9003906	7317.89990234	0.0	2103.0	0.0	0.0	0.0	0.0	-2971827.75	-2971827.75	-2971827.75	-2971827.75	
1.0	2846.30004883	326170.3125	-31.2000007629	2366.39990234	0.0	-13.3000001907	-39.5999984741	791.0	512.0	0.0	20.0	27922.9003906	7337.89990234	0.0	2119.0	0.0	0.0	0.0	0.0	-2851520.75	-2851520.75	-2851520.75	-2851520.75	
1.0	2846.44921875	326105.3125	-32.2000007629	2360.39990234	0.0	-10.3000001907	-39.5999984741	795.0	531.0	0.0	20.0	27928.9003906	7328.89990234	0.0	2046.0	0.0	0.0	0.0	0.0	-2656706.75	-2656706.75	-2656706.75	-2656706.75	
1.0	2846.60107422	326055.3125	-30.2000007629	2372.39990234	0.0	-17.2999992371	-38.5999984741	849.0	476.0	0.0	11.0	27724.9003906	7245.89990234	0.0	2014.0	0.0	0.0	0.0	0.0	-2899807.75	-2899807.75	-2899807.75	-2899807.75	
1.0	2846.75024414	326145.3125	-32.2000007629	2357.39990234	0.0	-19.2999992371	-36.5999984741	775.0	495.0	0.0	31.0	28152.9003906	7351.89990234	0.0	2127.0	0.0	0.0	0.0	0.0	-2851586.75	-2851586.75	-2851586.75	-2851586.75	
1.0	2846.8996582	326108.3125	-32.2000007629	2377.39990234	0.0	-19.2999992371	-39.5999984741	785.0	457.0	0.0	23.0	28130.9003906	7270.89990234	0.0	2182.0	0.0	0.0	0.0	0.0	-3254914.75	-3254914.75	-3254914.75	-3254914.75	
1.0	2847.04907227	326041.3125	-28.2000007629	2385.39990234	0.0	-21.2999992371	-43.5999984741	743.0	443.0	0.0	24.0	28183.9003906	7436.89990234	0.0	2137.0	0.0	0.0	0.0	0.0	-2812149.75	-2812149.75	-2812149.75	-2812149.75	
1.0	2847.20092773	326110.3125	-32.2000007629	2371.39990234	0.0	-20.2999992371	-62.5999984741	732.0	407.0	0.0	20.0	28071.9003906	7205.89990234	0.0	2017.0	0.0	0.0	0.0	0.0	-2951894.75	-2951894.75	-2951894.75	-2951894.75	
1.0	2847.3503418	325884.3125	-31.2000007629	2357.39990234	0.0	-21.2999992371	-58.5999984741	689.0	437.0	0.0	21.0	28093.9003906	7366.89990234	0.0	2052.0	0.0	0.0	0.0	0.0	-2572619.75	-2572619.75	-2572619.75	-2572619.75	
1.0	2847.49951172	325990.3125	-31.2000007629	2374.39990234	0.0	-27.2999992371	-59.5999984741	750.0	449.0	0.0	13.0	27815.9003906	7301.89990234	0.0	2107.0	0.0	0.0	0.0	0.0	-2669162.75	-2669162.75	-2669162.75	-2669162.75	
1.0	2847.64892578	325918.3125	-30.2000007629	2374.39990234	0.0	-26.2999992371	-55.5999984741	743.0	448.0	0.0	18.0	27807.9003906	7170.89990234	0.0	2041.0	0.0	0.0	0.0	0.0	-3235188.75	-3235188.75	-3235188.75	-3235188.75	
1.0	2847.80102539	325916.3125	-31.2000007629	2356.39990234	0.0	-26.2999992371	-56.5999984741	757.0	427.0	0.0	20.0	27232.9003906	7397.89990234	0.0	2044.0	0.0	0.0	0.0	0.0	-2814147.75	-2814147.75	-2814147.75	-2814147.75	
1.0	2847.95043945	325892.3125	-29.2000007629	2378.39990234	0.0	-25.2999992371	-54.5999984741	680.0	438.0	0.0	22.0	28091.9003906	7203.89990234	0.0	2096.0	0.0	0.0	0.0	0.0	-2596924.75	-2596924.75	-2596924.75	-2596924.75	
1.0	2848.09985352	325797.3125	-30.2000007629	2375.39990234	0.0	-25.2999992371	-36.5999984741	712.0	446.0	0.0	23.0	27410.9003906	7181.89990234	0.0	2145.0	0.0	0.0	0.0	0.0	-3114792.75	-3114792.75	-3114792.75	-3114792.75	
1.0	2848.24951172	325935.3125	-29.2000007629	2380.39990234	0.0	-30.2999992371	-35.5999984741	703.0	402.0	0.0	27.0	28023.9003906	7363.89990234	0.0	2042.0	0.0	0.0	0.0	0.0	-3118120.75	-3118120.75	-3118120.75	-3118120.75	
1.0	2848.39892578	325813.3125	-27.2000007629	2370.39990234	0.0	-43.2999992371	-35.5999984741	717.0	428.0	0.0	19.0	28347.9003906	7409.89990234	0.0	2143.0	0.0	0.0	0.0	0.0	-3192299.75	-3192299.75	-3192299.75	-3192299.75	
1.0	2848.55102539	325890.3125	-19.2000007629	2369.39990234	0.0	-42.2999992371	-38.5999984741	676.0	391.0	0.0	11.0	28137.9003906	7295.89990234	0.0	2096.0	0.0	0.0	0.0	0.0	-2797316.75	-2797316.75	-2797316.75	-2797316.75	
1.0	2848.70068359	326008.3125	-24.2000007629	2346.39990234	0.0	-41.2999992371	-39.5999984741	730.0	395.0	0.0	25.0	27991.9003906	7157.89990234	0.0	2117.0	0.0	0.0	0.0	0.0	-3201129.75	-3201129.75	-3201129.75	-3201129.75	
1.0	2848.85009766	325817.3125	-22.2000007629	2378.39990234	0.0	-37.2999992371	-40.5999984741	711.0	462.0	0.0	19.0	27701.9003906	7297.89990234	0.0	2009.0	0.0	0.0	0.0	0.0	-2781220.75	-2781220.75	-2781220.75	-2781220.75	
1.0	2848.99975586	325707.3125	-25.2000007629	2355.39990234	0.0	-38.2999992371	-39.5999984741	741.0	411.0	0.0	26.0	27938.9003906	7230.89990234	0.0	2123.0	0.0	0.0	0.0	0.0	-3123099.75	-3123099.75	-3123099.75	-3123099.75	
1.0	2849.14941406	325739.3125	-22.2000007629	2367.39990234	0.0	-40.2999992371	-36.5999984741	724.0	449.0	0.0	15.0	27998.9003906	7258.89990234	0.0	2114.0	0.0	0.0	0.0	0.0	-2735482.75	-2735482.75	-2735482.75	-2735482.75	
1.0	2849.29907227	325657.3125	-23.2000007629	2357.39990234	0.0	-38.2999992371	-39.5999984741	736.0	424.0	0.0	20.0	28084.9003906	7169.89990234	0.0	2034.0	0.0	0.0	0.0	0.0	-2741748.75	-2741748.75	-2741748.75	-2741748.75	
1.0	2849.44873047	325761.3125	-22.2000007629	2357.39990234	0.0	-38.2999992371	-36.5999984741	708.0	451.0	0.0	18.0	27863.9003906	7418.89990234	0.0	2065.0	0.0	0.0	0.0	0.0	-2897583.75	-2897583.75	-2897583.75	-2897583.75	
1.0	2849.60107422	325558.3125	-28.2000007629	2376.39990234	0.0	-37.2999992371	-36.5999984741	779.0	479.0	0.0	27.0	28237.9003906	7290.89990234	0.0	2141.0	0.0	0.0	0.0	0.0	-2980080.75	-2980080.75	-2980080.75	-2980080.75	
1.0	2849.75073242	325537.3125	-30.2000007629	2348.39990234	0.0	-22.2999992371	-56.5999984741	820.0	451.0	0.0	25.0	28174.9003906	7415.89990234	0.0	2109.0	0.0	0.0	0.0	0.0	-2826688.75	-2826688.75	-2826688.75	-2826688.75	
1.0	2849.90063477	325458.3125	-36.2000007629	2358.39990234	0.0	-23.2999992371	-56.5999984741	771.0	449.0	0.0	22.0	27857.9003906	7274.89990234	0.0	1987.0	0.0	0.0	0.0	0.0	-2601192.75	-2601192.75	-2601192.75	-2601192.75	
1.0	2850.05029297	325665.3125	-31.2000007629	2365.39990234	0.0	-21.2999992371	-53.5999984741	794.0	426.0	0.0	22.0	27926.9003906	7482.89990234	0.0	2156.0	0.0	0.0	0.0	0.0	-2488742.75	-2488742.75	-2488742.75	-2488742.75	
1.0	2850.20019531	325549.3125	-26.2000007629	2382.39990234	0.0	-25.2999992371	-60.5999984741	789.0	444.0	0.0	21.0	28234.9003906	7160.89990234	0.0	2042.0	0.0	0.0	0.0	0.0	-2763744.75	-2763744.75	-2763744.75	-2763744.75	
1.0	2850.34985352	325513.3125	-22.2000007629	2372.39990234	0.0	-21.2999992371	-53.5999984741	792.0	468.0	0.0	27.0	27989.9003906	7289.89990234	0.0	2152.0	0.0	0.0	0.0	0.0	-3104565.75	-3104565.75	-3104565.75	-3104565.75	
1.0	2850.49975586	325348.3125	-21.2000007629	2366.39990234	0.0	-23.2999992371	-53.5999984741	817.0	448.0	0.0	18.0	28343.9003906	7280.89990234	0.0	2123.0	0.0	0.0	0.0	0.0	-3243392.75	-3243392.75	-3243392.75	-3243392.75	
1.0	2850.6496582	325315.3125	-18.2000007629	2350.39990234	0.0	-22.2999992371	-38.5999984741	739.0	482.0	0.0	18.0	27396.9003906	7236.89990234	0.0	2143.0	0.0	0.0	0.0	0.0	-2591571.75	-2591571.75	-2591571.75	-2591571.75	
1.0	2850.79956055	325647.3125	-21.2000007629	2377.39990234	0.0	-24.2999992371	-47.5999984741	728.0	461.0	0.0	30.0	27766.9003906	7485.89990234	0.0	2066.0	0.0	0.0	0.0	0.0	-3333436.75	-3333436.75	-3333436.75	-3333436.75	
1.0	2850.94946289	325421.3125	-17.2000007629	2371.39990234	0.0	-22.2999992371	-43.5999984741	778.0	459.0	0.0	20.0	27386.9003906	7420.89990234	0.0	2031.0	0.0	0.0	0.0	0.0	-3075524.75	-3075524.75	-3075524.75	-3075524.75	
1.0	2851.09936523	325514.3125	-19.2000007629	2357.39990234	0.0	-25.2999992371	-51.5999984741	790.0	471.0	0.0	22.0	28216.9003906	7488.89990234	0.0	2068.0	0.0	0.0	0.0	0.0	-2913225.75	-2913225.75	-2913225.75	-2913225.75	
1.0	2851.24926758	325242.3125	-19.2000007629	2367.39990234	0.0	-23.2999992371	-54.5999984741	752.0	454.0	0.0	18.0	28507.9003906	7421.89990234	0.0	2043.0	0.0	0.0	0.0	0.0	-2937403.75	-2937403.75	-2937403.75	-2937403.75	
1.0	2851.39941406	325402.3125	-22.2000007629	2337.39990234	0.0	-21.2999992371	-54.5999984741	768.0	413.0	0.0	26.0	28056.9003906	7165.89990234	0.0	2085.0	0.0	0.0	0.0	0.0	-3295020.75	-3295020.75	-3295020.75	-3295020.75	
1.0	2851.54931641	325459.3125	-20.2000007629	2362.39990234	0.0	-18.2999992371	-54.5999984741	716.0	491.0	0.0	24.0	28248.9003906	7274.89990234	0.0	2076.0	0.0	0.0	0.0	0.0	-3266057.75	-3266057.75	-3266057.75	-3266057.75	
1.0	2851.69946289	325381.3125	-20.2000007629	2364.39990234	0.0	-19.2999992371	-55.5999984741	767.0	478.0	0.0	25.0	28245.9003906	7355.89990234	0.0	2048.0	0.0	0.0	0.0	0.0	-2782753.75	-2782753.75	-2782753.75	-2782753.75	
1.0	2851.84936523	325305.3125	-19.2000007629	2348.39990234	0.0	-21.2999992371	-41.5999984741	714.0	467.0	0.0	23.0	27780.9003906	7303.89990234	0.0	2053.0	0.0	0.0	0.0	0.0	-2963032.75	-2963032.75	-2963032.75	-2963032.75	
1.0	2851.99951172	325330.3125	-18.2000007629	2366.39990234	0.0	-27.2999992371	-36.5999984741	757.0	442.0	0.0	19.0	27868.9003906	7257.89990234	0.0	2059.0	0.0	0.0	0.0	0.0	-3063240.75	-3063240.75	-3063240.75	-3063240.75	
1.0	2852.1496582	325259.3125	-21.2000007629	2363.39990234	0.0	-25.2999992371	-38.5999984741	745.0	456.0	0.0	19.0	27609.9003906	7316.89990234	0.0	2054.0	0.0	0.0	0.0	0.0	-2969429.75	-2969429.75	-2969429.75	-2969429.75	
1.0	2852.29956055	325229.3125	-18.2000007629	2359.39990234	0.0	-29.2999992371	-36.5999984741	778.0	439.0	0.0	28.0	28229.9003906	7500.89990234	0.0	2126.0	0.0	0.0	0.0	0.0	-2566920.75	-2566920.75	-2566920.75	-2566920.75	
1.0	2852.44970703	325295.3125	-15.1999998093	2359.39990234	0.0	-25.2999992371	-37.5999984741	693.0	477.0	0.0	24.0	27875.9003906	7182.89990234	0.0	2035.0	0.0	0.0	0.0	0.0	-3148511.75	-3148511.75	-3148511.75	-3148511.75	
1.0	2852.60009766	325176.3125	-19.2000007629	2345.39990234	0.0	-28.2999992371	-39.5999984741	692.0	426.0	0.0	24.0	27935.9003906	7374.89990234	0.0	2093.0	0.0	0.0	0.0	0.0	-2600540.75	-2600540.75	-2600540.75	-2600540.75	
1.0	2852.75024414	325131.3125	-23.2000007629	2344.39990234	0.0	-26.2999992371	-36.5999984741	733.0	418.0	0.0	20.0	28181.9003906	7180.89990234	0.0	2043.0	0.0	0.0	0.0	0.0	-3183489.75	-3183489.75	-3183489.75	-3183489.75	
1.0	2852.90039062	325303.3125	-29.2000007629	2352.39990234	0.0	-25.2999992371	-35.5999984741	674.0	453.0	0.0	23.0	27677.9003906	7366.89990234	0.0	2083.0	0.0	0.0	0.0	0.0	-2644374.75	-2644374.75	-2644374.75	-2644374.75	
1.0	2853.05053711	325109.3125	-33.2000007629	2369.39990234	0.0	-26.2999992371	-35.5999984741	754.0	405.0	0.0	26.0	27638.9003906	7428.89990234	0.0	2068.0	0.0	0.0	0.0	0.0	-3305527.75	-3305527.75	-3305527.75	-3305527.75	
1.0	2853.20092773	325202.3125	-28.2000007629	2368.39990234	0.0	-24.2999992371	-35.5999984741	689.0	440.0	0.0	16.0	28591.9003906	7312.89990234	0.0	2094.0	0.0	0.0	0.0	0.0	-3015451.75	-3015451.75	-3015451.75	-3015451.75	
1.0	2853.35107422	325233.3125	-26.2000007629	2382.39990234	0.0	-25.2999992371	-36.5999984741	689.0	430.0	0.0	13.0	28287.9003906	7286.89990234	0.0	2192.0	0.0	0.0	0.0	0.0	-2637352.75	-2637352.75	-2637352.75	-2637352.75	
1.0	2853.4987793	325258.3125	-30.2000007629	2379.39990234	0.0	-25.2999992371	-37.5999984741	715.0	426.0	0.0	25.0	27977.9003906	7341.89990234	0.0	2169.0	0.0	0.0	0.0	0.0	-2785677.75	-2785677.75	-2785677.75	-2785677.75	
1.0	2853.64916992	325118.3125	-29.2000007629	2389.39990234	0.0	-23.2999992371	-35.5999984741	711.0	386.0	0.0	23.0	28048.9003906	7232.89990234	0.0	2140.0	0.0	0.0	0.0	0.0	-2590064.75	-2590064.75	-2590064.75	-2590064.75	
1.0	2853.79956055	325150.3125	-28.2000007629	2361.39990234	0.0	-25.2999992371	-36.5999984741	702.0	404.0	0.0	24.0	28257.9003906	7237.89990234	0.0	2168.0	0.0	0.0	0.0	0.0	-2835713.75	-2835713.75	-2835713.75	-2835713.75	
1.0	2853.94995117	325157.3125	-28.2000007629	2380.39990234	0.0	-26.2999992371	-45.5999984741	661.0	426.0	0.0	28.0	28693.9003906	7202.89990234	0.0	2161.0	0.0	0.0	0.0	0.0	-3207670.75	-3207670.75	-3207670.75	-3207670.75	
1.0	2854.1003418	325028.3125	-28.2000007629	2395.39990234	0.0	-24.2999992371	-51.5999984741	714.0	398.0	0.0	20.0	27952.9003906	7246.89990234	0.0	2110.0	0.0	0.0	0.0	0.0	-3062307.75	-3062307.75	-3062307.75	-3062307.75	
1.0	2854.25073242	325197.3125	-27.2000007629	2376.39990234	0.0	-24.2999992371	-47.5999984741	708.0	408.0	0.0	30.0	28283.9003906	7267.89990234	0.0	2139.0	0.0	0.0	0.0	0.0	-2555258.75	-2555258.75	-2555258.75	-2555258.75	
1.0	2854.40112305	325219.3125	-31.2000007629	2410.39990234	0.0	-25.2999992371	-47.5999984741	671.0	384.0	0.0	17.0	27739.9003906	7189.89990234	0.0	2166.0	0.0	0.0	0.0	0.0	-2678716.75	-2678716.75	-2678716.75	-2678716.75	
1.0	2854.54907227	325034.3125	-32.2000007629	2390.39990234	0.0	-24.2999992371	-44.5999984741	717.0	402.0	0.0	25.0	27887.9003906	7252.89990234	0.0	2145.0	0.0	0.0	0.0	0.0	-2650486.75	-2650486.75	-2650486.75	-2650486.75	
1.0	2854.69946289	325221.3125	-28.2000007629	2390.39990234	0.0	-22.2999992371	-35.5999984741	635.0	403.0	0.0	21.0	28103.9003906	7340.89990234	0.0	2098.0	0.0	0.0	0.0	0.0	-2976240.75	-2976240.75	-2976240.75	-2976240.75	
1.0	2854.85009766	324974.3125	-24.2000007629	2379.39990234	0.0	-22.2999992371	-33.5999984741	677.0	424.0	0.0	29.0	27759.9003906	7254.89990234	0.0	2157.0	0.0	0.0	0.0	0.0	-2580410.75	-2580410.75	-2580410.75	-2580410.75	
1.0	2855.00048828	325025.3125	-35.2000007629	2362.39990234	0.0	-19.2999992371	-32.5999984741	715.0	399.0	0.0	22.0	28906.9003906	7143.89990234	0.0	2120.0	0.0	0.0	0.0	0.0	-2841220.75	-2841220.75	-2841220.75	-2841220.75	
1.0	2855.49902344	325054.3125	-33.2000007629	2413.39990234	0.0	-21.2999992371	-35.5999984741	727.0	415.0	0.0	19.0	28467.9003906	7332.89990234	0.0	2092.0	0.0	0.0	0.0	0.0	-2840027.75	-2840027.75	-2840027.75	-2840027.75	
1.0	2856.00048828	324828.3125	-28.2000007629	2378.39990234	0.0	-22.2999992371	-34.5999984741	690.0	402.0	0.0	17.0	28506.9003906	7346.89990234	0.0	2157.0	0.0	0.0	0.0	0.0	-2692558.75	-2692558.75	-2692558.75	-2692558.75	
1.0	2856.49926758	324946.3125	-28.2000007629	2374.39990234	0.0	-21.2999992371	-33.5999984741	732.0	449.0	0.0	27.0	27885.9003906	7319.89990234	0.0	2037.0	0.0	0.0	0.0	0.0	-3029371.75	-3029371.75	-3029371.75	-3029371.75	
1.0	2857.0012207	325088.3125	-30.2000007629	2381.39990234	0.0	-23.2999992371	-31.6000003815	741.0	397.0	0.0	20.0	28648.9003906	7203.89990234	0.0	2231.0	0.0	0.0	0.0	0.0	-3004872.75	-3004872.75	-3004872.75	-3004872.75	
1.0	2857.50073242	325102.3125	-28.2000007629	2375.39990234	0.0	-20.2999992371	-32.5999984741	720.0	429.0	0.0	13.0	28581.9003906	7508.89990234	0.0	2183.0	0.0	0.0	0.0	0.0	-2701944.75	-2701944.75	-2701944.75	-2701944.75	
1.0	2858.00048828	325106.3125	-27.2000007629	2387.39990234	0.0	-20.2999992371	-34.5999984741	741.0	481.0	0.0	22.0	28460.9003906	7394.89990234	0.0	2104.0	0.0	0.0	0.0	0.0	-3231040.75	-3231040.75	-3231040.75	-3231040.75	
1.0	2858.50048828	324989.3125	-26.2000007629	2405.39990234	0.0	-22.2999992371	-29.6000003815	734.0	442.0	0.0	28.0	28369.9003906	7463.89990234	0.0	2157.0	0.0	0.0	0.0	0.0	-3147557.75	-3147557.75	-3147557.75	-3147557.75	
1.0	2859.00073242	325026.3125	-30.2000007629	2384.39990234	0.0	-21.2999992371	-31.6000003815	764.0	462.0	0.0	22.0	28241.9003906	7372.89990234	0.0	2027.0	0.0	0.0	0.0	0.0	-3038595.75	-3038595.75	-3038595.75	-3038595.75	
1.0	2859.4987793	324823.3125	-31.2000007629	2393.39990234	0.0	-21.2999992371	-31.6000003815	745.0	451.0	0.0	21.0	28140.9003906	7585.89990234	0.0	2069.0	0.0	0.0	0.0	0.0	-3077208.75	-3077208.75	-3077208.75	-3077208.75	
1.0	2859.99951172	324984.3125	-31.2000007629	2377.39990234	0.0	-21.2999992371	-31.6000003815	751.0	450.0	0.0	23.0	27698.9003906	7299.89990234	0.0	2162.0	0.0	0.0	0.0	0.0	-2920144.75	-2920144.75	-2920144.75	-2920144.75	
1.0	2860.50048828	325144.3125	-31.2000007629	2413.39990234	0.0	-25.2999992371	-31.6000003815	765.0	446.0	0.0	20.0	28117.9003906	7399.89990234	0.0	2114.0	0.0	0.0	0.0	0.0	-3303838.75	-3303838.75	-3303838.75	-3303838.75	
1.0	2860.99926758	325015.3125	-31.2000007629	2389.39990234	0.0	-26.2999992371	-33.5999984741	736.0	430.0	0.0	23.0	28293.9003906	7442.89990234	0.0	2057.0	0.0	0.0	0.0	0.0	-3312914.75	-3312914.75	-3312914.75	-3312914.75	
1.0	2861.50073242	325095.3125	-26.2000007629	2417.39990234	0.0	-23.2999992371	-30.6000003815	748.0	478.0	0.0	23.0	28597.9003906	7289.89990234	0.0	2140.0	0.0	0.0	0.0	0.0	-2917227.75	-2917227.75	-2917227.75	-2917227.75	
1.0	2862.0	325059.3125	-29.2000007629	2395.39990234	0.0	-24.2999992371	-31.6000003815	735.0	454.0	0.0	28.0	28691.9003906	7350.89990234	0.0	2120.0	0.0	0.0	0.0	0.0	-3293569.75	-3293569.75	-3293569.75	-3293569.75	
1.0	2862.49926758	325039.3125	-37.2000007629	2410.39990234	0.0	-27.2999992371	-32.5999984741	777.0	465.0	0.0	33.0	28531.9003906	7452.89990234	0.0	2161.0	0.0	0.0	0.0	0.0	-3249381.75	-3249381.75	-3249381.75	-3249381.75	
1.0	2862.99902344	325029.3125	-43.2000007629	2386.39990234	0.0	-36.2999992371	-33.5999984741	739.0	427.0	0.0	21.0	28823.9003906	7373.89990234	0.0	2099.0	0.0	0.0	0.0	0.0	-2683103.75	-2683103.75	-2683103.75	-2683103.75	
1.0	2863.49902344	325073.3125	-44.2000007629	2379.39990234	0.0	-36.2999992371	-31.6000003815	721.0	450.0	0.0	24.0	28218.9003906	7381.89990234	0.0	2159.0	0.0	0.0	0.0	0.0	-2960089.75	-2960089.75	-2960089.75	-2960089.75	
1.0	2863.99926758	324950.3125	-42.2000007629	2376.39990234	0.0	-23.2999992371	-31.6000003815	727.0	426.0	0.0	24.0	27919.9003906	7503.89990234	0.0	2133.0	0.0	0.0	0.0	0.0	-3117795.75	-3117795.75	-3117795.75	-3117795.75	
1.0	2864.49975586	325245.3125	-39.2000007629	2380.39990234	0.0	-21.2999992371	-33.5999984741	762.0	456.0	0.0	14.0	28077.9003906	7435.89990234	0.0	2233.0	0.0	0.0	0.0	0.0	-2623009.75	-2623009.75	-2623009.75	-2623009.75	
1.0	2865.00048828	325070.3125	-44.2000007629	2378.39990234	0.0	-23.2999992371	-33.5999984741	755.0	448.0	0.0	15.0	28745.9003906	7387.89990234	0.0	2137.0	0.0	0.0	0.0	0.0	-2958911.75	-2958911.75	-2958911.75	-2958911.75	
1.0	2865.4987793	325046.3125	-34.2000007629	2408.39990234	0.0	-22.2999992371	-36.5999984741	717.0	411.0	0.0	28.0	28080.9003906	7483.89990234	0.0	2111.0	0.0	0.0	0.0	0.0	-2688350.75	-2688350.75	-2688350.75	-2688350.75	
1.0	2866.0	324909.3125	-21.2000007629	2403.39990234	0.0	-22.2999992371	-30.6000003815	723.0	381.0	0.0	27.0	28345.9003906	7293.89990234	0.0	2140.0	0.0	0.0	0.0	0.0	-2984820.75	-2984820.75	-2984820.75	-2984820.75	
1.0	2866.4987793	325117.3125	-23.2000007629	2406.39990234	0.0	-16.2999992371	-30.6000003815	739.0	460.0	0.0	17.0	28554.9003906	7402.89990234	0.0	2055.0	0.0	0.0	0.0	0.0	-3126690.75	-3126690.75	-3126690.75	-3126690.75	
1.0	2867.00048828	324995.3125	-18.2000007629	2389.39990234	0.0	-18.2999992371	-36.5999984741	666.0	443.0	0.0	23.0	28645.9003906	7404.89990234	0.0	2220.0	0.0	0.0	0.0	0.0	-2630726.75	-2630726.75	-2630726.75	-2630726.75	
1.0	2867.5	325160.3125	-21.2000007629	2412.39990234	0.0	-17.2999992371	-43.5999984741	716.0	421.0	0.0	13.0	28356.9003906	7587.89990234	0.0	2139.0	0.0	0.0	0.0	0.0	-2886642.75	-2886642.75	-2886642.75	-2886642.75	
1.0	2867.99951172	325052.3125	-23.2000007629	2382.39990234	0.0	-19.2999992371	-43.5999984741	710.0	423.0	0.0	25.0	27890.9003906	7352.89990234	0.0	2164.0	0.0	0.0	0.0	0.0	-3231367.75	-3231367.75	-3231367.75	-3231367.75	
1.0	2868.49951172	325308.3125	-21.2000007629	2407.39990234	0.0	-9.30000019073	-33.5999984741	688.0	422.0	0.0	25.0	28670.9003906	7453.89990234	0.0	2128.0	0.0	0.0	0.0	0.0	-2975253.75	-2975253.75	-2975253.75	-2975253.75	
1.0	2868.99951172	325011.3125	-21.2000007629	2386.39990234	0.0	-9.30000019073	-35.5999984741	735.0	484.0	0.0	17.0	28659.9003906	7484.89990234	0.0	2221.0	0.0	0.0	0.0	0.0	-2531700.75	-2531700.75	-2531700.75	-2531700.75	
1.0	2869.5	325041.3125	-17.2000007629	2389.39990234	0.0	-12.3000001907	-42.5999984741	722.0	423.0	0.0	21.0	28920.9003906	7328.89990234	0.0	2125.0	0.0	0.0	0.0	0.0	-2755565.75	-2755565.75	-2755565.75	-2755565.75	
1.0	2870.00048828	324901.3125	-17.2000007629	2401.39990234	0.0	-10.3000001907	-38.5999984741	723.0	411.0	0.0	17.0	29284.9003906	7466.89990234	0.0	2174.0	0.0	0.0	0.0	0.0	-2549381.75	-2549381.75	-2549381.75	-2549381.75	
1.0	2870.99975586	325085.3125	-19.2000007629	2398.39990234	0.0	-14.3000001907	-40.5999984741	684.0	446.0	0.0	24.0	28432.9003906	7392.89990234	0.0	2142.0	0.0	0.0	0.0	0.0	-3790945.75	-3790945.75	-3790945.75	-3790945.75	
1.0	2872.00024414	325113.3125	-14.1999998093	2403.39990234	0.0	-17.2999992371	-42.5999984741	744.0	442.0	0.0	24.0	29385.9003906	7536.89990234	0.0	2282.0	0.0	0.0	0.0	0.0	-2495502.75	-2495502.75	-2495502.75	-2495502.75	
1.0	2872.99902344	325103.3125	-22.2000007629	2414.39990234	0.0	-16.2999992371	-42.5999984741	753.0	457.0	0.0	14.0	29056.9003906	7512.89990234	0.0	2277.0	0.0	0.0	0.0	0.0	-2752635.75	-2752635.75	-2752635.75	-2752635.75	
1.0	2873.9987793	325023.3125	-23.2000007629	2410.39990234	0.0	-14.3000001907	-40.5999984741	720.0	427.0	0.0	15.0	28162.9003906	7420.89990234	0.0	2173.0	0.0	0.0	0.0	0.0	-3234068.75	-3234068.75	-3234068.75	-3234068.75	
1.0	2874.99951172	325004.3125	-20.2000007629	2424.39990234	0.0	-18.2999992371	-44.5999984741	758.0	487.0	0.0	21.0	28299.9003906	7608.89990234	0.0	2161.0	0.0	0.0	0.0	0.0	-3187413.75	-3187413.75	-3187413.75	-3187413.75	
1.0	2876.0012207	325027.3125	-22.2000007629	2424.39990234	0.0	-18.2999992371	-39.5999984741	743.0	489.0	0.0	25.0	28852.9003906	7563.89990234	0.0	2219.0	0.0	0.0	0.0	0.0	-2851686.75	-2851686.75	-2851686.75	-2851686.75	
1.0	2876.9987793	325265.3125	-19.2000007629	2407.39990234	0.0	-17.2999992371	-38.5999984741	826.0	535.0	0.0	23.0	28569.9003906	7724.89990234	0.0	2155.0	0.0	0.0	0.0	0.0	-2774279.75	-2774279.75	-2774279.75	-2774279.75	
1.0	2878.0	325258.3125	-24.2000007629	2425.39990234	0.0	-19.2999992371	-40.5999984741	741.0	535.0	0.0	27.0	28855.9003906	7704.89990234	0.0	2256.0	0.0	0.0	0.0	0.0	-3191699.75	-3191699.75	-3191699.75	-3191699.75	
1.0	2878.99951172	325204.3125	-19.2000007629	2408.39990234	0.0	-21.2999992371	-42.5999984741	835.0	582.0	0.0	21.0	28639.9003906	7635.89990234	0.0	2226.0	0.0	0.0	0.0	0.0	-2466128.75	-2466128.75	-2466128.75	-2466128.75	
1.0	2880.0	325325.3125	-19.2000007629	2420.39990234	0.0	-25.2999992371	-42.5999984741	837.0	518.0	0.0	19.0	29112.9003906	7636.89990234	0.0	2196.0	0.0	0.0	0.0	0.0	-2598058.75	-2598058.75	-2598058.75	-2598058.75	
1.0	2880.9987793	325218.3125	-23.2000007629	2414.39990234	0.0	-28.2999992371	-40.5999984741	813.0	535.0	0.0	11.0	28917.9003906	7720.89990234	0.0	2246.0	0.0	0.0	0.0	0.0	-2997781.75	-2997781.75	-2997781.75	-2997781.75	
1.0	2882.0012207	325115.3125	-27.2000007629	2407.39990234	0.0	-32.2999992371	-40.5999984741	824.0	528.0	0.0	17.0	28711.9003906	7668.89990234	0.0	2071.0	0.0	0.0	0.0	0.0	-3278218.75	-3278218.75	-3278218.75	-3278218.75	
1.0	2882.99951172	325140.3125	-22.2000007629	2438.39990234	0.0	-27.2999992371	-38.5999984741	851.0	562.0	0.0	22.0	29005.9003906	7717.89990234	0.0	2162.0	0.0	0.0	0.0	0.0	-2959024.75	-2959024.75	-2959024.75	-2959024.75	
1.0	2884.0012207	326260.3125	-20.2000007629	2421.39990234	0.0	-27.2999992371	-42.5999984741	857.0	538.0	0.0	25.0	29537.9003906	7626.89990234	0.0	2175.0	0.0	0.0	0.0	0.0	-2973485.75	-2973485.75	-2973485.75	-2973485.75	
1.0	2884.9987793	327798.3125	-25.2000007629	2433.39990234	0.0	-29.2999992371	-32.5999984741	807.0	520.0	0.0	17.0	29552.9003906	7944.89990234	0.0	2137.0	0.0	0.0	0.0	0.0	-2591128.75	-2591128.75	-2591128.75	-2591128.75	
1.0	2886.0	329165.3125	-24.2000007629	2463.39990234	0.0	-28.2999992371	-30.6000003815	817.0	541.0	0.0	12.0	29313.9003906	7862.89990234	0.0	2252.0	0.0	0.0	0.0	0.0	-2819079.75	-2819079.75	-2819079.75	-2819079.75	
1.0	2886.99951172	329604.3125	-17.2000007629	2472.39990234	0.0	-24.2999992371	-31.6000003815	769.0	497.0	0.0	20.0	29511.9003906	7791.89990234	0.0	2273.0	0.0	0.0	0.0	0.0	-3120097.75	-3120097.75	-3120097.75	-3120097.75	
1.0	2890.0012207	329827.3125	-19.2000007629	2453.39990234	0.0	-26.2999992371	-31.6000003815	808.0	540.0	0.0	22.0	29121.9003906	7859.89990234	0.0	2155.0	0.0	0.0	0.0	0.0	-3040509.75	-3040509.75	-3040509.75	-3040509.75	
1.0	2893.0012207	329750.3125	-13.1999998093	2473.39990234	0.0	-11.3000001907	-31.6000003815	750.0	529.0	0.0	20.0	29228.9003906	7818.89990234	0.0	2337.0	0.0	0.0	0.0	0.0	-3221204.75	-3221204.75	-3221204.75	-3221204.75	
1.0	2895.99926758	330153.3125	-7.19999980927	2469.39990234	0.0	-9.30000019073	-35.5999984741	701.0	470.0	0.0	30.0	29518.9003906	8001.89990234	0.0	2385.0	0.0	0.0	0.0	0.0	-2969662.75	-2969662.75	-2969662.75	-2969662.75	
1.0	2899.00097656	330115.3125	-11.1999998093	2486.39990234	0.0	-9.30000019073	-35.5999984741	743.0	495.0	0.0	17.0	29565.9003906	7735.89990234	0.0	2187.0	0.0	0.0	0.0	0.0	-3120152.75	-3120152.75	-3120152.75	-3120152.75	
1.0	2902.00073242	330275.3125	-13.1999998093	2498.39990234	0.0	-8.30000019073	-33.5999984741	711.0	459.0	0.0	16.0	30056.9003906	7795.89990234	0.0	2402.0	0.0	0.0	0.0	0.0	-2976838.75	-2976838.75	-2976838.75	-2976838.75	
1.0	2905.0012207	330245.3125	-14.1999998093	2468.39990234	0.0	-13.3000001907	-35.5999984741	720.0	456.0	0.0	15.0	29436.9003906	7819.89990234	0.0	2247.0	0.0	0.0	0.0	0.0	-3231311.75	-3231311.75	-3231311.75	-3231311.75	
