SSRL   MicroEXAFS Data Collector 2.0 
Wed Jul 03 13:48:25 2019
PTS:	171	COLS:	24
alexbox-4ch-xspress.det
RuL3_edge_cell.rgn
SSRL BEAMLINE
COMMENTS





S1VGAP: 0.800000	S1HGAP: 1.000000	TABLEHORZ: 7.000000	SAMPLEV: 41.503226	CALVERT: 4.100521	BPVRT: 46.657988	M1VERT: 6.971044	SAMPLEHOLD: 25.998010	S1HTRAN: 4.775000	

Weights:
 1.000	1.000	1.000	1.000	1.000	1.000	1.000	1.000	1.000	1.000	1.000	1.000	1.000	1.000	1.000	1.000	1.000	1.000	1.000	1.000	1.000	1.000	
Offsets:
 480.9	1036.6	3120.0	0.0	112.4	585.7	0.0	0.0	0.0	0.0	0.2	1.3	0.0	1.5	0.0	0.0	0.0	0.0	79708896.9	79708896.9	79708896.9	79708896.9	
Data:
Real Time Clock
Requested Energy
I0   
I1   
I2   
I3   
MPFB1   
MPFB2   
FF1   
FF2   
FF3   
FF4   
ICR1   
ICR2   
ICR3   
ICR4   
SCA2.1   
SCA2.2   
SCA2.3   
SCA2.4   
TIME1   
TIME2   
TIME3   
TIME4   

1.0	2810.00097656	404082.09375	-118.599998474	6685.0	0.0	-8.39999961853	-7.69999980927	113.0	54.0	0.0	4.0	13181.7998047	4863.70019531	0.0	548.5	0.0	0.0	0.0	0.0	-3204840.0	-3204840.0	-3204840.0	-3204840.0	
1.0	2810.99975586	403846.09375	-120.599998474	6679.0	0.0	-9.39999961853	1.29999995232	108.0	65.0	0.0	1.0	13008.7998047	4977.70019531	0.0	607.5	0.0	0.0	0.0	0.0	-2982081.0	-2982081.0	-2982081.0	-2982081.0	
1.0	2811.99951172	403613.09375	-115.599998474	6693.0	0.0	-18.3999996185	2.29999995232	129.0	58.0	0.0	8.0	13171.7998047	4976.70019531	0.0	539.5	0.0	0.0	0.0	0.0	-2806124.0	-2806124.0	-2806124.0	-2806124.0	
1.0	2813.00024414	403447.09375	-114.599998474	6690.0	0.0	-21.3999996185	3.29999995232	112.0	66.0	0.0	11.0	13200.7998047	4964.70019531	0.0	591.5	0.0	0.0	0.0	0.0	-3207298.0	-3207298.0	-3207298.0	-3207298.0	
1.0	2813.99951172	403683.09375	-116.599998474	6691.0	0.0	-19.3999996185	3.29999995232	128.0	71.0	0.0	5.0	13180.7998047	5005.70019531	0.0	605.5	0.0	0.0	0.0	0.0	-2824938.0	-2824938.0	-2824938.0	-2824938.0	
1.0	2815.0	403673.09375	-117.599998474	6687.0	0.0	-7.40000009537	2.29999995232	117.0	69.0	0.0	6.0	13117.7998047	5146.70019531	0.0	573.5	0.0	0.0	0.0	0.0	-2746529.0	-2746529.0	-2746529.0	-2746529.0	
1.0	2815.99902344	403597.09375	-114.599998474	6703.0	0.0	-7.40000009537	-1.70000004768	110.0	67.0	0.0	3.0	13199.7998047	5040.70019531	0.0	546.5	0.0	0.0	0.0	0.0	-3187878.0	-3187878.0	-3187878.0	-3187878.0	
1.0	2816.99902344	403459.09375	-114.599998474	6699.0	0.0	-5.40000009537	-3.70000004768	134.0	58.0	0.0	12.0	13103.7998047	5089.70019531	0.0	587.5	0.0	0.0	0.0	0.0	-2917933.0	-2917933.0	-2917933.0	-2917933.0	
1.0	2818.0	403247.09375	-117.599998474	6709.0	0.0	-4.40000009537	1.29999995232	119.0	72.0	0.0	7.0	13339.7998047	5115.70019531	0.0	565.5	0.0	0.0	0.0	0.0	-2678399.0	-2678399.0	-2678399.0	-2678399.0	
1.0	2818.99975586	403145.09375	-116.599998474	6691.0	0.0	-12.3999996185	1.29999995232	109.0	67.0	0.0	13.0	13381.7998047	5072.70019531	0.0	637.5	0.0	0.0	0.0	0.0	-3077771.0	-3077771.0	-3077771.0	-3077771.0	
1.0	2820.00048828	403004.09375	-116.599998474	6686.0	0.0	-11.3999996185	0.300000011921	127.0	85.0	0.0	6.0	13362.7998047	4867.70019531	0.0	568.5	0.0	0.0	0.0	0.0	-3141019.0	-3141019.0	-3141019.0	-3141019.0	
1.0	2820.99975586	402978.09375	-118.599998474	6682.0	0.0	-13.3999996185	2.29999995232	136.0	63.0	0.0	8.0	13324.7998047	5070.70019531	0.0	579.5	0.0	0.0	0.0	0.0	-2677370.0	-2677370.0	-2677370.0	-2677370.0	
1.0	2822.0	402784.09375	-115.599998474	6687.0	0.0	-13.3999996185	4.30000019073	125.0	81.0	0.0	7.0	13115.7998047	5091.70019531	0.0	596.5	0.0	0.0	0.0	0.0	-2840265.0	-2840265.0	-2840265.0	-2840265.0	
1.0	2822.9987793	402520.09375	-116.599998474	6688.0	0.0	-12.3999996185	0.300000011921	133.0	82.0	0.0	5.0	13181.7998047	5143.70019531	0.0	601.5	0.0	0.0	0.0	0.0	-2957084.0	-2957084.0	-2957084.0	-2957084.0	
1.0	2824.0012207	402277.09375	-115.599998474	6697.0	0.0	-17.3999996185	-0.699999988079	142.0	84.0	0.0	4.0	13317.7998047	5034.70019531	0.0	683.5	0.0	0.0	0.0	0.0	-3197422.0	-3197422.0	-3197422.0	-3197422.0	
1.0	2824.99951172	401960.09375	-113.599998474	6694.0	0.0	-11.3999996185	-0.699999988079	116.0	81.0	0.0	9.0	13306.7998047	5143.70019531	0.0	558.5	0.0	0.0	0.0	0.0	-2734233.0	-2734233.0	-2734233.0	-2734233.0	
1.0	2825.99902344	401704.09375	-113.599998474	6687.0	0.0	-14.3999996185	2.29999995232	135.0	97.0	0.0	5.0	13372.7998047	5221.70019531	0.0	584.5	0.0	0.0	0.0	0.0	-3141976.0	-3141976.0	-3141976.0	-3141976.0	
1.0	2826.99951172	401367.09375	-113.599998474	6683.0	0.0	-15.3999996185	1.29999995232	124.0	88.0	0.0	13.0	13085.7998047	5026.70019531	0.0	616.5	0.0	0.0	0.0	0.0	-3203949.0	-3203949.0	-3203949.0	-3203949.0	
1.0	2828.0012207	401556.09375	-114.599998474	6687.0	0.0	-14.3999996185	-2.70000004768	125.0	90.0	0.0	3.0	13132.7998047	5270.70019531	0.0	629.5	0.0	0.0	0.0	0.0	-2996923.0	-2996923.0	-2996923.0	-2996923.0	
1.0	2829.0012207	401217.09375	-115.599998474	6704.0	0.0	-18.3999996185	-18.7000007629	116.0	82.0	0.0	5.0	13079.7998047	5317.70019531	0.0	563.5	0.0	0.0	0.0	0.0	-2565213.0	-2565213.0	-2565213.0	-2565213.0	
1.0	2829.99975586	400970.09375	-114.599998474	6699.0	0.0	-15.3999996185	-13.6999998093	116.0	101.0	0.0	6.0	13383.7998047	5079.70019531	0.0	597.5	0.0	0.0	0.0	0.0	-3062705.0	-3062705.0	-3062705.0	-3062705.0	
1.0	2830.99951172	401083.09375	-110.599998474	6700.0	0.0	-10.3999996185	-18.7000007629	137.0	97.0	0.0	3.0	13358.7998047	5070.70019531	0.0	581.5	0.0	0.0	0.0	0.0	-2599374.0	-2599374.0	-2599374.0	-2599374.0	
1.0	2832.00024414	401108.09375	-112.599998474	6702.0	0.0	-5.40000009537	-2.70000004768	128.0	120.0	0.0	9.0	12923.7998047	5251.70019531	0.0	615.5	0.0	0.0	0.0	0.0	-3208696.0	-3208696.0	-3208696.0	-3208696.0	
1.0	2832.99926758	401328.09375	-115.599998474	6707.0	0.0	-6.40000009537	2.29999995232	140.0	97.0	0.0	5.0	13482.7998047	5205.70019531	0.0	596.5	0.0	0.0	0.0	0.0	-3081282.0	-3081282.0	-3081282.0	-3081282.0	
1.0	2833.99951172	401245.09375	-115.599998474	6704.0	0.0	-6.40000009537	5.30000019073	142.0	114.0	0.0	8.0	13858.7998047	5113.70019531	0.0	617.5	0.0	0.0	0.0	0.0	-2636707.0	-2636707.0	-2636707.0	-2636707.0	
1.0	2835.00073242	401212.09375	-117.599998474	6699.0	0.0	-6.40000009537	3.29999995232	194.0	158.0	0.0	5.0	13523.7998047	5282.70019531	0.0	647.5	0.0	0.0	0.0	0.0	-3207005.0	-3207005.0	-3207005.0	-3207005.0	
1.0	2836.00073242	400970.09375	-113.599998474	6689.0	0.0	-3.40000009537	4.30000019073	214.0	205.0	0.0	5.0	13766.7998047	5338.70019531	0.0	614.5	0.0	0.0	0.0	0.0	-2855648.0	-2855648.0	-2855648.0	-2855648.0	
1.0	2836.40039062	400986.09375	-118.599998474	6699.0	0.0	-4.40000009537	1.29999995232	256.0	236.0	0.0	9.0	13522.7998047	5495.70019531	0.0	622.5	0.0	0.0	0.0	0.0	-2564627.0	-2564627.0	-2564627.0	-2564627.0	
1.0	2836.55053711	400753.09375	-115.599998474	6676.0	0.0	-3.40000009537	3.29999995232	241.0	236.0	0.0	8.0	13859.7998047	5316.70019531	0.0	656.5	0.0	0.0	0.0	0.0	-2781392.0	-2781392.0	-2781392.0	-2781392.0	
1.0	2836.70092773	400529.09375	-121.599998474	6700.0	0.0	-9.39999961853	2.29999995232	295.0	287.0	0.0	7.0	13581.7998047	5434.70019531	0.0	668.5	0.0	0.0	0.0	0.0	-3034332.0	-3034332.0	-3034332.0	-3034332.0	
1.0	2836.85107422	400762.09375	-118.599998474	6685.0	0.0	-14.3999996185	4.30000019073	269.0	332.0	0.0	5.0	13566.7998047	5479.70019531	0.0	581.5	0.0	0.0	0.0	0.0	-3407627.0	-3407627.0	-3407627.0	-3407627.0	
1.0	2836.9987793	400636.09375	-121.599998474	6684.0	0.0	-13.3999996185	3.29999995232	277.0	374.0	0.0	9.0	13278.7998047	5502.70019531	0.0	595.5	0.0	0.0	0.0	0.0	-3602369.0	-3602369.0	-3602369.0	-3602369.0	
1.0	2837.14916992	400621.09375	-117.599998474	6688.0	0.0	-13.3999996185	0.300000011921	323.0	424.0	0.0	6.0	13850.7998047	5650.70019531	0.0	574.5	0.0	0.0	0.0	0.0	-2737265.0	-2737265.0	-2737265.0	-2737265.0	
1.0	2837.29956055	400470.09375	-116.599998474	6695.0	0.0	-17.3999996185	0.300000011921	374.0	463.0	0.0	5.0	13922.7998047	5622.70019531	0.0	574.5	0.0	0.0	0.0	0.0	-3015050.0	-3015050.0	-3015050.0	-3015050.0	
1.0	2837.44995117	400484.09375	-117.599998474	6684.0	0.0	-17.3999996185	0.300000011921	405.0	502.0	0.0	7.0	13744.7998047	5533.70019531	0.0	621.5	0.0	0.0	0.0	0.0	-3532118.0	-3532118.0	-3532118.0	-3532118.0	
1.0	2837.6003418	400440.09375	-119.599998474	6683.0	0.0	-18.3999996185	4.30000019073	453.0	561.0	0.0	4.0	13411.7998047	5750.70019531	0.0	584.5	0.0	0.0	0.0	0.0	-2984358.0	-2984358.0	-2984358.0	-2984358.0	
1.0	2837.75073242	400518.09375	-119.599998474	6703.0	0.0	-18.3999996185	-11.6999998093	452.0	661.0	0.0	8.0	13731.7998047	5827.70019531	0.0	583.5	0.0	0.0	0.0	0.0	-2992466.0	-2992466.0	-2992466.0	-2992466.0	
1.0	2837.90136719	400739.09375	-115.599998474	6693.0	0.0	-17.3999996185	-7.69999980927	448.0	668.0	0.0	9.0	13759.7998047	5616.70019531	0.0	568.5	0.0	0.0	0.0	0.0	-3478752.0	-3478752.0	-3478752.0	-3478752.0	
1.0	2838.04907227	400311.09375	-119.599998474	6696.0	0.0	-19.3999996185	3.29999995232	510.0	685.0	0.0	9.0	13695.7998047	5892.70019531	0.0	654.5	0.0	0.0	0.0	0.0	-3043708.0	-3043708.0	-3043708.0	-3043708.0	
1.0	2838.19970703	400205.09375	-118.599998474	6702.0	0.0	-19.3999996185	4.30000019073	536.0	764.0	0.0	3.0	13729.7998047	6049.70019531	0.0	588.5	0.0	0.0	0.0	0.0	-2641322.0	-2641322.0	-2641322.0	-2641322.0	
1.0	2838.35009766	400118.09375	-125.599998474	6694.0	0.0	-17.3999996185	6.30000019073	512.0	725.0	0.0	5.0	13644.7998047	5871.70019531	0.0	546.5	0.0	0.0	0.0	0.0	-3110523.0	-3110523.0	-3110523.0	-3110523.0	
1.0	2838.50073242	400526.09375	-129.600006104	6692.0	0.0	-17.3999996185	7.30000019073	505.0	680.0	0.0	9.0	14022.7998047	5901.70019531	0.0	595.5	0.0	0.0	0.0	0.0	-2764456.0	-2764456.0	-2764456.0	-2764456.0	
1.0	2838.64868164	400081.09375	-124.599998474	6694.0	0.0	-21.3999996185	6.30000019073	478.0	660.0	0.0	6.0	13466.7998047	5989.70019531	0.0	596.5	0.0	0.0	0.0	0.0	-3266177.0	-3266177.0	-3266177.0	-3266177.0	
1.0	2838.79931641	400080.09375	-126.599998474	6699.0	0.0	-17.3999996185	8.30000019073	488.0	579.0	0.0	7.0	13739.7998047	5676.70019531	0.0	673.5	0.0	0.0	0.0	0.0	-3581119.0	-3581119.0	-3581119.0	-3581119.0	
1.0	2838.94995117	399871.09375	-127.599998474	6686.0	0.0	-17.3999996185	6.30000019073	405.0	656.0	0.0	6.0	13632.7998047	5762.70019531	0.0	596.5	0.0	0.0	0.0	0.0	-3331593.0	-3331593.0	-3331593.0	-3331593.0	
1.0	2839.10058594	400320.09375	-128.600006104	6692.0	0.0	-19.3999996185	-3.70000004768	480.0	586.0	0.0	9.0	13742.7998047	5699.70019531	0.0	574.5	0.0	0.0	0.0	0.0	-3154950.0	-3154950.0	-3154950.0	-3154950.0	
1.0	2839.2487793	399905.09375	-126.599998474	6681.0	0.0	-18.3999996185	3.29999995232	436.0	612.0	0.0	6.0	13414.7998047	5887.70019531	0.0	613.5	0.0	0.0	0.0	0.0	-3350938.0	-3350938.0	-3350938.0	-3350938.0	
1.0	2839.39941406	399771.09375	-123.599998474	6677.0	0.0	-18.3999996185	6.30000019073	526.0	571.0	0.0	4.0	14256.7998047	5789.70019531	0.0	610.5	0.0	0.0	0.0	0.0	-3294962.0	-3294962.0	-3294962.0	-3294962.0	
1.0	2839.55004883	399775.09375	-122.599998474	6680.0	0.0	-18.3999996185	7.30000019073	501.0	653.0	0.0	6.0	13828.7998047	5928.70019531	0.0	560.5	0.0	0.0	0.0	0.0	-2553106.0	-2553106.0	-2553106.0	-2553106.0	
1.0	2839.70092773	399777.09375	-123.599998474	6685.0	0.0	-23.3999996185	5.30000019073	511.0	673.0	0.0	7.0	13784.7998047	5859.70019531	0.0	595.5	0.0	0.0	0.0	0.0	-3022289.0	-3022289.0	-3022289.0	-3022289.0	
1.0	2839.84912109	399735.09375	-125.599998474	6677.0	0.0	-30.3999996185	4.30000019073	535.0	743.0	0.0	3.0	13658.7998047	6015.70019531	0.0	633.5	0.0	0.0	0.0	0.0	-2764505.0	-2764505.0	-2764505.0	-2764505.0	
1.0	2840.0	399852.09375	-123.599998474	6682.0	0.0	-17.3999996185	5.30000019073	593.0	821.0	0.0	8.0	13398.7998047	5998.70019531	0.0	602.5	0.0	0.0	0.0	0.0	-3137228.0	-3137228.0	-3137228.0	-3137228.0	
1.0	2840.15063477	399827.09375	-123.599998474	6677.0	0.0	-18.3999996185	3.29999995232	631.0	881.0	0.0	9.0	13574.7998047	6067.70019531	0.0	585.5	0.0	0.0	0.0	0.0	-3668257.0	-3668257.0	-3668257.0	-3668257.0	
1.0	2840.29907227	399550.09375	-123.599998474	6682.0	0.0	-13.3999996185	3.29999995232	657.0	965.0	0.0	10.0	13430.7998047	6397.70019531	0.0	593.5	0.0	0.0	0.0	0.0	-3104637.0	-3104637.0	-3104637.0	-3104637.0	
1.0	2840.44970703	399654.09375	-145.600006104	6671.0	0.0	-13.3999996185	3.29999995232	739.0	1168.0	0.0	11.0	13887.7998047	6554.70019531	0.0	644.5	0.0	0.0	0.0	0.0	-2726261.0	-2726261.0	-2726261.0	-2726261.0	
1.0	2840.60058594	399687.09375	-142.600006104	6683.0	0.0	-9.39999961853	5.30000019073	901.0	1224.0	0.0	2.0	14082.7998047	6391.70019531	0.0	607.5	0.0	0.0	0.0	0.0	-3244021.0	-3244021.0	-3244021.0	-3244021.0	
1.0	2840.74902344	399707.09375	-121.599998474	6673.0	0.0	-11.3999996185	3.29999995232	887.0	1393.0	0.0	14.0	13728.7998047	6815.70019531	0.0	591.5	0.0	0.0	0.0	0.0	-2600206.0	-2600206.0	-2600206.0	-2600206.0	
1.0	2840.89990234	399633.09375	-123.599998474	6675.0	0.0	-15.3999996185	3.29999995232	947.0	1527.0	0.0	2.0	13976.7998047	6758.70019531	0.0	577.5	0.0	0.0	0.0	0.0	-3036782.0	-3036782.0	-3036782.0	-3036782.0	
1.0	2841.05102539	399401.09375	-120.599998474	6670.0	0.0	-16.3999996185	4.30000019073	1052.0	1584.0	0.0	5.0	13899.7998047	6925.70019531	0.0	632.5	0.0	0.0	0.0	0.0	-3425361.0	-3425361.0	-3425361.0	-3425361.0	
1.0	2841.19921875	399388.09375	-125.599998474	6668.0	0.0	-15.3999996185	2.29999995232	1129.0	1763.0	0.0	6.0	14349.7998047	7148.70019531	0.0	579.5	0.0	0.0	0.0	0.0	-2877555.0	-2877555.0	-2877555.0	-2877555.0	
1.0	2841.3503418	399197.09375	-127.599998474	6670.0	0.0	-14.3999996185	2.29999995232	1211.0	1915.0	0.0	5.0	14094.7998047	7248.70019531	0.0	589.5	0.0	0.0	0.0	0.0	-3106266.0	-3106266.0	-3106266.0	-3106266.0	
1.0	2841.4987793	399354.09375	-125.599998474	6670.0	0.0	-14.3999996185	4.30000019073	1256.0	1936.0	0.0	7.0	14206.7998047	7272.70019531	0.0	571.5	0.0	0.0	0.0	0.0	-3415387.0	-3415387.0	-3415387.0	-3415387.0	
1.0	2841.64990234	399261.09375	-125.599998474	6687.0	0.0	-15.3999996185	5.30000019073	1323.0	2099.0	0.0	7.0	14439.7998047	7516.70019531	0.0	617.5	0.0	0.0	0.0	0.0	-2576724.0	-2576724.0	-2576724.0	-2576724.0	
1.0	2841.80078125	399439.09375	-127.599998474	6664.0	0.0	-13.3999996185	4.30000019073	1258.0	1966.0	0.0	14.0	14117.7998047	7420.70019531	0.0	592.5	0.0	0.0	0.0	0.0	-2901004.0	-2901004.0	-2901004.0	-2901004.0	
1.0	2841.94946289	399143.09375	-124.599998474	6684.0	0.0	-14.3999996185	5.30000019073	1313.0	1879.0	0.0	11.0	14680.7998047	7162.70019531	0.0	629.5	0.0	0.0	0.0	0.0	-3144839.0	-3144839.0	-3144839.0	-3144839.0	
1.0	2842.10058594	399087.09375	-124.599998474	6671.0	0.0	-12.3999996185	3.29999995232	1239.0	1950.0	0.0	7.0	14268.7998047	7368.70019531	0.0	624.5	0.0	0.0	0.0	0.0	-2533043.0	-2533043.0	-2533043.0	-2533043.0	
1.0	2842.24902344	398941.09375	-124.599998474	6678.0	0.0	-14.3999996185	6.30000019073	1179.0	1838.0	0.0	4.0	14330.7998047	7273.70019531	0.0	622.5	0.0	0.0	0.0	0.0	-2856043.0	-2856043.0	-2856043.0	-2856043.0	
1.0	2842.40014648	399082.09375	-125.599998474	6675.0	0.0	-15.3999996185	2.29999995232	1070.0	1691.0	0.0	13.0	13738.7998047	7056.70019531	0.0	625.5	0.0	0.0	0.0	0.0	-3502964.0	-3502964.0	-3502964.0	-3502964.0	
1.0	2842.54882812	398937.09375	-124.599998474	6687.0	0.0	-12.3999996185	1.29999995232	1023.0	1570.0	0.0	8.0	14108.7998047	6867.70019531	0.0	631.5	0.0	0.0	0.0	0.0	-3188662.0	-3188662.0	-3188662.0	-3188662.0	
1.0	2842.69995117	398634.09375	-121.599998474	6674.0	0.0	-15.3999996185	0.300000011921	1047.0	1396.0	0.0	5.0	14083.7998047	6906.70019531	0.0	622.5	0.0	0.0	0.0	0.0	-2848579.0	-2848579.0	-2848579.0	-2848579.0	
1.0	2842.84863281	399211.09375	-125.599998474	6689.0	0.0	-13.3999996185	-0.699999988079	878.0	1382.0	0.0	6.0	13880.7998047	6741.70019531	0.0	582.5	0.0	0.0	0.0	0.0	-3010477.0	-3010477.0	-3010477.0	-3010477.0	
1.0	2843.0	398943.09375	-126.599998474	6672.0	0.0	-14.3999996185	0.300000011921	813.0	1227.0	0.0	4.0	13898.7998047	6539.70019531	0.0	612.5	0.0	0.0	0.0	0.0	-2816721.0	-2816721.0	-2816721.0	-2816721.0	
1.0	2843.15136719	398725.09375	-123.599998474	6677.0	0.0	-12.3999996185	-1.70000004768	734.0	1186.0	0.0	6.0	13618.7998047	6461.70019531	0.0	599.5	0.0	0.0	0.0	0.0	-3220747.0	-3220747.0	-3220747.0	-3220747.0	
1.0	2843.30004883	398880.09375	-122.599998474	6673.0	0.0	-14.3999996185	-18.7000007629	695.0	1067.0	0.0	5.0	13771.7998047	6388.70019531	0.0	648.5	0.0	0.0	0.0	0.0	-3255142.0	-3255142.0	-3255142.0	-3255142.0	
1.0	2843.44873047	400120.09375	-124.599998474	6680.0	0.0	-16.3999996185	-13.6999998093	614.0	1014.0	0.0	8.0	13684.7998047	6402.70019531	0.0	640.5	0.0	0.0	0.0	0.0	-2884025.0	-2884025.0	-2884025.0	-2884025.0	
1.0	2843.60009766	401487.09375	-122.599998474	6673.0	0.0	-13.3999996185	3.29999995232	624.0	920.0	0.0	7.0	14155.7998047	6267.70019531	0.0	631.5	0.0	0.0	0.0	0.0	-3063678.0	-3063678.0	-3063678.0	-3063678.0	
1.0	2843.74902344	402902.09375	-120.599998474	6694.0	0.0	-14.3999996185	4.30000019073	587.0	830.0	0.0	5.0	14138.7998047	6118.70019531	0.0	564.5	0.0	0.0	0.0	0.0	-3372783.0	-3372783.0	-3372783.0	-3372783.0	
1.0	2843.90039062	403979.09375	-120.599998474	6676.0	0.0	-11.3999996185	2.29999995232	535.0	819.0	0.0	7.0	14052.7998047	6141.70019531	0.0	648.5	0.0	0.0	0.0	0.0	-2825224.0	-2825224.0	-2825224.0	-2825224.0	
1.0	2844.04907227	403847.09375	-120.599998474	6690.0	0.0	-14.3999996185	3.29999995232	580.0	686.0	0.0	7.0	14312.7998047	5990.70019531	0.0	620.5	0.0	0.0	0.0	0.0	-3276563.0	-3276563.0	-3276563.0	-3276563.0	
1.0	2844.20068359	403888.09375	-119.599998474	6685.0	0.0	-14.3999996185	1.29999995232	511.0	747.0	0.0	4.0	13826.7998047	5959.70019531	0.0	576.5	0.0	0.0	0.0	0.0	-3762816.0	-3762816.0	-3762816.0	-3762816.0	
1.0	2844.34936523	403690.09375	-120.599998474	6681.0	0.0	-15.3999996185	1.29999995232	517.0	658.0	0.0	6.0	14308.7998047	5916.70019531	0.0	664.5	0.0	0.0	0.0	0.0	-2543218.0	-2543218.0	-2543218.0	-2543218.0	
1.0	2844.50097656	403850.09375	-122.599998474	6683.0	0.0	-12.3999996185	0.300000011921	504.0	653.0	0.0	7.0	14078.7998047	5896.70019531	0.0	658.5	0.0	0.0	0.0	0.0	-3206152.0	-3206152.0	-3206152.0	-3206152.0	
1.0	2844.64990234	403509.09375	-122.599998474	6681.0	0.0	-13.3999996185	2.29999995232	490.0	630.0	0.0	8.0	14263.7998047	5788.70019531	0.0	586.5	0.0	0.0	0.0	0.0	-3852926.0	-3852926.0	-3852926.0	-3852926.0	
1.0	2844.79882812	403874.09375	-118.599998474	6696.0	0.0	-13.3999996185	1.29999995232	415.0	658.0	0.0	6.0	14199.7998047	6059.70019531	0.0	624.5	0.0	0.0	0.0	0.0	-2859925.0	-2859925.0	-2859925.0	-2859925.0	
1.0	2844.95043945	403486.09375	-123.599998474	6690.0	0.0	-16.3999996185	1.29999995232	494.0	592.0	0.0	9.0	13845.7998047	5961.70019531	0.0	624.5	0.0	0.0	0.0	0.0	-3265613.0	-3265613.0	-3265613.0	-3265613.0	
1.0	2845.09936523	403460.09375	-115.599998474	6691.0	0.0	-15.3999996185	0.300000011921	476.0	604.0	0.0	8.0	14045.7998047	5934.70019531	0.0	555.5	0.0	0.0	0.0	0.0	-3661636.0	-3661636.0	-3661636.0	-3661636.0	
1.0	2845.25097656	403599.09375	-118.599998474	6694.0	0.0	-25.3999996185	2.29999995232	442.0	617.0	0.0	2.0	14482.7998047	6053.70019531	0.0	584.5	0.0	0.0	0.0	0.0	-2556071.0	-2556071.0	-2556071.0	-2556071.0	
1.0	2845.40014648	403652.09375	-119.599998474	6697.0	0.0	-20.3999996185	1.29999995232	439.0	645.0	0.0	8.0	13529.7998047	5956.70019531	0.0	674.5	0.0	0.0	0.0	0.0	-2888770.0	-2888770.0	-2888770.0	-2888770.0	
1.0	2845.54907227	403370.09375	-118.599998474	6686.0	0.0	-18.3999996185	1.29999995232	443.0	579.0	0.0	6.0	14146.7998047	5816.70019531	0.0	598.5	0.0	0.0	0.0	0.0	-3455310.0	-3455310.0	-3455310.0	-3455310.0	
1.0	2845.70092773	403489.09375	-125.599998474	6683.0	0.0	-16.3999996185	6.30000019073	443.0	617.0	0.0	7.0	13740.7998047	5886.70019531	0.0	614.5	0.0	0.0	0.0	0.0	-3205849.0	-3205849.0	-3205849.0	-3205849.0	
1.0	2845.85009766	403206.09375	-124.599998474	6691.0	0.0	-20.3999996185	5.30000019073	462.0	610.0	0.0	8.0	14353.7998047	6030.70019531	0.0	615.5	0.0	0.0	0.0	0.0	-2561749.0	-2561749.0	-2561749.0	-2561749.0	
1.0	2845.99902344	403520.09375	-122.599998474	6684.0	0.0	-17.3999996185	1.29999995232	438.0	651.0	0.0	5.0	14252.7998047	5881.70019531	0.0	650.5	0.0	0.0	0.0	0.0	-3498513.0	-3498513.0	-3498513.0	-3498513.0	
1.0	2846.15087891	403144.09375	-126.599998474	6682.0	0.0	-16.3999996185	-1.70000004768	399.0	571.0	0.0	10.0	14016.7998047	5822.70019531	0.0	623.5	0.0	0.0	0.0	0.0	-3152519.0	-3152519.0	-3152519.0	-3152519.0	
1.0	2846.30004883	403303.09375	-124.599998474	6688.0	0.0	-24.3999996185	-2.70000004768	420.0	576.0	0.0	6.0	14151.7998047	5946.70019531	0.0	643.5	0.0	0.0	0.0	0.0	-2909787.0	-2909787.0	-2909787.0	-2909787.0	
1.0	2846.44921875	403176.09375	-122.599998474	6682.0	0.0	-25.3999996185	-1.70000004768	431.0	589.0	0.0	5.0	14095.7998047	5870.70019531	0.0	595.5	0.0	0.0	0.0	0.0	-3426494.0	-3426494.0	-3426494.0	-3426494.0	
1.0	2846.60107422	403109.09375	-124.599998474	6678.0	0.0	-19.3999996185	-1.70000004768	417.0	520.0	0.0	10.0	14091.7998047	5748.70019531	0.0	614.5	0.0	0.0	0.0	0.0	-2689260.0	-2689260.0	-2689260.0	-2689260.0	
1.0	2846.75024414	403079.09375	-120.599998474	6696.0	0.0	-12.3999996185	-0.699999988079	392.0	542.0	0.0	12.0	14315.7998047	5828.70019531	0.0	646.5	0.0	0.0	0.0	0.0	-2552512.0	-2552512.0	-2552512.0	-2552512.0	
1.0	2846.8996582	402952.09375	-121.599998474	6676.0	0.0	-14.3999996185	-1.70000004768	386.0	493.0	0.0	8.0	13962.7998047	5873.70019531	0.0	632.5	0.0	0.0	0.0	0.0	-3006570.0	-3006570.0	-3006570.0	-3006570.0	
1.0	2847.04907227	402924.09375	-125.599998474	6690.0	0.0	-12.3999996185	-0.699999988079	371.0	498.0	0.0	10.0	14187.7998047	5856.70019531	0.0	648.5	0.0	0.0	0.0	0.0	-2604255.0	-2604255.0	-2604255.0	-2604255.0	
1.0	2847.20092773	402858.09375	-127.599998474	6689.0	0.0	-22.3999996185	-0.699999988079	387.0	495.0	0.0	8.0	13685.7998047	5743.70019531	0.0	594.5	0.0	0.0	0.0	0.0	-3880916.0	-3880916.0	-3880916.0	-3880916.0	
1.0	2847.3503418	402996.09375	-122.599998474	6692.0	0.0	-20.3999996185	0.300000011921	286.0	468.0	0.0	10.0	14119.7998047	5867.70019531	0.0	654.5	0.0	0.0	0.0	0.0	-2677638.0	-2677638.0	-2677638.0	-2677638.0	
1.0	2847.49951172	402857.09375	-119.599998474	6676.0	0.0	-10.3999996185	1.29999995232	355.0	434.0	0.0	7.0	14384.7998047	5771.70019531	0.0	617.5	0.0	0.0	0.0	0.0	-3002849.0	-3002849.0	-3002849.0	-3002849.0	
1.0	2847.64892578	402805.09375	-121.599998474	6681.0	0.0	-10.3999996185	-0.699999988079	333.0	419.0	0.0	16.0	14158.7998047	5671.70019531	0.0	615.5	0.0	0.0	0.0	0.0	-3191021.0	-3191021.0	-3191021.0	-3191021.0	
1.0	2847.80102539	402816.09375	-124.599998474	6685.0	0.0	-7.40000009537	-1.70000004768	354.0	430.0	0.0	6.0	13892.7998047	5794.70019531	0.0	643.5	0.0	0.0	0.0	0.0	-2973757.0	-2973757.0	-2973757.0	-2973757.0	
1.0	2847.95043945	402822.09375	-128.600006104	6675.0	0.0	-11.3999996185	-0.699999988079	309.0	438.0	0.0	8.0	14135.7998047	5851.70019531	0.0	668.5	0.0	0.0	0.0	0.0	-2635841.0	-2635841.0	-2635841.0	-2635841.0	
1.0	2848.09985352	402663.09375	-125.599998474	6697.0	0.0	-9.39999961853	-5.69999980927	335.0	366.0	0.0	6.0	13619.7998047	5585.70019531	0.0	633.5	0.0	0.0	0.0	0.0	-3249279.0	-3249279.0	-3249279.0	-3249279.0	
1.0	2848.24951172	402555.09375	-124.599998474	6681.0	0.0	-13.3999996185	-16.7000007629	285.0	381.0	0.0	7.0	13906.7998047	5674.70019531	0.0	582.5	0.0	0.0	0.0	0.0	-2901816.0	-2901816.0	-2901816.0	-2901816.0	
1.0	2848.39892578	402608.09375	-122.599998474	6683.0	0.0	-12.3999996185	-22.7000007629	302.0	413.0	0.0	6.0	14108.7998047	5772.70019531	0.0	598.5	0.0	0.0	0.0	0.0	-2772365.0	-2772365.0	-2772365.0	-2772365.0	
1.0	2848.55102539	402649.09375	-121.599998474	6691.0	0.0	-12.3999996185	-9.69999980927	325.0	378.0	0.0	6.0	14456.7998047	5631.70019531	0.0	639.5	0.0	0.0	0.0	0.0	-3210231.0	-3210231.0	-3210231.0	-3210231.0	
1.0	2848.70068359	402666.09375	-120.599998474	6680.0	0.0	-14.3999996185	-18.7000007629	284.0	373.0	0.0	9.0	14280.7998047	5739.70019531	0.0	609.5	0.0	0.0	0.0	0.0	-2983657.0	-2983657.0	-2983657.0	-2983657.0	
1.0	2848.85009766	402707.09375	-123.599998474	6675.0	0.0	-15.3999996185	-15.6999998093	278.0	370.0	0.0	7.0	13649.7998047	5769.70019531	0.0	626.5	0.0	0.0	0.0	0.0	-2605470.0	-2605470.0	-2605470.0	-2605470.0	
1.0	2848.99975586	402496.09375	-123.599998474	6681.0	0.0	-17.3999996185	-14.6999998093	284.0	361.0	0.0	7.0	13991.7998047	5546.70019531	0.0	605.5	0.0	0.0	0.0	0.0	-3737700.0	-3737700.0	-3737700.0	-3737700.0	
1.0	2849.14941406	402241.09375	-123.599998474	6679.0	0.0	-16.3999996185	-17.7000007629	326.0	352.0	0.0	3.0	14134.7998047	5619.70019531	0.0	602.5	0.0	0.0	0.0	0.0	-2566557.0	-2566557.0	-2566557.0	-2566557.0	
1.0	2849.29907227	402551.09375	-125.599998474	6697.0	0.0	-14.3999996185	-10.6999998093	293.0	379.0	0.0	6.0	14174.7998047	5704.70019531	0.0	623.5	0.0	0.0	0.0	0.0	-2987881.0	-2987881.0	-2987881.0	-2987881.0	
1.0	2849.44873047	402093.09375	-126.599998474	6695.0	0.0	-15.3999996185	-6.69999980927	301.0	387.0	0.0	4.0	14128.7998047	5805.70019531	0.0	641.5	0.0	0.0	0.0	0.0	-3279442.0	-3279442.0	-3279442.0	-3279442.0	
1.0	2849.60107422	402315.09375	-122.599998474	6692.0	0.0	-16.3999996185	1.29999995232	292.0	371.0	0.0	8.0	14399.7998047	5670.70019531	0.0	648.5	0.0	0.0	0.0	0.0	-2941986.0	-2941986.0	-2941986.0	-2941986.0	
1.0	2849.75073242	402344.09375	-131.600006104	6683.0	0.0	-15.3999996185	3.29999995232	302.0	390.0	0.0	6.0	13864.7998047	5664.70019531	0.0	591.5	0.0	0.0	0.0	0.0	-2531117.0	-2531117.0	-2531117.0	-2531117.0	
1.0	2849.90063477	402274.09375	-125.599998474	6679.0	0.0	-12.3999996185	-6.69999980927	306.0	400.0	0.0	5.0	14140.7998047	5742.70019531	0.0	642.5	0.0	0.0	0.0	0.0	-2759628.0	-2759628.0	-2759628.0	-2759628.0	
1.0	2850.0012207	401927.09375	-127.599998474	6686.0	0.0	-5.40000009537	-8.69999980927	284.0	368.0	0.0	8.0	14089.7998047	5728.70019531	0.0	611.5	0.0	0.0	0.0	0.0	-2598675.0	-2598675.0	-2598675.0	-2598675.0	
1.0	2850.60058594	402254.09375	-126.599998474	6687.0	0.0	-5.40000009537	1.29999995232	299.0	410.0	0.0	4.0	13774.7998047	5826.70019531	0.0	637.5	0.0	0.0	0.0	0.0	-3645764.0	-3645764.0	-3645764.0	-3645764.0	
1.0	2851.20019531	401913.09375	-126.599998474	6680.0	0.0	-4.40000009537	1.29999995232	320.0	371.0	0.0	4.0	13622.7998047	5515.70019531	0.0	602.5	0.0	0.0	0.0	0.0	-4095434.0	-4095434.0	-4095434.0	-4095434.0	
1.0	2851.80029297	401991.09375	-128.600006104	6692.0	0.0	-8.39999961853	3.29999995232	319.0	436.0	0.0	4.0	14068.7998047	5643.70019531	0.0	601.5	0.0	0.0	0.0	0.0	-2913261.0	-2913261.0	-2913261.0	-2913261.0	
1.0	2852.40063477	402094.09375	-129.600006104	6680.0	0.0	-16.3999996185	4.30000019073	312.0	401.0	0.0	3.0	14163.7998047	5724.70019531	0.0	619.5	0.0	0.0	0.0	0.0	-2690677.0	-2690677.0	-2690677.0	-2690677.0	
1.0	2852.9987793	402028.09375	-125.599998474	6680.0	0.0	-16.3999996185	5.30000019073	296.0	398.0	0.0	3.0	13987.7998047	5709.70019531	0.0	610.5	0.0	0.0	0.0	0.0	-2676487.0	-2676487.0	-2676487.0	-2676487.0	
1.0	2853.59985352	401585.09375	-126.599998474	6671.0	0.0	-21.3999996185	3.29999995232	341.0	358.0	0.0	4.0	14271.7998047	5731.70019531	0.0	571.5	0.0	0.0	0.0	0.0	-2610066.0	-2610066.0	-2610066.0	-2610066.0	
1.0	2854.19897461	401747.09375	-126.599998474	6686.0	0.0	-11.3999996185	5.30000019073	305.0	376.0	0.0	6.0	14549.7998047	5736.70019531	0.0	667.5	0.0	0.0	0.0	0.0	-2882969.0	-2882969.0	-2882969.0	-2882969.0	
1.0	2854.80078125	401627.09375	-124.599998474	6681.0	0.0	-10.3999996185	2.29999995232	302.0	368.0	0.0	7.0	14247.7998047	5692.70019531	0.0	641.5	0.0	0.0	0.0	0.0	-3034976.0	-3034976.0	-3034976.0	-3034976.0	
1.0	2855.40039062	401650.09375	-120.599998474	6690.0	0.0	-10.3999996185	2.29999995232	294.0	382.0	0.0	8.0	14053.7998047	5715.70019531	0.0	617.5	0.0	0.0	0.0	0.0	-2813486.0	-2813486.0	-2813486.0	-2813486.0	
1.0	2856.00048828	401420.09375	-124.599998474	6677.0	0.0	-12.3999996185	1.29999995232	298.0	326.0	0.0	12.0	14428.7998047	5728.70019531	0.0	631.5	0.0	0.0	0.0	0.0	-3020283.0	-3020283.0	-3020283.0	-3020283.0	
1.0	2856.60083008	401227.09375	-118.599998474	6677.0	0.0	-8.39999961853	4.30000019073	289.0	326.0	0.0	6.0	14139.7998047	5709.70019531	0.0	614.5	0.0	0.0	0.0	0.0	-3259375.0	-3259375.0	-3259375.0	-3259375.0	
1.0	2857.19897461	401041.09375	-139.600006104	6676.0	0.0	-13.3999996185	4.30000019073	308.0	348.0	0.0	12.0	14179.7998047	5751.70019531	0.0	686.5	0.0	0.0	0.0	0.0	-2589641.0	-2589641.0	-2589641.0	-2589641.0	
1.0	2857.80004883	401275.09375	-120.599998474	6688.0	0.0	-0.40000000596	7.30000019073	272.0	364.0	0.0	2.0	14609.7998047	5880.70019531	0.0	598.5	0.0	0.0	0.0	0.0	-3234980.0	-3234980.0	-3234980.0	-3234980.0	
1.0	2858.39892578	401083.09375	-121.599998474	6681.0	0.0	-6.40000009537	2.29999995232	293.0	387.0	0.0	1.0	14283.7998047	5680.70019531	0.0	645.5	0.0	0.0	0.0	0.0	-2834664.0	-2834664.0	-2834664.0	-2834664.0	
1.0	2859.00073242	400894.09375	-124.599998474	6685.0	0.0	-7.40000009537	5.30000019073	310.0	395.0	0.0	9.0	14167.7998047	5923.70019531	0.0	649.5	0.0	0.0	0.0	0.0	-2573280.0	-2573280.0	-2573280.0	-2573280.0	
1.0	2859.6003418	400798.09375	-126.599998474	6684.0	0.0	-9.39999961853	5.30000019073	313.0	363.0	0.0	7.0	13865.7998047	5780.70019531	0.0	615.5	0.0	0.0	0.0	0.0	-3411725.0	-3411725.0	-3411725.0	-3411725.0	
1.0	2860.20043945	400861.09375	-125.599998474	6690.0	0.0	-8.39999961853	4.30000019073	339.0	388.0	0.0	8.0	14581.7998047	5830.70019531	0.0	573.5	0.0	0.0	0.0	0.0	-2597645.0	-2597645.0	-2597645.0	-2597645.0	
1.0	2860.80078125	400716.09375	-127.599998474	6680.0	0.0	-7.40000009537	3.29999995232	322.0	391.0	0.0	10.0	14465.7998047	5684.70019531	0.0	628.5	0.0	0.0	0.0	0.0	-2997945.0	-2997945.0	-2997945.0	-2997945.0	
1.0	2861.39892578	400709.09375	-128.600006104	6688.0	0.0	-5.40000009537	8.30000019073	312.0	374.0	0.0	3.0	14380.7998047	5698.70019531	0.0	625.5	0.0	0.0	0.0	0.0	-3229876.0	-3229876.0	-3229876.0	-3229876.0	
1.0	2862.0	400524.09375	-127.599998474	6683.0	0.0	-8.39999961853	3.29999995232	319.0	431.0	0.0	8.0	14370.7998047	5865.70019531	0.0	643.5	0.0	0.0	0.0	0.0	-2886888.0	-2886888.0	-2886888.0	-2886888.0	
1.0	2862.59887695	400289.09375	-125.599998474	6687.0	0.0	-3.40000009537	3.29999995232	292.0	385.0	0.0	5.0	13996.7998047	5706.70019531	0.0	627.5	0.0	0.0	0.0	0.0	-3248485.0	-3248485.0	-3248485.0	-3248485.0	
1.0	2863.20068359	400252.09375	-125.599998474	6684.0	0.0	-6.40000009537	4.30000019073	307.0	393.0	0.0	3.0	14390.7998047	5754.70019531	0.0	633.5	0.0	0.0	0.0	0.0	-2929673.0	-2929673.0	-2929673.0	-2929673.0	
1.0	2863.80029297	400284.09375	-125.599998474	6674.0	0.0	-8.39999961853	2.29999995232	315.0	398.0	0.0	4.0	14217.7998047	5804.70019531	0.0	619.5	0.0	0.0	0.0	0.0	-3217869.0	-3217869.0	-3217869.0	-3217869.0	
1.0	2864.40014648	400202.09375	-126.599998474	6685.0	0.0	-8.39999961853	1.29999995232	288.0	423.0	0.0	15.0	14506.7998047	5902.70019531	0.0	631.5	0.0	0.0	0.0	0.0	-2785608.0	-2785608.0	-2785608.0	-2785608.0	
1.0	2865.00048828	400371.09375	-125.599998474	6682.0	0.0	-8.39999961853	2.29999995232	313.0	394.0	0.0	4.0	14368.7998047	5636.70019531	0.0	609.5	0.0	0.0	0.0	0.0	-3024368.0	-3024368.0	-3024368.0	-3024368.0	
1.0	2865.60107422	400116.09375	-123.599998474	6679.0	0.0	-9.39999961853	0.300000011921	285.0	371.0	0.0	10.0	13849.7998047	5841.70019531	0.0	612.5	0.0	0.0	0.0	0.0	-3103182.0	-3103182.0	-3103182.0	-3103182.0	
1.0	2866.19946289	400140.09375	-126.599998474	6699.0	0.0	-9.39999961853	-0.699999988079	312.0	373.0	0.0	5.0	14171.7998047	5894.70019531	0.0	623.5	0.0	0.0	0.0	0.0	-2976227.0	-2976227.0	-2976227.0	-2976227.0	
1.0	2866.80078125	399820.09375	-125.599998474	6674.0	0.0	-7.40000009537	-2.70000004768	305.0	380.0	0.0	3.0	14494.7998047	5678.70019531	0.0	670.5	0.0	0.0	0.0	0.0	-2580109.0	-2580109.0	-2580109.0	-2580109.0	
1.0	2867.40014648	399982.09375	-125.599998474	6688.0	0.0	-3.40000009537	0.300000011921	303.0	368.0	0.0	11.0	14519.7998047	5797.70019531	0.0	613.5	0.0	0.0	0.0	0.0	-2566927.0	-2566927.0	-2566927.0	-2566927.0	
1.0	2867.99951172	399881.09375	-128.600006104	6689.0	0.0	-3.40000009537	0.300000011921	267.0	391.0	0.0	6.0	14444.7998047	5788.70019531	0.0	616.5	0.0	0.0	0.0	0.0	-2999881.0	-2999881.0	-2999881.0	-2999881.0	
1.0	2868.59936523	399519.09375	-123.599998474	6687.0	0.0	-3.40000009537	1.29999995232	327.0	392.0	0.0	6.0	14565.7998047	5780.70019531	0.0	673.5	0.0	0.0	0.0	0.0	-3021205.0	-3021205.0	-3021205.0	-3021205.0	
1.0	2869.19970703	399805.09375	-124.599998474	6692.0	0.0	-5.40000009537	3.29999995232	294.0	369.0	0.0	14.0	14226.7998047	5974.70019531	0.0	627.5	0.0	0.0	0.0	0.0	-2674741.0	-2674741.0	-2674741.0	-2674741.0	
1.0	2869.80029297	399638.09375	-127.599998474	6693.0	0.0	-5.40000009537	1.29999995232	293.0	394.0	0.0	7.0	14421.7998047	5921.70019531	0.0	688.5	0.0	0.0	0.0	0.0	-3043403.0	-3043403.0	-3043403.0	-3043403.0	
1.0	2870.00048828	399518.09375	-124.599998474	6694.0	0.0	-6.40000009537	0.300000011921	296.0	371.0	0.0	3.0	14406.7998047	5828.70019531	0.0	652.5	0.0	0.0	0.0	0.0	-2785125.0	-2785125.0	-2785125.0	-2785125.0	
1.0	2871.5012207	399409.09375	-124.599998474	6687.0	0.0	-8.39999961853	1.29999995232	333.0	424.0	0.0	5.0	14376.7998047	5694.70019531	0.0	659.5	0.0	0.0	0.0	0.0	-3705791.0	-3705791.0	-3705791.0	-3705791.0	
1.0	2872.99902344	399317.09375	-122.599998474	6689.0	0.0	-7.40000009537	-0.699999988079	307.0	376.0	0.0	4.0	14428.7998047	5941.70019531	0.0	621.5	0.0	0.0	0.0	0.0	-2621312.0	-2621312.0	-2621312.0	-2621312.0	
1.0	2874.49902344	399206.09375	-117.599998474	6692.0	0.0	-8.39999961853	0.300000011921	334.0	419.0	0.0	5.0	14575.7998047	5959.70019531	0.0	614.5	0.0	0.0	0.0	0.0	-2506892.0	-2506892.0	-2506892.0	-2506892.0	
1.0	2876.0012207	398826.09375	-117.599998474	6690.0	0.0	-20.3999996185	-14.6999998093	346.0	383.0	0.0	5.0	13990.7998047	5856.70019531	0.0	570.5	0.0	0.0	0.0	0.0	-3798596.0	-3798596.0	-3798596.0	-3798596.0	
1.0	2877.50048828	398697.09375	-118.599998474	6681.0	0.0	-23.3999996185	-18.7000007629	336.0	492.0	0.0	2.0	14703.7998047	5883.70019531	0.0	627.5	0.0	0.0	0.0	0.0	-2585268.0	-2585268.0	-2585268.0	-2585268.0	
1.0	2878.99951172	398691.09375	-122.599998474	6676.0	0.0	-14.3999996185	-16.7000007629	363.0	433.0	0.0	11.0	14510.7998047	5881.70019531	0.0	626.5	0.0	0.0	0.0	0.0	-3318181.0	-3318181.0	-3318181.0	-3318181.0	
1.0	2880.50048828	398519.09375	-121.599998474	6687.0	0.0	-9.39999961853	-15.6999998093	348.0	444.0	0.0	9.0	14233.7998047	5943.70019531	0.0	619.5	0.0	0.0	0.0	0.0	-3713696.0	-3713696.0	-3713696.0	-3713696.0	
1.0	2882.0012207	398297.09375	-117.599998474	6669.0	0.0	-21.3999996185	-16.7000007629	366.0	483.0	0.0	8.0	14836.7998047	6085.70019531	0.0	647.5	0.0	0.0	0.0	0.0	-2758419.0	-2758419.0	-2758419.0	-2758419.0	
1.0	2883.4987793	398213.09375	-116.599998474	6681.0	0.0	5.59999990463	-14.6999998093	372.0	460.0	0.0	4.0	14589.7998047	5887.70019531	0.0	629.5	0.0	0.0	0.0	0.0	-2571112.0	-2571112.0	-2571112.0	-2571112.0	
1.0	2884.9987793	397918.09375	-115.599998474	6698.0	0.0	9.60000038147	-17.7000007629	353.0	487.0	0.0	1.0	14222.7998047	5990.70019531	0.0	640.5	0.0	0.0	0.0	0.0	-3703054.0	-3703054.0	-3703054.0	-3703054.0	
1.0	2886.50097656	397981.09375	-119.599998474	6688.0	0.0	-16.3999996185	-15.6999998093	322.0	404.0	0.0	7.0	14404.7998047	6020.70019531	0.0	689.5	0.0	0.0	0.0	0.0	-2919521.0	-2919521.0	-2919521.0	-2919521.0	
1.0	2886.99951172	397776.09375	-120.599998474	6693.0	0.0	-23.3999996185	-16.7000007629	342.0	446.0	0.0	6.0	14792.7998047	5979.70019531	0.0	639.5	0.0	0.0	0.0	0.0	-2746043.0	-2746043.0	-2746043.0	-2746043.0	
1.0	2890.0012207	397395.09375	-121.599998474	6685.0	0.0	-24.3999996185	-15.6999998093	372.0	460.0	0.0	6.0	14636.7998047	5917.70019531	0.0	660.5	0.0	0.0	0.0	0.0	-3153227.0	-3153227.0	-3153227.0	-3153227.0	
1.0	2893.0012207	397132.09375	-121.599998474	6695.0	0.0	-25.3999996185	-17.7000007629	342.0	427.0	0.0	8.0	14509.7998047	5965.70019531	0.0	687.5	0.0	0.0	0.0	0.0	-2695878.0	-2695878.0	-2695878.0	-2695878.0	
1.0	2895.99926758	396723.09375	-116.599998474	6704.0	0.0	-23.3999996185	-17.7000007629	306.0	450.0	0.0	4.0	15038.7998047	6010.70019531	0.0	653.5	0.0	0.0	0.0	0.0	-2639837.0	-2639837.0	-2639837.0	-2639837.0	
1.0	2899.00097656	396513.09375	-118.599998474	6695.0	0.0	-21.3999996185	-17.7000007629	287.0	404.0	0.0	2.0	14513.7998047	6053.70019531	0.0	647.5	0.0	0.0	0.0	0.0	-3320269.0	-3320269.0	-3320269.0	-3320269.0	
1.0	2902.00073242	396032.09375	-117.599998474	6695.0	0.0	-23.3999996185	-16.7000007629	321.0	396.0	0.0	4.0	14982.7998047	6112.70019531	0.0	650.5	0.0	0.0	0.0	0.0	-2870393.0	-2870393.0	-2870393.0	-2870393.0	
1.0	2905.0012207	395959.09375	-117.599998474	6700.0	0.0	-19.3999996185	-14.6999998093	274.0	388.0	0.0	3.0	14477.7998047	5964.70019531	0.0	645.5	0.0	0.0	0.0	0.0	-3276758.0	-3276758.0	-3276758.0	-3276758.0	
