SSRL   MicroEXAFS Data Collector 2.0 
Wed Jul 03 14:00:28 2019
PTS:	171	COLS:	24
alexbox-4ch-xspress.det
RuL3_edge_cell.rgn
SSRL BEAMLINE
COMMENTS





S1VGAP: 0.800000	S1HGAP: 1.000000	TABLEHORZ: 7.000000	SAMPLEV: 41.503226	CALVERT: 4.100521	BPVRT: 46.657988	M1VERT: 6.971044	SAMPLEHOLD: 25.998010	S1HTRAN: 4.775000	

Weights:
 1.000	1.000	1.000	1.000	1.000	1.000	1.000	1.000	1.000	1.000	1.000	1.000	1.000	1.000	1.000	1.000	1.000	1.000	1.000	1.000	1.000	1.000	
Offsets:
 480.9	1036.6	3120.0	0.0	112.4	585.7	0.0	0.0	0.0	0.0	0.2	1.3	0.0	1.5	0.0	0.0	0.0	0.0	79708896.9	79708896.9	79708896.9	79708896.9	
Data:
Real Time Clock
Requested Energy
I0   
I1   
I2   
I3   
MPFB1   
MPFB2   
FF1   
FF2   
FF3   
FF4   
ICR1   
ICR2   
ICR3   
ICR4   
SCA2.1   
SCA2.2   
SCA2.3   
SCA2.4   
TIME1   
TIME2   
TIME3   
TIME4   

1.0	2810.00097656	402509.09375	-123.599998474	6654.0	0.0	5.59999990463	2.29999995232	124.0	52.0	0.0	8.0	12873.7998047	5001.70019531	0.0	573.5	0.0	0.0	0.0	0.0	-2896811.0	-2896811.0	-2896811.0	-2896811.0	
1.0	2810.99975586	402684.09375	-121.599998474	6669.0	0.0	7.59999990463	3.29999995232	127.0	61.0	0.0	11.0	13204.7998047	5067.70019531	0.0	626.5	0.0	0.0	0.0	0.0	-2991709.0	-2991709.0	-2991709.0	-2991709.0	
1.0	2811.99951172	402600.09375	-125.599998474	6670.0	0.0	5.59999990463	5.30000019073	122.0	59.0	0.0	4.0	13401.7998047	5001.70019531	0.0	557.5	0.0	0.0	0.0	0.0	-3263672.0	-3263672.0	-3263672.0	-3263672.0	
1.0	2813.00024414	402260.09375	-120.599998474	6671.0	0.0	6.59999990463	0.300000011921	109.0	69.0	0.0	16.0	13309.7998047	5169.70019531	0.0	631.5	0.0	0.0	0.0	0.0	-3217970.0	-3217970.0	-3217970.0	-3217970.0	
1.0	2813.99951172	402380.09375	-121.599998474	6659.0	0.0	6.59999990463	2.29999995232	108.0	56.0	0.0	7.0	12995.7998047	5126.70019531	0.0	597.5	0.0	0.0	0.0	0.0	-3220838.0	-3220838.0	-3220838.0	-3220838.0	
1.0	2815.0	401870.09375	-124.599998474	6665.0	0.0	2.59999990463	3.29999995232	120.0	72.0	0.0	7.0	13288.7998047	5210.70019531	0.0	646.5	0.0	0.0	0.0	0.0	-2950198.0	-2950198.0	-2950198.0	-2950198.0	
1.0	2815.99902344	401771.09375	-120.599998474	6668.0	0.0	6.59999990463	3.29999995232	127.0	58.0	0.0	8.0	13197.7998047	5155.70019531	0.0	614.5	0.0	0.0	0.0	0.0	-2662269.0	-2662269.0	-2662269.0	-2662269.0	
1.0	2816.99902344	401880.09375	-121.599998474	6661.0	0.0	5.59999990463	3.29999995232	115.0	64.0	0.0	7.0	13187.7998047	5077.70019531	0.0	575.5	0.0	0.0	0.0	0.0	-3078887.0	-3078887.0	-3078887.0	-3078887.0	
1.0	2818.0	401633.09375	-124.599998474	6647.0	0.0	12.6000003815	-0.699999988079	119.0	69.0	0.0	7.0	13551.7998047	5078.70019531	0.0	557.5	0.0	0.0	0.0	0.0	-2942622.0	-2942622.0	-2942622.0	-2942622.0	
1.0	2818.99975586	402013.09375	-121.599998474	6670.0	0.0	11.6000003815	-1.70000004768	112.0	61.0	0.0	4.0	13284.7998047	5042.70019531	0.0	555.5	0.0	0.0	0.0	0.0	-3648372.0	-3648372.0	-3648372.0	-3648372.0	
1.0	2820.00048828	402753.09375	-119.599998474	6657.0	0.0	12.6000003815	-1.70000004768	124.0	81.0	0.0	9.0	13723.7998047	5044.70019531	0.0	608.5	0.0	0.0	0.0	0.0	-2926827.0	-2926827.0	-2926827.0	-2926827.0	
1.0	2820.99975586	404141.09375	-122.599998474	6668.0	0.0	10.6000003815	-4.69999980927	116.0	70.0	0.0	5.0	13386.7998047	5241.70019531	0.0	631.5	0.0	0.0	0.0	0.0	-2937974.0	-2937974.0	-2937974.0	-2937974.0	
1.0	2822.0	405386.09375	-121.599998474	6654.0	0.0	11.6000003815	-0.699999988079	91.0	70.0	0.0	7.0	13839.7998047	5267.70019531	0.0	590.5	0.0	0.0	0.0	0.0	-2507148.0	-2507148.0	-2507148.0	-2507148.0	
1.0	2822.9987793	406128.09375	-121.599998474	6692.0	0.0	14.6000003815	-2.70000004768	103.0	78.0	0.0	7.0	13800.7998047	5154.70019531	0.0	661.5	0.0	0.0	0.0	0.0	-2833893.0	-2833893.0	-2833893.0	-2833893.0	
1.0	2824.0012207	405874.09375	-120.599998474	6651.0	0.0	-4.40000009537	-1.70000004768	124.0	106.0	0.0	10.0	13467.7998047	5225.70019531	0.0	591.5	0.0	0.0	0.0	0.0	-2594305.0	-2594305.0	-2594305.0	-2594305.0	
1.0	2824.99951172	405346.09375	-123.599998474	6671.0	0.0	-6.40000009537	-3.70000004768	107.0	90.0	0.0	11.0	13501.7998047	5153.70019531	0.0	620.5	0.0	0.0	0.0	0.0	-2672516.0	-2672516.0	-2672516.0	-2672516.0	
1.0	2825.99902344	405227.09375	-122.599998474	6680.0	0.0	-6.40000009537	-2.70000004768	128.0	100.0	0.0	6.0	13728.7998047	5188.70019531	0.0	608.5	0.0	0.0	0.0	0.0	-3057507.0	-3057507.0	-3057507.0	-3057507.0	
1.0	2826.99951172	405263.09375	-119.599998474	6675.0	0.0	-0.40000000596	-3.70000004768	144.0	72.0	0.0	8.0	13388.7998047	5148.70019531	0.0	627.5	0.0	0.0	0.0	0.0	-2948212.0	-2948212.0	-2948212.0	-2948212.0	
1.0	2828.0012207	405020.09375	-120.599998474	6671.0	0.0	1.60000002384	-4.69999980927	112.0	84.0	0.0	4.0	13525.7998047	5329.70019531	0.0	631.5	0.0	0.0	0.0	0.0	-2821814.0	-2821814.0	-2821814.0	-2821814.0	
1.0	2829.0012207	405063.09375	-121.599998474	6663.0	0.0	1.60000002384	-0.699999988079	127.0	92.0	0.0	11.0	13759.7998047	5266.70019531	0.0	606.5	0.0	0.0	0.0	0.0	-3237961.0	-3237961.0	-3237961.0	-3237961.0	
1.0	2829.99975586	404922.09375	-118.599998474	6663.0	0.0	3.59999990463	-3.70000004768	135.0	87.0	0.0	7.0	13944.7998047	5352.70019531	0.0	625.5	0.0	0.0	0.0	0.0	-2562082.0	-2562082.0	-2562082.0	-2562082.0	
1.0	2830.99951172	404900.09375	-120.599998474	6677.0	0.0	2.59999990463	-13.6999998093	138.0	100.0	0.0	9.0	13854.7998047	5274.70019531	0.0	621.5	0.0	0.0	0.0	0.0	-3099481.0	-3099481.0	-3099481.0	-3099481.0	
1.0	2832.00024414	404771.09375	-118.599998474	6672.0	0.0	4.59999990463	-7.69999980927	122.0	103.0	0.0	9.0	13562.7998047	5322.70019531	0.0	659.5	0.0	0.0	0.0	0.0	-2926146.0	-2926146.0	-2926146.0	-2926146.0	
1.0	2832.99926758	404580.09375	-131.600006104	6674.0	0.0	5.59999990463	-3.70000004768	141.0	95.0	0.0	6.0	13812.7998047	5387.70019531	0.0	600.5	0.0	0.0	0.0	0.0	-3401494.0	-3401494.0	-3401494.0	-3401494.0	
1.0	2833.99951172	404462.09375	-119.599998474	6670.0	0.0	5.59999990463	-3.70000004768	183.0	155.0	0.0	8.0	14026.7998047	5406.70019531	0.0	572.5	0.0	0.0	0.0	0.0	-2765920.0	-2765920.0	-2765920.0	-2765920.0	
1.0	2835.00073242	404562.09375	-119.599998474	6669.0	0.0	2.59999990463	-7.69999980927	180.0	137.0	0.0	13.0	13789.7998047	5353.70019531	0.0	544.5	0.0	0.0	0.0	0.0	-2768535.0	-2768535.0	-2768535.0	-2768535.0	
1.0	2836.00073242	404440.09375	-122.599998474	6666.0	0.0	3.59999990463	-4.69999980927	213.0	236.0	0.0	6.0	14103.7998047	5496.70019531	0.0	646.5	0.0	0.0	0.0	0.0	-2658739.0	-2658739.0	-2658739.0	-2658739.0	
1.0	2836.40039062	404418.09375	-128.600006104	6673.0	0.0	2.59999990463	-4.69999980927	252.0	240.0	0.0	13.0	14174.7998047	5450.70019531	0.0	616.5	0.0	0.0	0.0	0.0	-2985190.0	-2985190.0	-2985190.0	-2985190.0	
1.0	2836.55053711	404394.09375	-128.600006104	6681.0	0.0	6.59999990463	-2.70000004768	233.0	271.0	0.0	7.0	13852.7998047	5569.70019531	0.0	633.5	0.0	0.0	0.0	0.0	-3281795.0	-3281795.0	-3281795.0	-3281795.0	
1.0	2836.70092773	404275.09375	-130.600006104	6675.0	0.0	5.59999990463	-10.6999998093	276.0	284.0	0.0	11.0	13725.7998047	5653.70019531	0.0	645.5	0.0	0.0	0.0	0.0	-2854968.0	-2854968.0	-2854968.0	-2854968.0	
1.0	2836.85107422	404294.09375	-127.599998474	6664.0	0.0	2.59999990463	-19.7000007629	289.0	345.0	0.0	6.0	13862.7998047	5665.70019531	0.0	604.5	0.0	0.0	0.0	0.0	-3191281.0	-3191281.0	-3191281.0	-3191281.0	
1.0	2836.9987793	404299.09375	-129.600006104	6662.0	0.0	-1.39999997616	-10.6999998093	295.0	395.0	0.0	4.0	14131.7998047	5770.70019531	0.0	599.5	0.0	0.0	0.0	0.0	-3113322.0	-3113322.0	-3113322.0	-3113322.0	
1.0	2837.14916992	404181.09375	-128.600006104	6667.0	0.0	-10.3999996185	-4.69999980927	341.0	387.0	0.0	4.0	13983.7998047	5797.70019531	0.0	643.5	0.0	0.0	0.0	0.0	-2469102.0	-2469102.0	-2469102.0	-2469102.0	
1.0	2837.29956055	404128.09375	-127.599998474	6676.0	0.0	-12.3999996185	-11.6999998093	404.0	473.0	0.0	8.0	14216.7998047	5804.70019531	0.0	619.5	0.0	0.0	0.0	0.0	-3228768.0	-3228768.0	-3228768.0	-3228768.0	
1.0	2837.44995117	404071.09375	-127.599998474	6674.0	0.0	-12.3999996185	-11.6999998093	392.0	469.0	0.0	6.0	14217.7998047	5733.70019531	0.0	602.5	0.0	0.0	0.0	0.0	-3205034.0	-3205034.0	-3205034.0	-3205034.0	
1.0	2837.6003418	404141.09375	-130.600006104	6664.0	0.0	-11.3999996185	-7.69999980927	415.0	593.0	0.0	11.0	14158.7998047	5882.70019531	0.0	652.5	0.0	0.0	0.0	0.0	-3689915.0	-3689915.0	-3689915.0	-3689915.0	
1.0	2837.75073242	404153.09375	-130.600006104	6681.0	0.0	-13.3999996185	-0.699999988079	493.0	623.0	0.0	9.0	14133.7998047	5937.70019531	0.0	625.5	0.0	0.0	0.0	0.0	-3074472.0	-3074472.0	-3074472.0	-3074472.0	
1.0	2837.90136719	403878.09375	-130.600006104	6672.0	0.0	-11.3999996185	-6.69999980927	501.0	616.0	0.0	7.0	14174.7998047	5895.70019531	0.0	609.5	0.0	0.0	0.0	0.0	-2712777.0	-2712777.0	-2712777.0	-2712777.0	
1.0	2838.04907227	403771.09375	-126.599998474	6670.0	0.0	-13.3999996185	-4.69999980927	543.0	713.0	0.0	5.0	14342.7998047	5978.70019531	0.0	626.5	0.0	0.0	0.0	0.0	-3158383.0	-3158383.0	-3158383.0	-3158383.0	
1.0	2838.19970703	403977.09375	-124.599998474	6673.0	0.0	-14.3999996185	-7.69999980927	537.0	743.0	0.0	7.0	13959.7998047	6141.70019531	0.0	637.5	0.0	0.0	0.0	0.0	-2683386.0	-2683386.0	-2683386.0	-2683386.0	
1.0	2838.35009766	403903.09375	-125.599998474	6651.0	0.0	-15.3999996185	-14.6999998093	554.0	736.0	0.0	6.0	14705.7998047	5922.70019531	0.0	604.5	0.0	0.0	0.0	0.0	-2683061.0	-2683061.0	-2683061.0	-2683061.0	
1.0	2838.50073242	403999.09375	-128.600006104	6670.0	0.0	-14.3999996185	-15.6999998093	494.0	750.0	0.0	15.0	13770.7998047	6057.70019531	0.0	625.5	0.0	0.0	0.0	0.0	-3371378.0	-3371378.0	-3371378.0	-3371378.0	
1.0	2838.64868164	403676.09375	-130.600006104	6662.0	0.0	-15.3999996185	-4.69999980927	497.0	694.0	0.0	5.0	14026.7998047	6161.70019531	0.0	628.5	0.0	0.0	0.0	0.0	-2805986.0	-2805986.0	-2805986.0	-2805986.0	
1.0	2838.79931641	403724.09375	-127.599998474	6676.0	0.0	-15.3999996185	-2.70000004768	527.0	661.0	0.0	5.0	14539.7998047	6114.70019531	0.0	630.5	0.0	0.0	0.0	0.0	-2588340.0	-2588340.0	-2588340.0	-2588340.0	
1.0	2838.94995117	403451.09375	-126.599998474	6667.0	0.0	-16.3999996185	-0.699999988079	484.0	643.0	0.0	6.0	14250.7998047	5923.70019531	0.0	631.5	0.0	0.0	0.0	0.0	-3162852.0	-3162852.0	-3162852.0	-3162852.0	
1.0	2839.10058594	403699.09375	-125.599998474	6675.0	0.0	-13.3999996185	-2.70000004768	530.0	562.0	0.0	4.0	14439.7998047	5971.70019531	0.0	581.5	0.0	0.0	0.0	0.0	-2832212.0	-2832212.0	-2832212.0	-2832212.0	
1.0	2839.2487793	403974.09375	-125.599998474	6674.0	0.0	-15.3999996185	0.300000011921	462.0	655.0	0.0	4.0	14233.7998047	5964.70019531	0.0	605.5	0.0	0.0	0.0	0.0	-3091341.0	-3091341.0	-3091341.0	-3091341.0	
1.0	2839.39941406	403513.09375	-126.599998474	6675.0	0.0	-16.3999996185	-2.70000004768	505.0	619.0	0.0	3.0	14137.7998047	5981.70019531	0.0	599.5	0.0	0.0	0.0	0.0	-2817197.0	-2817197.0	-2817197.0	-2817197.0	
1.0	2839.55004883	403574.09375	-126.599998474	6680.0	0.0	-15.3999996185	-3.70000004768	495.0	617.0	0.0	7.0	13758.7998047	5951.70019531	0.0	603.5	0.0	0.0	0.0	0.0	-2614278.0	-2614278.0	-2614278.0	-2614278.0	
1.0	2839.70092773	403640.09375	-126.599998474	6678.0	0.0	-13.3999996185	-17.7000007629	497.0	678.0	0.0	3.0	13861.7998047	5812.70019531	0.0	683.5	0.0	0.0	0.0	0.0	-3245670.0	-3245670.0	-3245670.0	-3245670.0	
1.0	2839.84912109	403364.09375	-122.599998474	6665.0	0.0	-13.3999996185	-26.7000007629	505.0	748.0	0.0	8.0	13815.7998047	6221.70019531	0.0	591.5	0.0	0.0	0.0	0.0	-2955076.0	-2955076.0	-2955076.0	-2955076.0	
1.0	2840.0	403284.09375	-123.599998474	6663.0	0.0	-15.3999996185	-24.7000007629	560.0	820.0	0.0	9.0	14173.7998047	6209.70019531	0.0	657.5	0.0	0.0	0.0	0.0	-2641800.0	-2641800.0	-2641800.0	-2641800.0	
1.0	2840.15063477	403378.09375	-125.599998474	6667.0	0.0	-15.3999996185	-13.6999998093	678.0	875.0	0.0	3.0	14096.7998047	6268.70019531	0.0	604.5	0.0	0.0	0.0	0.0	-2990336.0	-2990336.0	-2990336.0	-2990336.0	
1.0	2840.29907227	403138.09375	-121.599998474	6692.0	0.0	-16.3999996185	-14.6999998093	722.0	1047.0	0.0	5.0	14772.7998047	6335.70019531	0.0	643.5	0.0	0.0	0.0	0.0	-3316113.0	-3316113.0	-3316113.0	-3316113.0	
1.0	2840.44970703	403221.09375	-127.599998474	6683.0	0.0	-13.3999996185	-26.7000007629	786.0	1102.0	0.0	6.0	14494.7998047	6477.70019531	0.0	589.5	0.0	0.0	0.0	0.0	-2824483.0	-2824483.0	-2824483.0	-2824483.0	
1.0	2840.60058594	403232.09375	-127.599998474	6670.0	0.0	-14.3999996185	-26.7000007629	846.0	1221.0	0.0	8.0	14278.7998047	6719.70019531	0.0	660.5	0.0	0.0	0.0	0.0	-2851772.0	-2851772.0	-2851772.0	-2851772.0	
1.0	2840.74902344	403282.09375	-127.599998474	6669.0	0.0	-14.3999996185	-20.7000007629	948.0	1419.0	0.0	5.0	14615.7998047	6939.70019531	0.0	590.5	0.0	0.0	0.0	0.0	-3208312.0	-3208312.0	-3208312.0	-3208312.0	
1.0	2840.89990234	403110.09375	-125.599998474	6678.0	0.0	-15.3999996185	-14.6999998093	1043.0	1525.0	0.0	12.0	14362.7998047	7172.70019531	0.0	598.5	0.0	0.0	0.0	0.0	-2814622.0	-2814622.0	-2814622.0	-2814622.0	
1.0	2841.05102539	403026.09375	-125.599998474	6676.0	0.0	-14.3999996185	-9.69999980927	1159.0	1699.0	0.0	9.0	14339.7998047	7258.70019531	0.0	659.5	0.0	0.0	0.0	0.0	-2523536.0	-2523536.0	-2523536.0	-2523536.0	
1.0	2841.19921875	402899.09375	-123.599998474	6667.0	0.0	2.59999990463	-3.70000004768	1165.0	1934.0	0.0	5.0	14797.7998047	7484.70019531	0.0	630.5	0.0	0.0	0.0	0.0	-2992868.0	-2992868.0	-2992868.0	-2992868.0	
1.0	2841.3503418	403066.09375	-128.600006104	6669.0	0.0	2.59999990463	-4.69999980927	1245.0	2016.0	0.0	4.0	14658.7998047	7546.70019531	0.0	615.5	0.0	0.0	0.0	0.0	-2533738.0	-2533738.0	-2533738.0	-2533738.0	
1.0	2841.4987793	402794.09375	-128.600006104	6680.0	0.0	1.60000002384	-6.69999980927	1261.0	2050.0	0.0	9.0	14261.7998047	7661.70019531	0.0	616.5	0.0	0.0	0.0	0.0	-3233007.0	-3233007.0	-3233007.0	-3233007.0	
1.0	2841.64990234	402985.09375	-122.599998474	6671.0	0.0	2.59999990463	-5.69999980927	1295.0	1959.0	0.0	7.0	14503.7998047	7613.70019531	0.0	622.5	0.0	0.0	0.0	0.0	-2942277.0	-2942277.0	-2942277.0	-2942277.0	
1.0	2841.80078125	402883.09375	-127.599998474	6674.0	0.0	1.60000002384	-4.69999980927	1350.0	2076.0	0.0	9.0	14659.7998047	7540.70019531	0.0	613.5	0.0	0.0	0.0	0.0	-3349450.0	-3349450.0	-3349450.0	-3349450.0	
1.0	2841.94946289	402760.09375	-130.600006104	6663.0	0.0	6.59999990463	-2.70000004768	1282.0	2036.0	0.0	9.0	14771.7998047	7545.70019531	0.0	634.5	0.0	0.0	0.0	0.0	-2807473.0	-2807473.0	-2807473.0	-2807473.0	
1.0	2842.10058594	402568.09375	-126.599998474	6671.0	0.0	9.60000038147	-1.70000004768	1256.0	1932.0	0.0	7.0	14831.7998047	7401.70019531	0.0	643.5	0.0	0.0	0.0	0.0	-3494971.0	-3494971.0	-3494971.0	-3494971.0	
1.0	2842.24902344	402582.09375	-126.599998474	6673.0	0.0	8.60000038147	-2.70000004768	1255.0	1953.0	0.0	4.0	14674.7998047	7564.70019531	0.0	613.5	0.0	0.0	0.0	0.0	-2654486.0	-2654486.0	-2654486.0	-2654486.0	
1.0	2842.40014648	402624.09375	-128.600006104	6675.0	0.0	6.59999990463	-15.6999998093	1170.0	1881.0	0.0	14.0	14874.7998047	7438.70019531	0.0	674.5	0.0	0.0	0.0	0.0	-2721671.0	-2721671.0	-2721671.0	-2721671.0	
1.0	2842.54882812	402812.09375	-127.599998474	6675.0	0.0	1.60000002384	-1.70000004768	1070.0	1588.0	0.0	3.0	14629.7998047	7170.70019531	0.0	587.5	0.0	0.0	0.0	0.0	-3020408.0	-3020408.0	-3020408.0	-3020408.0	
1.0	2842.69995117	402687.09375	-126.599998474	6673.0	0.0	-11.3999996185	4.30000019073	996.0	1555.0	0.0	10.0	14129.7998047	7055.70019531	0.0	630.5	0.0	0.0	0.0	0.0	-2834367.0	-2834367.0	-2834367.0	-2834367.0	
1.0	2842.84863281	402530.09375	-120.599998474	6677.0	0.0	-10.3999996185	3.29999995232	931.0	1389.0	0.0	11.0	14537.7998047	6877.70019531	0.0	623.5	0.0	0.0	0.0	0.0	-3350929.0	-3350929.0	-3350929.0	-3350929.0	
1.0	2843.0	402254.09375	-116.599998474	6674.0	0.0	-11.3999996185	2.29999995232	875.0	1251.0	0.0	8.0	14106.7998047	6747.70019531	0.0	607.5	0.0	0.0	0.0	0.0	-2788150.0	-2788150.0	-2788150.0	-2788150.0	
1.0	2843.15136719	402059.09375	-131.600006104	6673.0	0.0	-14.3999996185	2.29999995232	810.0	1214.0	0.0	4.0	14070.7998047	6721.70019531	0.0	631.5	0.0	0.0	0.0	0.0	-2538108.0	-2538108.0	-2538108.0	-2538108.0	
1.0	2843.30004883	402398.09375	-118.599998474	6665.0	0.0	-5.40000009537	2.29999995232	732.0	1082.0	0.0	8.0	14013.7998047	6635.70019531	0.0	619.5	0.0	0.0	0.0	0.0	-3112114.0	-3112114.0	-3112114.0	-3112114.0	
1.0	2843.44873047	402389.09375	-120.599998474	6676.0	0.0	-8.39999961853	1.29999995232	698.0	1008.0	0.0	7.0	14754.7998047	6444.70019531	0.0	569.5	0.0	0.0	0.0	0.0	-2507678.0	-2507678.0	-2507678.0	-2507678.0	
1.0	2843.60009766	402380.09375	-119.599998474	6666.0	0.0	-3.40000009537	0.300000011921	714.0	993.0	0.0	7.0	14602.7998047	6362.70019531	0.0	600.5	0.0	0.0	0.0	0.0	-2929578.0	-2929578.0	-2929578.0	-2929578.0	
1.0	2843.74902344	402364.09375	-115.599998474	6658.0	0.0	-3.40000009537	0.300000011921	632.0	930.0	0.0	4.0	14611.7998047	6337.70019531	0.0	610.5	0.0	0.0	0.0	0.0	-2654795.0	-2654795.0	-2654795.0	-2654795.0	
1.0	2843.90039062	402204.09375	-118.599998474	6662.0	0.0	-2.40000009537	4.30000019073	587.0	801.0	0.0	7.0	14540.7998047	6311.70019531	0.0	590.5	0.0	0.0	0.0	0.0	-2915755.0	-2915755.0	-2915755.0	-2915755.0	
1.0	2844.04907227	401811.09375	-116.599998474	6662.0	0.0	3.59999990463	3.29999995232	542.0	828.0	0.0	4.0	14008.7998047	6182.70019531	0.0	614.5	0.0	0.0	0.0	0.0	-3338087.0	-3338087.0	-3338087.0	-3338087.0	
1.0	2844.20068359	402102.09375	-114.599998474	6671.0	0.0	3.59999990463	4.30000019073	509.0	719.0	0.0	8.0	14042.7998047	6156.70019531	0.0	647.5	0.0	0.0	0.0	0.0	-3111244.0	-3111244.0	-3111244.0	-3111244.0	
1.0	2844.34936523	401900.09375	-117.599998474	6663.0	0.0	2.59999990463	4.30000019073	514.0	728.0	0.0	7.0	14190.7998047	6090.70019531	0.0	638.5	0.0	0.0	0.0	0.0	-2716309.0	-2716309.0	-2716309.0	-2716309.0	
1.0	2844.50097656	401899.09375	-116.599998474	6666.0	0.0	1.60000002384	4.30000019073	543.0	658.0	0.0	4.0	14438.7998047	6132.70019531	0.0	619.5	0.0	0.0	0.0	0.0	-3137923.0	-3137923.0	-3137923.0	-3137923.0	
1.0	2844.64990234	401886.09375	-117.599998474	6666.0	0.0	2.59999990463	0.300000011921	518.0	724.0	0.0	4.0	14523.7998047	6095.70019531	0.0	666.5	0.0	0.0	0.0	0.0	-2686274.0	-2686274.0	-2686274.0	-2686274.0	
1.0	2844.79882812	401609.09375	-115.599998474	6659.0	0.0	4.59999990463	3.29999995232	452.0	609.0	0.0	7.0	14087.7998047	6026.70019531	0.0	624.5	0.0	0.0	0.0	0.0	-2687495.0	-2687495.0	-2687495.0	-2687495.0	
1.0	2844.95043945	401872.09375	-115.599998474	6669.0	0.0	-7.40000009537	5.30000019073	450.0	624.0	0.0	10.0	14243.7998047	5869.70019531	0.0	628.5	0.0	0.0	0.0	0.0	-3264114.0	-3264114.0	-3264114.0	-3264114.0	
1.0	2845.09936523	401792.09375	-113.599998474	6668.0	0.0	-17.3999996185	2.29999995232	490.0	673.0	0.0	6.0	14521.7998047	6015.70019531	0.0	610.5	0.0	0.0	0.0	0.0	-2836153.0	-2836153.0	-2836153.0	-2836153.0	
1.0	2845.25097656	401632.09375	-111.599998474	6671.0	0.0	-14.3999996185	-1.70000004768	443.0	670.0	0.0	9.0	14246.7998047	5919.70019531	0.0	668.5	0.0	0.0	0.0	0.0	-3320015.0	-3320015.0	-3320015.0	-3320015.0	
1.0	2845.40014648	401605.09375	-113.599998474	6668.0	0.0	-11.3999996185	-18.7000007629	425.0	597.0	0.0	6.0	13807.7998047	5912.70019531	0.0	615.5	0.0	0.0	0.0	0.0	-3294499.0	-3294499.0	-3294499.0	-3294499.0	
1.0	2845.54907227	401619.09375	-113.599998474	6681.0	0.0	-13.3999996185	-24.7000007629	447.0	654.0	0.0	8.0	14461.7998047	6002.70019531	0.0	624.5	0.0	0.0	0.0	0.0	-2948851.0	-2948851.0	-2948851.0	-2948851.0	
1.0	2845.70092773	401426.09375	-115.599998474	6655.0	0.0	-14.3999996185	-28.7000007629	472.0	642.0	0.0	9.0	14826.7998047	6044.70019531	0.0	642.5	0.0	0.0	0.0	0.0	-2682321.0	-2682321.0	-2682321.0	-2682321.0	
1.0	2845.85009766	401734.09375	-121.599998474	6664.0	0.0	-14.3999996185	-23.7000007629	438.0	637.0	0.0	10.0	14251.7998047	6145.70019531	0.0	561.5	0.0	0.0	0.0	0.0	-2552480.0	-2552480.0	-2552480.0	-2552480.0	
1.0	2845.99902344	401567.09375	-120.599998474	6674.0	0.0	-11.3999996185	-23.7000007629	444.0	606.0	0.0	5.0	14180.7998047	6036.70019531	0.0	631.5	0.0	0.0	0.0	0.0	-3038839.0	-3038839.0	-3038839.0	-3038839.0	
1.0	2846.15087891	401336.09375	-119.599998474	6677.0	0.0	-2.40000009537	-22.7000007629	467.0	584.0	0.0	5.0	14281.7998047	5801.70019531	0.0	613.5	0.0	0.0	0.0	0.0	-2805666.0	-2805666.0	-2805666.0	-2805666.0	
1.0	2846.30004883	401570.09375	-122.599998474	6668.0	0.0	-1.39999997616	-23.7000007629	406.0	578.0	0.0	14.0	14528.7998047	5932.70019531	0.0	635.5	0.0	0.0	0.0	0.0	-3281754.0	-3281754.0	-3281754.0	-3281754.0	
1.0	2846.44921875	401482.09375	-120.599998474	6665.0	0.0	-5.40000009537	-25.7000007629	432.0	607.0	0.0	4.0	14154.7998047	5982.70019531	0.0	613.5	0.0	0.0	0.0	0.0	-2919413.0	-2919413.0	-2919413.0	-2919413.0	
1.0	2846.60107422	401253.09375	-122.599998474	6665.0	0.0	-2.40000009537	-24.7000007629	430.0	512.0	0.0	8.0	14342.7998047	5919.70019531	0.0	605.5	0.0	0.0	0.0	0.0	-3002693.0	-3002693.0	-3002693.0	-3002693.0	
1.0	2846.75024414	401293.09375	-142.600006104	6663.0	0.0	-2.40000009537	-25.7000007629	424.0	526.0	0.0	5.0	14477.7998047	5925.70019531	0.0	644.5	0.0	0.0	0.0	0.0	-2985172.0	-2985172.0	-2985172.0	-2985172.0	
1.0	2846.8996582	401279.09375	-128.600006104	6659.0	0.0	-4.40000009537	-26.7000007629	376.0	484.0	0.0	13.0	14632.7998047	5793.70019531	0.0	629.5	0.0	0.0	0.0	0.0	-3825252.0	-3825252.0	-3825252.0	-3825252.0	
1.0	2847.04907227	401224.09375	-129.600006104	6661.0	0.0	-2.40000009537	-23.7000007629	388.0	516.0	0.0	11.0	14634.7998047	5893.70019531	0.0	588.5	0.0	0.0	0.0	0.0	-2733906.0	-2733906.0	-2733906.0	-2733906.0	
1.0	2847.20092773	401386.09375	-131.600006104	6668.0	0.0	-2.40000009537	-24.7000007629	383.0	487.0	0.0	5.0	13995.7998047	5900.70019531	0.0	593.5	0.0	0.0	0.0	0.0	-3122499.0	-3122499.0	-3122499.0	-3122499.0	
1.0	2847.3503418	401297.09375	-131.600006104	6660.0	0.0	-2.40000009537	-27.7000007629	382.0	455.0	0.0	8.0	14375.7998047	5686.70019531	0.0	651.5	0.0	0.0	0.0	0.0	-3866102.0	-3866102.0	-3866102.0	-3866102.0	
1.0	2847.49951172	401060.09375	-125.599998474	6666.0	0.0	-5.40000009537	-28.7000007629	371.0	464.0	0.0	5.0	14228.7998047	5952.70019531	0.0	639.5	0.0	0.0	0.0	0.0	-2615106.0	-2615106.0	-2615106.0	-2615106.0	
1.0	2847.64892578	401253.09375	-128.600006104	6668.0	0.0	-3.40000009537	-25.7000007629	338.0	485.0	0.0	6.0	14124.7998047	5835.70019531	0.0	618.5	0.0	0.0	0.0	0.0	-3083539.0	-3083539.0	-3083539.0	-3083539.0	
1.0	2847.80102539	401122.09375	-131.600006104	6655.0	0.0	-3.40000009537	-25.7000007629	359.0	437.0	0.0	6.0	14055.7998047	5838.70019531	0.0	622.5	0.0	0.0	0.0	0.0	-2898399.0	-2898399.0	-2898399.0	-2898399.0	
1.0	2847.95043945	400808.09375	-128.600006104	6655.0	0.0	-3.40000009537	-28.7000007629	327.0	423.0	0.0	7.0	14437.7998047	5711.70019531	0.0	610.5	0.0	0.0	0.0	0.0	-2559629.0	-2559629.0	-2559629.0	-2559629.0	
1.0	2848.09985352	401005.09375	-128.600006104	6667.0	0.0	-0.40000000596	-26.7000007629	348.0	416.0	0.0	10.0	14332.7998047	5659.70019531	0.0	614.5	0.0	0.0	0.0	0.0	-3172971.0	-3172971.0	-3172971.0	-3172971.0	
1.0	2848.24951172	401069.09375	-127.599998474	6664.0	0.0	-17.3999996185	-24.7000007629	348.0	401.0	0.0	8.0	14161.7998047	5803.70019531	0.0	567.5	0.0	0.0	0.0	0.0	-2586307.0	-2586307.0	-2586307.0	-2586307.0	
1.0	2848.39892578	401023.09375	-127.599998474	6666.0	0.0	-12.3999996185	-21.7000007629	331.0	414.0	0.0	7.0	13991.7998047	5740.70019531	0.0	602.5	0.0	0.0	0.0	0.0	-3271879.0	-3271879.0	-3271879.0	-3271879.0	
1.0	2848.55102539	401009.09375	-130.600006104	6664.0	0.0	-2.40000009537	-24.7000007629	346.0	413.0	0.0	7.0	14521.7998047	5747.70019531	0.0	636.5	0.0	0.0	0.0	0.0	-3150791.0	-3150791.0	-3150791.0	-3150791.0	
1.0	2848.70068359	400755.09375	-133.600006104	6664.0	0.0	-4.40000009537	-33.7000007629	293.0	361.0	0.0	6.0	13582.7998047	5794.70019531	0.0	608.5	0.0	0.0	0.0	0.0	-2780392.0	-2780392.0	-2780392.0	-2780392.0	
1.0	2848.85009766	400612.09375	-135.600006104	6657.0	0.0	-1.39999997616	-24.7000007629	329.0	342.0	0.0	10.0	14239.7998047	5753.70019531	0.0	648.5	0.0	0.0	0.0	0.0	-3210817.0	-3210817.0	-3210817.0	-3210817.0	
1.0	2848.99975586	400917.09375	-137.600006104	6662.0	0.0	-5.40000009537	-27.7000007629	298.0	357.0	0.0	6.0	13719.7998047	5745.70019531	0.0	656.5	0.0	0.0	0.0	0.0	-2953060.0	-2953060.0	-2953060.0	-2953060.0	
1.0	2849.14941406	401067.09375	-134.600006104	6661.0	0.0	-5.40000009537	-27.7000007629	307.0	346.0	0.0	7.0	14034.7998047	5780.70019531	0.0	606.5	0.0	0.0	0.0	0.0	-2719875.0	-2719875.0	-2719875.0	-2719875.0	
1.0	2849.29907227	400772.09375	-133.600006104	6670.0	0.0	-8.39999961853	-32.7000007629	295.0	373.0	0.0	7.0	14042.7998047	5648.70019531	0.0	644.5	0.0	0.0	0.0	0.0	-3293093.0	-3293093.0	-3293093.0	-3293093.0	
1.0	2849.44873047	400763.09375	-128.600006104	6671.0	0.0	-8.39999961853	-29.7000007629	311.0	365.0	0.0	4.0	13898.7998047	5851.70019531	0.0	699.5	0.0	0.0	0.0	0.0	-2914963.0	-2914963.0	-2914963.0	-2914963.0	
1.0	2849.60107422	400678.09375	-129.600006104	6662.0	0.0	-13.3999996185	-25.7000007629	345.0	383.0	0.0	7.0	14415.7998047	5708.70019531	0.0	607.5	0.0	0.0	0.0	0.0	-3141260.0	-3141260.0	-3141260.0	-3141260.0	
1.0	2849.75073242	400738.09375	-123.599998474	6647.0	0.0	-11.3999996185	-25.7000007629	311.0	361.0	0.0	6.0	14411.7998047	5761.70019531	0.0	626.5	0.0	0.0	0.0	0.0	-3012517.0	-3012517.0	-3012517.0	-3012517.0	
1.0	2849.90063477	400608.09375	-120.599998474	6658.0	0.0	-10.3999996185	-23.7000007629	304.0	395.0	0.0	2.0	14256.7998047	5899.70019531	0.0	593.5	0.0	0.0	0.0	0.0	-2713657.0	-2713657.0	-2713657.0	-2713657.0	
1.0	2850.0012207	400613.09375	-121.599998474	6656.0	0.0	-11.3999996185	-14.6999998093	321.0	374.0	0.0	6.0	14012.7998047	5684.70019531	0.0	616.5	0.0	0.0	0.0	0.0	-3078687.0	-3078687.0	-3078687.0	-3078687.0	
1.0	2850.60058594	400288.09375	-122.599998474	6659.0	0.0	-13.3999996185	-15.6999998093	272.0	361.0	0.0	9.0	14121.7998047	5659.70019531	0.0	631.5	0.0	0.0	0.0	0.0	-2598457.0	-2598457.0	-2598457.0	-2598457.0	
1.0	2851.20019531	400282.09375	-122.599998474	6647.0	0.0	-14.3999996185	-19.7000007629	336.0	404.0	0.0	6.0	14239.7998047	5841.70019531	0.0	630.5	0.0	0.0	0.0	0.0	-3118086.0	-3118086.0	-3118086.0	-3118086.0	
1.0	2851.80029297	400273.09375	-119.599998474	6658.0	0.0	-12.3999996185	-24.7000007629	299.0	397.0	0.0	7.0	14023.7998047	5831.70019531	0.0	578.5	0.0	0.0	0.0	0.0	-2658386.0	-2658386.0	-2658386.0	-2658386.0	
1.0	2852.40063477	399921.09375	-122.599998474	6671.0	0.0	-14.3999996185	-23.7000007629	337.0	397.0	0.0	5.0	14032.7998047	5629.70019531	0.0	583.5	0.0	0.0	0.0	0.0	-3380124.0	-3380124.0	-3380124.0	-3380124.0	
1.0	2852.9987793	399929.09375	-123.599998474	6676.0	0.0	-13.3999996185	-26.7000007629	300.0	387.0	0.0	8.0	14369.7998047	5750.70019531	0.0	683.5	0.0	0.0	0.0	0.0	-2948727.0	-2948727.0	-2948727.0	-2948727.0	
1.0	2853.59985352	399886.09375	-121.599998474	6665.0	0.0	-14.3999996185	-24.7000007629	344.0	414.0	0.0	9.0	14266.7998047	5815.70019531	0.0	684.5	0.0	0.0	0.0	0.0	-3016851.0	-3016851.0	-3016851.0	-3016851.0	
1.0	2854.19897461	399930.09375	-122.599998474	6665.0	0.0	-11.3999996185	-25.7000007629	293.0	378.0	0.0	7.0	14156.7998047	5836.70019531	0.0	653.5	0.0	0.0	0.0	0.0	-2839381.0	-2839381.0	-2839381.0	-2839381.0	
1.0	2854.80078125	400025.09375	-120.599998474	6670.0	0.0	-12.3999996185	-27.7000007629	282.0	367.0	0.0	7.0	14422.7998047	5675.70019531	0.0	599.5	0.0	0.0	0.0	0.0	-3079446.0	-3079446.0	-3079446.0	-3079446.0	
1.0	2855.40039062	399963.09375	-121.599998474	6665.0	0.0	-11.3999996185	-26.7000007629	277.0	348.0	0.0	12.0	14344.7998047	5699.70019531	0.0	676.5	0.0	0.0	0.0	0.0	-2648392.0	-2648392.0	-2648392.0	-2648392.0	
1.0	2856.00048828	399713.09375	-122.599998474	6675.0	0.0	-13.3999996185	-24.7000007629	279.0	330.0	0.0	10.0	14195.7998047	5606.70019531	0.0	661.5	0.0	0.0	0.0	0.0	-3048941.0	-3048941.0	-3048941.0	-3048941.0	
1.0	2856.60083008	399334.09375	-126.599998474	6669.0	0.0	-11.3999996185	-26.7000007629	309.0	345.0	0.0	6.0	14072.7998047	5813.70019531	0.0	630.5	0.0	0.0	0.0	0.0	-3131658.0	-3131658.0	-3131658.0	-3131658.0	
1.0	2857.19897461	399490.09375	-123.599998474	6668.0	0.0	-13.3999996185	-27.7000007629	290.0	393.0	0.0	9.0	14412.7998047	5750.70019531	0.0	658.5	0.0	0.0	0.0	0.0	-3037248.0	-3037248.0	-3037248.0	-3037248.0	
1.0	2857.80004883	399440.09375	-121.599998474	6666.0	0.0	-8.39999961853	-17.7000007629	304.0	382.0	0.0	0.0	14345.7998047	5814.70019531	0.0	629.5	0.0	0.0	0.0	0.0	-2831203.0	-2831203.0	-2831203.0	-2831203.0	
1.0	2858.39892578	399357.09375	-123.599998474	6669.0	0.0	-8.39999961853	-15.6999998093	291.0	363.0	0.0	1.0	14718.7998047	5685.70019531	0.0	656.5	0.0	0.0	0.0	0.0	-2689969.0	-2689969.0	-2689969.0	-2689969.0	
1.0	2859.00073242	399177.09375	-122.599998474	6665.0	0.0	-7.40000009537	-14.6999998093	322.0	358.0	0.0	2.0	14179.7998047	5834.70019531	0.0	674.5	0.0	0.0	0.0	0.0	-2992632.0	-2992632.0	-2992632.0	-2992632.0	
1.0	2859.6003418	399167.09375	-124.599998474	6671.0	0.0	-10.3999996185	-27.7000007629	291.0	356.0	0.0	11.0	13943.7998047	5702.70019531	0.0	608.5	0.0	0.0	0.0	0.0	-3192763.0	-3192763.0	-3192763.0	-3192763.0	
1.0	2860.20043945	399222.09375	-124.599998474	6659.0	0.0	-10.3999996185	-27.7000007629	317.0	399.0	0.0	9.0	14261.7998047	5903.70019531	0.0	613.5	0.0	0.0	0.0	0.0	-2841604.0	-2841604.0	-2841604.0	-2841604.0	
1.0	2860.80078125	398948.09375	-124.599998474	6648.0	0.0	-12.3999996185	-16.7000007629	342.0	379.0	0.0	5.0	14507.7998047	5747.70019531	0.0	644.5	0.0	0.0	0.0	0.0	-3258327.0	-3258327.0	-3258327.0	-3258327.0	
1.0	2861.39892578	398750.09375	-125.599998474	6658.0	0.0	-9.39999961853	-12.6999998093	308.0	398.0	0.0	5.0	14380.7998047	5881.70019531	0.0	659.5	0.0	0.0	0.0	0.0	-2794991.0	-2794991.0	-2794991.0	-2794991.0	
1.0	2862.0	398606.09375	-124.599998474	6659.0	0.0	-7.40000009537	-13.6999998093	319.0	405.0	0.0	4.0	14094.7998047	5764.70019531	0.0	611.5	0.0	0.0	0.0	0.0	-3147874.0	-3147874.0	-3147874.0	-3147874.0	
1.0	2862.59887695	398802.09375	-128.600006104	6675.0	0.0	-7.40000009537	-26.7000007629	351.0	389.0	0.0	12.0	14365.7998047	5590.70019531	0.0	654.5	0.0	0.0	0.0	0.0	-3349920.0	-3349920.0	-3349920.0	-3349920.0	
1.0	2863.20068359	398446.09375	-123.599998474	6663.0	0.0	-8.39999961853	-32.7000007629	302.0	409.0	0.0	7.0	14500.7998047	5727.70019531	0.0	637.5	0.0	0.0	0.0	0.0	-3002141.0	-3002141.0	-3002141.0	-3002141.0	
1.0	2863.80029297	398438.09375	-126.599998474	6663.0	0.0	-4.40000009537	-32.7000007629	344.0	393.0	0.0	2.0	14101.7998047	5865.70019531	0.0	626.5	0.0	0.0	0.0	0.0	-3516458.0	-3516458.0	-3516458.0	-3516458.0	
1.0	2864.40014648	398386.09375	-127.599998474	6684.0	0.0	-5.40000009537	-31.7000007629	306.0	375.0	0.0	9.0	14340.7998047	5907.70019531	0.0	640.5	0.0	0.0	0.0	0.0	-3020409.0	-3020409.0	-3020409.0	-3020409.0	
1.0	2865.00048828	398295.09375	-127.599998474	6673.0	0.0	-13.3999996185	-40.7000007629	311.0	392.0	0.0	5.0	14532.7998047	5871.70019531	0.0	675.5	0.0	0.0	0.0	0.0	-2856631.0	-2856631.0	-2856631.0	-2856631.0	
1.0	2865.60107422	397990.09375	-124.599998474	6673.0	0.0	-17.3999996185	-43.7000007629	323.0	408.0	0.0	4.0	14440.7998047	5789.70019531	0.0	655.5	0.0	0.0	0.0	0.0	-3181155.0	-3181155.0	-3181155.0	-3181155.0	
1.0	2866.19946289	398093.09375	-129.600006104	6683.0	0.0	-9.39999961853	-38.7000007629	314.0	387.0	0.0	4.0	14876.7998047	5798.70019531	0.0	598.5	0.0	0.0	0.0	0.0	-3038815.0	-3038815.0	-3038815.0	-3038815.0	
1.0	2866.80078125	398053.09375	-122.599998474	6696.0	0.0	-9.39999961853	-28.7000007629	298.0	403.0	0.0	7.0	14242.7998047	5990.70019531	0.0	657.5	0.0	0.0	0.0	0.0	-2961801.0	-2961801.0	-2961801.0	-2961801.0	
1.0	2867.40014648	397933.09375	-125.599998474	6686.0	0.0	-8.39999961853	-24.7000007629	271.0	360.0	0.0	10.0	14398.7998047	5848.70019531	0.0	704.5	0.0	0.0	0.0	0.0	-2562337.0	-2562337.0	-2562337.0	-2562337.0	
1.0	2867.99951172	398185.09375	-125.599998474	6700.0	0.0	-1.39999997616	-21.7000007629	306.0	382.0	0.0	1.0	14354.7998047	5772.70019531	0.0	622.5	0.0	0.0	0.0	0.0	-3236524.0	-3236524.0	-3236524.0	-3236524.0	
1.0	2868.59936523	398549.09375	-124.599998474	6696.0	0.0	1.60000002384	-21.7000007629	329.0	399.0	0.0	5.0	14644.7998047	5733.70019531	0.0	609.5	0.0	0.0	0.0	0.0	-3126772.0	-3126772.0	-3126772.0	-3126772.0	
1.0	2869.19970703	397987.09375	-123.599998474	6695.0	0.0	1.60000002384	-25.7000007629	281.0	356.0	0.0	8.0	14511.7998047	5999.70019531	0.0	650.5	0.0	0.0	0.0	0.0	-2695979.0	-2695979.0	-2695979.0	-2695979.0	
1.0	2869.80029297	398006.09375	-126.599998474	6697.0	0.0	3.59999990463	-6.69999980927	348.0	370.0	0.0	9.0	14628.7998047	5960.70019531	0.0	590.5	0.0	0.0	0.0	0.0	-3177512.0	-3177512.0	-3177512.0	-3177512.0	
1.0	2870.00048828	397696.09375	-126.599998474	6691.0	0.0	4.59999990463	-5.69999980927	323.0	353.0	0.0	9.0	14394.7998047	5855.70019531	0.0	631.5	0.0	0.0	0.0	0.0	-2847932.0	-2847932.0	-2847932.0	-2847932.0	
1.0	2871.5012207	397700.09375	-124.599998474	6687.0	0.0	3.59999990463	-2.70000004768	294.0	388.0	0.0	5.0	14476.7998047	5704.70019531	0.0	652.5	0.0	0.0	0.0	0.0	-3979368.0	-3979368.0	-3979368.0	-3979368.0	
1.0	2872.99902344	397345.09375	-126.599998474	6686.0	0.0	-0.40000000596	1.29999995232	292.0	394.0	0.0	3.0	14476.7998047	5809.70019531	0.0	588.5	0.0	0.0	0.0	0.0	-2781739.0	-2781739.0	-2781739.0	-2781739.0	
1.0	2874.49902344	397394.09375	-125.599998474	6682.0	0.0	2.59999990463	-5.69999980927	312.0	394.0	0.0	9.0	15026.7998047	5848.70019531	0.0	603.5	0.0	0.0	0.0	0.0	-3151913.0	-3151913.0	-3151913.0	-3151913.0	
1.0	2876.0012207	397294.09375	-128.600006104	6696.0	0.0	2.59999990463	-5.69999980927	313.0	400.0	0.0	6.0	14436.7998047	6046.70019531	0.0	673.5	0.0	0.0	0.0	0.0	-3035278.0	-3035278.0	-3035278.0	-3035278.0	
1.0	2877.50048828	396975.09375	-123.599998474	6689.0	0.0	6.59999990463	5.30000019073	319.0	414.0	0.0	6.0	14727.7998047	5878.70019531	0.0	695.5	0.0	0.0	0.0	0.0	-2620396.0	-2620396.0	-2620396.0	-2620396.0	
1.0	2878.99951172	396740.09375	-120.599998474	6688.0	0.0	17.6000003815	5.30000019073	352.0	452.0	0.0	6.0	14738.7998047	5963.70019531	0.0	596.5	0.0	0.0	0.0	0.0	-3209010.0	-3209010.0	-3209010.0	-3209010.0	
1.0	2880.50048828	396791.09375	-112.599998474	6685.0	0.0	15.6000003815	3.29999995232	359.0	404.0	0.0	9.0	14888.7998047	5987.70019531	0.0	595.5	0.0	0.0	0.0	0.0	-2877734.0	-2877734.0	-2877734.0	-2877734.0	
1.0	2882.0012207	396524.09375	-111.599998474	6700.0	0.0	14.6000003815	6.30000019073	356.0	447.0	0.0	4.0	14776.7998047	6053.70019531	0.0	631.5	0.0	0.0	0.0	0.0	-2785751.0	-2785751.0	-2785751.0	-2785751.0	
1.0	2883.4987793	396198.09375	-114.599998474	6700.0	0.0	8.60000038147	5.30000019073	359.0	506.0	0.0	7.0	14447.7998047	6145.70019531	0.0	668.5	0.0	0.0	0.0	0.0	-2735130.0	-2735130.0	-2735130.0	-2735130.0	
1.0	2884.9987793	397193.09375	-115.599998474	6688.0	0.0	10.6000003815	1.29999995232	337.0	491.0	0.0	5.0	14651.7998047	6130.70019531	0.0	627.5	0.0	0.0	0.0	0.0	-2545411.0	-2545411.0	-2545411.0	-2545411.0	
1.0	2886.50097656	399275.09375	-111.599998474	6684.0	0.0	17.6000003815	7.30000019073	361.0	472.0	0.0	2.0	15149.7998047	6081.70019531	0.0	632.5	0.0	0.0	0.0	0.0	-2844688.0	-2844688.0	-2844688.0	-2844688.0	
1.0	2886.99951172	400448.09375	-114.599998474	6703.0	0.0	15.6000003815	3.29999995232	359.0	483.0	0.0	3.0	14593.7998047	6219.70019531	0.0	623.5	0.0	0.0	0.0	0.0	-2501630.0	-2501630.0	-2501630.0	-2501630.0	
1.0	2890.0012207	400943.09375	-115.599998474	6694.0	0.0	15.6000003815	-14.6999998093	367.0	492.0	0.0	3.0	14559.7998047	6184.70019531	0.0	672.5	0.0	0.0	0.0	0.0	-2844006.0	-2844006.0	-2844006.0	-2844006.0	
1.0	2893.0012207	400457.09375	-113.599998474	6698.0	0.0	13.6000003815	-22.7000007629	332.0	441.0	0.0	7.0	14935.7998047	6141.70019531	0.0	684.5	0.0	0.0	0.0	0.0	-2691732.0	-2691732.0	-2691732.0	-2691732.0	
1.0	2895.99926758	400300.09375	-117.599998474	6699.0	0.0	13.6000003815	-9.69999980927	312.0	395.0	0.0	6.0	15062.7998047	6081.70019531	0.0	661.5	0.0	0.0	0.0	0.0	-3300996.0	-3300996.0	-3300996.0	-3300996.0	
1.0	2899.00097656	399842.09375	-115.599998474	6692.0	0.0	13.6000003815	-10.6999998093	307.0	458.0	0.0	4.0	14937.7998047	6216.70019531	0.0	707.5	0.0	0.0	0.0	0.0	-3221004.0	-3221004.0	-3221004.0	-3221004.0	
1.0	2902.00073242	399602.09375	-114.599998474	6707.0	0.0	12.6000003815	-2.70000004768	315.0	373.0	0.0	6.0	14907.7998047	6081.70019531	0.0	612.5	0.0	0.0	0.0	0.0	-3310898.0	-3310898.0	-3310898.0	-3310898.0	
1.0	2905.0012207	399282.09375	-116.599998474	6696.0	0.0	10.6000003815	1.29999995232	330.0	424.0	0.0	3.0	15237.7998047	6170.70019531	0.0	646.5	0.0	0.0	0.0	0.0	-3191328.0	-3191328.0	-3191328.0	-3191328.0	
