SSRL   MicroEXAFS Data Collector 2.0 
Thu Jul 04 17:39:21 2019
PTS:	205	COLS:	24
alexbox-4ch-xspress.det
RuL3_edge_cell.rgn
SSRL BEAMLINE
COMMENTS





S1VGAP: 0.800000	S1HGAP: 2.500000	TABLEHORZ: 5.000000	SAMPLEV: 42.000000	CALVERT: 4.100521	BPVRT: 46.052197	M1VERT: 6.983426	SAMPLEHOLD: 25.998010	S1HTRAN: 4.481500	

Weights:
 1.000	1.000	1.000	1.000	1.000	1.000	1.000	1.000	1.000	1.000	1.000	1.000	1.000	1.000	1.000	1.000	1.000	1.000	1.000	1.000	1.000	1.000	
Offsets:
 207.7	877.2	4819.6	0.0	125.3	562.6	0.0	0.0	0.0	0.0	0.1	2.1	0.0	1.0	0.0	0.0	0.0	0.0	79705487.8	79705487.8	79705487.8	79705487.8	
Data:
Real Time Clock
Requested Energy
I0   
I1   
I2   
I3   
MPFB1   
MPFB2   
FF1   
FF2   
FF3   
FF4   
ICR1   
ICR2   
ICR3   
ICR4   
SCA2.1   
SCA2.2   
SCA2.3   
SCA2.4   
TIME1   
TIME2   
TIME3   
TIME4   

1.0	2810.00097656	323444.3125	-50.2000007629	2316.39990234	0.0	-30.2999992371	-55.5999984741	209.0	48.0	0.0	20.0	17636.9003906	4508.89990234	0.0	1643.0	0.0	0.0	0.0	0.0	-3232428.75	-3232428.75	-3232428.75	-3232428.75	
1.0	2810.99975586	323425.3125	-46.2000007629	2314.39990234	0.0	-32.2999992371	-57.5999984741	230.0	43.0	0.0	18.0	17417.9003906	4662.89990234	0.0	1601.0	0.0	0.0	0.0	0.0	-2734588.75	-2734588.75	-2734588.75	-2734588.75	
1.0	2811.99951172	323489.3125	-47.2000007629	2329.39990234	0.0	-29.2999992371	-59.5999984741	206.0	30.0	0.0	24.0	17991.9003906	4683.89990234	0.0	1671.0	0.0	0.0	0.0	0.0	-3329074.75	-3329074.75	-3329074.75	-3329074.75	
1.0	2813.00024414	323812.3125	-45.2000007629	2322.39990234	0.0	-31.2999992371	-44.5999984741	213.0	44.0	0.0	11.0	18221.9003906	4683.89990234	0.0	1641.0	0.0	0.0	0.0	0.0	-2833161.75	-2833161.75	-2833161.75	-2833161.75	
1.0	2813.99951172	323477.3125	-48.2000007629	2326.39990234	0.0	-31.2999992371	-40.5999984741	194.0	47.0	0.0	20.0	18391.9003906	4836.89990234	0.0	1637.0	0.0	0.0	0.0	0.0	-2750487.75	-2750487.75	-2750487.75	-2750487.75	
1.0	2815.0	323283.3125	-48.2000007629	2328.39990234	0.0	-29.2999992371	-42.5999984741	184.0	41.0	0.0	22.0	18124.9003906	4771.89990234	0.0	1707.0	0.0	0.0	0.0	0.0	-2619956.75	-2619956.75	-2619956.75	-2619956.75	
1.0	2815.99902344	323718.3125	-47.2000007629	2331.39990234	0.0	-30.2999992371	-41.5999984741	212.0	42.0	0.0	23.0	18225.9003906	4738.89990234	0.0	1754.0	0.0	0.0	0.0	0.0	-2899570.75	-2899570.75	-2899570.75	-2899570.75	
1.0	2816.99902344	323553.3125	-42.2000007629	2331.39990234	0.0	-30.2999992371	-47.5999984741	219.0	37.0	0.0	17.0	18745.9003906	4678.89990234	0.0	1675.0	0.0	0.0	0.0	0.0	-2652997.75	-2652997.75	-2652997.75	-2652997.75	
1.0	2818.0	323567.3125	-45.2000007629	2316.39990234	0.0	-30.2999992371	-39.5999984741	191.0	45.0	0.0	22.0	18757.9003906	4778.89990234	0.0	1649.0	0.0	0.0	0.0	0.0	-2884019.75	-2884019.75	-2884019.75	-2884019.75	
1.0	2818.99975586	323715.3125	-43.2000007629	2315.39990234	0.0	-32.2999992371	-42.5999984741	187.0	44.0	0.0	14.0	18277.9003906	4811.89990234	0.0	1648.0	0.0	0.0	0.0	0.0	-3252427.75	-3252427.75	-3252427.75	-3252427.75	
1.0	2820.00048828	323783.3125	-46.2000007629	2326.39990234	0.0	-31.2999992371	-43.5999984741	195.0	54.0	0.0	18.0	18273.9003906	4800.89990234	0.0	1675.0	0.0	0.0	0.0	0.0	-2660139.75	-2660139.75	-2660139.75	-2660139.75	
1.0	2820.99975586	323537.3125	-46.2000007629	2331.39990234	0.0	-30.2999992371	-43.5999984741	211.0	50.0	0.0	23.0	18656.9003906	4832.89990234	0.0	1643.0	0.0	0.0	0.0	0.0	-3160186.75	-3160186.75	-3160186.75	-3160186.75	
1.0	2822.0	323572.3125	-43.2000007629	2337.39990234	0.0	-25.2999992371	-45.5999984741	184.0	56.0	0.0	20.0	18480.9003906	4743.89990234	0.0	1713.0	0.0	0.0	0.0	0.0	-3067205.75	-3067205.75	-3067205.75	-3067205.75	
1.0	2822.9987793	323610.3125	-47.2000007629	2357.39990234	0.0	-22.2999992371	-43.5999984741	208.0	59.0	0.0	13.0	18556.9003906	4816.89990234	0.0	1670.0	0.0	0.0	0.0	0.0	-2603911.75	-2603911.75	-2603911.75	-2603911.75	
1.0	2824.0012207	323558.3125	-46.2000007629	2338.39990234	0.0	-21.2999992371	-43.5999984741	250.0	50.0	0.0	18.0	18695.9003906	4927.89990234	0.0	1727.0	0.0	0.0	0.0	0.0	-2778535.75	-2778535.75	-2778535.75	-2778535.75	
1.0	2824.99951172	323193.3125	-45.2000007629	2347.39990234	0.0	-23.2999992371	-43.5999984741	245.0	61.0	0.0	13.0	19311.9003906	4948.89990234	0.0	1646.0	0.0	0.0	0.0	0.0	-2938554.75	-2938554.75	-2938554.75	-2938554.75	
1.0	2825.99902344	323211.3125	-47.2000007629	2333.39990234	0.0	-26.2999992371	-41.5999984741	228.0	63.0	0.0	33.0	18695.9003906	5023.89990234	0.0	1637.0	0.0	0.0	0.0	0.0	-2603646.75	-2603646.75	-2603646.75	-2603646.75	
1.0	2826.99951172	323109.3125	-49.2000007629	2345.39990234	0.0	-32.2999992371	-47.5999984741	217.0	64.0	0.0	15.0	18627.9003906	4931.89990234	0.0	1668.0	0.0	0.0	0.0	0.0	-2784367.75	-2784367.75	-2784367.75	-2784367.75	
1.0	2828.0012207	323278.3125	-46.2000007629	2348.39990234	0.0	-30.2999992371	-44.5999984741	229.0	69.0	0.0	25.0	18770.9003906	4933.89990234	0.0	1624.0	0.0	0.0	0.0	0.0	-3097314.75	-3097314.75	-3097314.75	-3097314.75	
1.0	2829.0012207	323178.3125	-43.2000007629	2360.39990234	0.0	-31.2999992371	-42.5999984741	259.0	68.0	0.0	17.0	19334.9003906	4954.89990234	0.0	1740.0	0.0	0.0	0.0	0.0	-2987660.75	-2987660.75	-2987660.75	-2987660.75	
1.0	2829.99975586	323335.3125	-44.2000007629	2346.39990234	0.0	-17.2999992371	-43.5999984741	255.0	72.0	0.0	19.0	19277.9003906	5001.89990234	0.0	1707.0	0.0	0.0	0.0	0.0	-2699590.75	-2699590.75	-2699590.75	-2699590.75	
1.0	2830.99951172	323650.3125	-44.2000007629	2349.39990234	0.0	-18.2999992371	-44.5999984741	278.0	66.0	0.0	14.0	18748.9003906	4928.89990234	0.0	1763.0	0.0	0.0	0.0	0.0	-2550692.75	-2550692.75	-2550692.75	-2550692.75	
1.0	2832.00024414	323520.3125	-45.2000007629	2359.39990234	0.0	-17.2999992371	-43.5999984741	259.0	78.0	0.0	17.0	19413.9003906	4963.89990234	0.0	1616.0	0.0	0.0	0.0	0.0	-2613106.75	-2613106.75	-2613106.75	-2613106.75	
1.0	2832.99926758	323590.3125	-45.2000007629	2353.39990234	0.0	-19.2999992371	-38.5999984741	246.0	86.0	0.0	16.0	19149.9003906	4965.89990234	0.0	1730.0	0.0	0.0	0.0	0.0	-2756828.75	-2756828.75	-2756828.75	-2756828.75	
1.0	2833.99951172	323761.3125	-47.2000007629	2372.39990234	0.0	-19.2999992371	-41.5999984741	234.0	90.0	0.0	26.0	19280.9003906	5137.89990234	0.0	1762.0	0.0	0.0	0.0	0.0	-2661925.75	-2661925.75	-2661925.75	-2661925.75	
1.0	2835.00073242	323685.3125	-47.2000007629	2355.39990234	0.0	-19.2999992371	-41.5999984741	283.0	83.0	0.0	22.0	19794.9003906	5014.89990234	0.0	1741.0	0.0	0.0	0.0	0.0	-3167747.75	-3167747.75	-3167747.75	-3167747.75	
1.0	2836.00073242	323924.3125	-46.2000007629	2382.39990234	0.0	-15.3000001907	-45.5999984741	314.0	116.0	0.0	13.0	19259.9003906	5232.89990234	0.0	1765.0	0.0	0.0	0.0	0.0	-2572683.75	-2572683.75	-2572683.75	-2572683.75	
1.0	2836.40039062	323792.3125	-46.2000007629	2360.39990234	0.0	-16.2999992371	-46.5999984741	305.0	131.0	0.0	21.0	19551.9003906	5108.89990234	0.0	1681.0	0.0	0.0	0.0	0.0	-3185340.75	-3185340.75	-3185340.75	-3185340.75	
1.0	2836.55053711	323704.3125	-46.2000007629	2354.39990234	0.0	-24.2999992371	-45.5999984741	359.0	155.0	0.0	26.0	19755.9003906	5119.89990234	0.0	1690.0	0.0	0.0	0.0	0.0	-3119980.75	-3119980.75	-3119980.75	-3119980.75	
1.0	2836.70092773	323703.3125	-48.2000007629	2369.39990234	0.0	-24.2999992371	-45.5999984741	339.0	136.0	0.0	18.0	19476.9003906	5057.89990234	0.0	1722.0	0.0	0.0	0.0	0.0	-3187371.75	-3187371.75	-3187371.75	-3187371.75	
1.0	2836.85107422	323878.3125	-48.2000007629	2366.39990234	0.0	-23.2999992371	-45.5999984741	303.0	165.0	0.0	24.0	19169.9003906	5087.89990234	0.0	1731.0	0.0	0.0	0.0	0.0	-3641258.75	-3641258.75	-3641258.75	-3641258.75	
1.0	2836.9987793	323793.3125	-47.2000007629	2374.39990234	0.0	-25.2999992371	-47.5999984741	324.0	154.0	0.0	19.0	20146.9003906	5112.89990234	0.0	1732.0	0.0	0.0	0.0	0.0	-2582200.75	-2582200.75	-2582200.75	-2582200.75	
1.0	2837.14916992	323540.3125	-47.2000007629	2364.39990234	0.0	-25.2999992371	-51.5999984741	368.0	163.0	0.0	16.0	19762.9003906	5344.89990234	0.0	1720.0	0.0	0.0	0.0	0.0	-2763151.75	-2763151.75	-2763151.75	-2763151.75	
1.0	2837.29956055	323659.3125	-45.2000007629	2372.39990234	0.0	-27.2999992371	-56.5999984741	345.0	178.0	0.0	24.0	19703.9003906	5162.89990234	0.0	1797.0	0.0	0.0	0.0	0.0	-3135531.75	-3135531.75	-3135531.75	-3135531.75	
1.0	2837.44995117	323638.3125	-47.2000007629	2368.39990234	0.0	-23.2999992371	-57.5999984741	394.0	190.0	0.0	23.0	19845.9003906	5356.89990234	0.0	1802.0	0.0	0.0	0.0	0.0	-2860926.75	-2860926.75	-2860926.75	-2860926.75	
1.0	2837.6003418	323589.3125	-43.2000007629	2376.39990234	0.0	-23.2999992371	-49.5999984741	450.0	222.0	0.0	13.0	19958.9003906	5398.89990234	0.0	1745.0	0.0	0.0	0.0	0.0	-3249390.75	-3249390.75	-3249390.75	-3249390.75	
1.0	2837.75073242	323737.3125	-47.2000007629	2375.39990234	0.0	-25.2999992371	-49.5999984741	430.0	217.0	0.0	26.0	19868.9003906	5211.89990234	0.0	1761.0	0.0	0.0	0.0	0.0	-3654995.75	-3654995.75	-3654995.75	-3654995.75	
1.0	2837.90136719	323525.3125	-57.2000007629	2350.39990234	0.0	-25.2999992371	-47.5999984741	447.0	230.0	0.0	11.0	19710.9003906	5289.89990234	0.0	1682.0	0.0	0.0	0.0	0.0	-3171937.75	-3171937.75	-3171937.75	-3171937.75	
1.0	2838.04907227	323593.3125	-58.2000007629	2385.39990234	0.0	-24.2999992371	-49.5999984741	444.0	268.0	0.0	15.0	19651.9003906	5410.89990234	0.0	1692.0	0.0	0.0	0.0	0.0	-3207341.75	-3207341.75	-3207341.75	-3207341.75	
1.0	2838.19970703	323761.3125	-56.2000007629	2372.39990234	0.0	-24.2999992371	-49.5999984741	479.0	280.0	0.0	22.0	19964.9003906	5423.89990234	0.0	1729.0	0.0	0.0	0.0	0.0	-3983034.75	-3983034.75	-3983034.75	-3983034.75	
1.0	2838.35009766	323504.3125	-56.2000007629	2353.39990234	0.0	-26.2999992371	-49.5999984741	534.0	335.0	0.0	16.0	20581.9003906	5461.89990234	0.0	1786.0	0.0	0.0	0.0	0.0	-2554420.75	-2554420.75	-2554420.75	-2554420.75	
1.0	2838.50073242	323546.3125	-77.1999969482	2384.39990234	0.0	-26.2999992371	-47.5999984741	534.0	350.0	0.0	16.0	19990.9003906	5552.89990234	0.0	1811.0	0.0	0.0	0.0	0.0	-2878207.75	-2878207.75	-2878207.75	-2878207.75	
1.0	2838.64868164	323621.3125	-72.1999969482	2374.39990234	0.0	-27.2999992371	-46.5999984741	603.0	378.0	0.0	14.0	20632.9003906	5681.89990234	0.0	1733.0	0.0	0.0	0.0	0.0	-2563826.75	-2563826.75	-2563826.75	-2563826.75	
1.0	2838.79931641	323633.3125	-61.2000007629	2363.39990234	0.0	-28.2999992371	-41.5999984741	636.0	459.0	0.0	27.0	19931.9003906	5730.89990234	0.0	1738.0	0.0	0.0	0.0	0.0	-2864382.75	-2864382.75	-2864382.75	-2864382.75	
1.0	2838.94995117	323458.3125	-54.2000007629	2372.39990234	0.0	-25.2999992371	-42.5999984741	671.0	458.0	0.0	22.0	20174.9003906	5749.89990234	0.0	1719.0	0.0	0.0	0.0	0.0	-3285038.75	-3285038.75	-3285038.75	-3285038.75	
1.0	2839.10058594	323432.3125	-56.2000007629	2359.39990234	0.0	-26.2999992371	-45.5999984741	741.0	505.0	0.0	17.0	20601.9003906	5690.89990234	0.0	1838.0	0.0	0.0	0.0	0.0	-3562599.75	-3562599.75	-3562599.75	-3562599.75	
1.0	2839.2487793	323565.3125	-56.2000007629	2369.39990234	0.0	-25.2999992371	-44.5999984741	837.0	581.0	0.0	27.0	20606.9003906	5804.89990234	0.0	1787.0	0.0	0.0	0.0	0.0	-2998591.75	-2998591.75	-2998591.75	-2998591.75	
1.0	2839.39941406	323395.3125	-56.2000007629	2363.39990234	0.0	-25.2999992371	-42.5999984741	901.0	671.0	0.0	18.0	20596.9003906	6091.89990234	0.0	1713.0	0.0	0.0	0.0	0.0	-2505910.75	-2505910.75	-2505910.75	-2505910.75	
1.0	2839.55004883	323238.3125	-51.2000007629	2369.39990234	0.0	-28.2999992371	-42.5999984741	998.0	781.0	0.0	22.0	20899.9003906	6296.89990234	0.0	1731.0	0.0	0.0	0.0	0.0	-2605660.75	-2605660.75	-2605660.75	-2605660.75	
1.0	2839.70092773	323157.3125	-51.2000007629	2377.39990234	0.0	-26.2999992371	-40.5999984741	1136.0	876.0	0.0	20.0	20701.9003906	6488.89990234	0.0	1709.0	0.0	0.0	0.0	0.0	-2801877.75	-2801877.75	-2801877.75	-2801877.75	
1.0	2839.84912109	323252.3125	-55.2000007629	2371.39990234	0.0	-28.2999992371	-38.5999984741	1328.0	979.0	0.0	24.0	21422.9003906	6594.89990234	0.0	1795.0	0.0	0.0	0.0	0.0	-2705017.75	-2705017.75	-2705017.75	-2705017.75	
1.0	2840.0	323094.3125	-57.2000007629	2363.39990234	0.0	-25.2999992371	-36.5999984741	1413.0	1130.0	0.0	26.0	20834.9003906	6826.89990234	0.0	1730.0	0.0	0.0	0.0	0.0	-3578094.75	-3578094.75	-3578094.75	-3578094.75	
1.0	2840.15063477	323300.3125	-57.2000007629	2372.39990234	0.0	-24.2999992371	-36.5999984741	1524.0	1285.0	0.0	23.0	20834.9003906	6985.89990234	0.0	1734.0	0.0	0.0	0.0	0.0	-3013045.75	-3013045.75	-3013045.75	-3013045.75	
1.0	2840.29907227	323115.3125	-54.2000007629	2380.39990234	0.0	-25.2999992371	-42.5999984741	1764.0	1422.0	0.0	28.0	21359.9003906	7441.89990234	0.0	1696.0	0.0	0.0	0.0	0.0	-2611323.75	-2611323.75	-2611323.75	-2611323.75	
1.0	2840.44970703	323237.3125	-57.2000007629	2361.39990234	0.0	-40.2999992371	-40.5999984741	1949.0	1585.0	0.0	15.0	21819.9003906	7590.89990234	0.0	1774.0	0.0	0.0	0.0	0.0	-2799392.75	-2799392.75	-2799392.75	-2799392.75	
1.0	2840.60058594	322955.3125	-61.2000007629	2388.39990234	0.0	-38.2999992371	-42.5999984741	1953.0	1673.0	0.0	17.0	21354.9003906	7919.89990234	0.0	1751.0	0.0	0.0	0.0	0.0	-2880775.75	-2880775.75	-2880775.75	-2880775.75	
1.0	2840.74902344	323138.3125	-60.2000007629	2354.39990234	0.0	-40.2999992371	-41.5999984741	2087.0	1781.0	0.0	20.0	21844.9003906	7944.89990234	0.0	1789.0	0.0	0.0	0.0	0.0	-2786007.75	-2786007.75	-2786007.75	-2786007.75	
1.0	2840.89990234	323196.3125	-62.2000007629	2366.39990234	0.0	-42.2999992371	-44.5999984741	2208.0	1865.0	0.0	25.0	21329.9003906	8275.90039062	0.0	1792.0	0.0	0.0	0.0	0.0	-2496026.75	-2496026.75	-2496026.75	-2496026.75	
1.0	2841.05102539	323119.3125	-58.2000007629	2382.39990234	0.0	-42.2999992371	-43.5999984741	2206.0	1791.0	0.0	16.0	21828.9003906	8037.89990234	0.0	1722.0	0.0	0.0	0.0	0.0	-2771565.75	-2771565.75	-2771565.75	-2771565.75	
1.0	2841.19921875	322789.3125	-62.2000007629	2365.39990234	0.0	-41.2999992371	-43.5999984741	2156.0	1770.0	0.0	15.0	21173.9003906	8007.89990234	0.0	1780.0	0.0	0.0	0.0	0.0	-2903393.75	-2903393.75	-2903393.75	-2903393.75	
1.0	2841.3503418	322905.3125	-61.2000007629	2353.39990234	0.0	-43.2999992371	-43.5999984741	2140.0	1684.0	0.0	16.0	21475.9003906	7753.89990234	0.0	1802.0	0.0	0.0	0.0	0.0	-3099749.75	-3099749.75	-3099749.75	-3099749.75	
1.0	2841.4987793	323149.3125	-60.2000007629	2375.39990234	0.0	-45.2999992371	-42.5999984741	2017.0	1654.0	0.0	22.0	21917.9003906	7717.89990234	0.0	1759.0	0.0	0.0	0.0	0.0	-2841917.75	-2841917.75	-2841917.75	-2841917.75	
1.0	2841.64990234	323166.3125	-52.2000007629	2373.39990234	0.0	-44.2999992371	-45.5999984741	1907.0	1495.0	0.0	22.0	21910.9003906	7697.89990234	0.0	1826.0	0.0	0.0	0.0	0.0	-2673556.75	-2673556.75	-2673556.75	-2673556.75	
1.0	2841.80078125	322845.3125	-49.2000007629	2331.39990234	0.0	-48.2999992371	-44.5999984741	1833.0	1350.0	0.0	23.0	21802.9003906	7264.89990234	0.0	1739.0	0.0	0.0	0.0	0.0	-2901318.75	-2901318.75	-2901318.75	-2901318.75	
1.0	2841.94946289	322892.3125	-52.2000007629	2369.39990234	0.0	-45.2999992371	-41.5999984741	1659.0	1346.0	0.0	14.0	21230.9003906	7357.89990234	0.0	1825.0	0.0	0.0	0.0	0.0	-3290927.75	-3290927.75	-3290927.75	-3290927.75	
1.0	2842.10058594	323002.3125	-52.2000007629	2357.39990234	0.0	-46.2999992371	-41.5999984741	1502.0	1112.0	0.0	23.0	21035.9003906	7064.89990234	0.0	1814.0	0.0	0.0	0.0	0.0	-2936040.75	-2936040.75	-2936040.75	-2936040.75	
1.0	2842.24902344	323038.3125	-47.2000007629	2367.39990234	0.0	-43.2999992371	-39.5999984741	1384.0	1058.0	0.0	30.0	21520.9003906	6833.89990234	0.0	1809.0	0.0	0.0	0.0	0.0	-2629340.75	-2629340.75	-2629340.75	-2629340.75	
1.0	2842.40014648	322825.3125	-49.2000007629	2357.39990234	0.0	-45.2999992371	-43.5999984741	1362.0	969.0	0.0	11.0	21566.9003906	6782.89990234	0.0	1811.0	0.0	0.0	0.0	0.0	-3050989.75	-3050989.75	-3050989.75	-3050989.75	
1.0	2842.54882812	322755.3125	-50.2000007629	2357.39990234	0.0	-43.2999992371	-43.5999984741	1156.0	955.0	0.0	18.0	20799.9003906	6535.89990234	0.0	1775.0	0.0	0.0	0.0	0.0	-3263140.75	-3263140.75	-3263140.75	-3263140.75	
1.0	2842.69995117	322946.3125	-52.2000007629	2343.39990234	0.0	-45.2999992371	-49.5999984741	1254.0	923.0	0.0	16.0	21570.9003906	6598.89990234	0.0	1729.0	0.0	0.0	0.0	0.0	-2627225.75	-2627225.75	-2627225.75	-2627225.75	
1.0	2842.84863281	323025.3125	-50.2000007629	2393.39990234	0.0	-46.2999992371	-55.5999984741	1118.0	824.0	0.0	14.0	21794.9003906	6546.89990234	0.0	1694.0	0.0	0.0	0.0	0.0	-3040642.75	-3040642.75	-3040642.75	-3040642.75	
1.0	2843.0	322822.3125	-52.2000007629	2355.39990234	0.0	-45.2999992371	-44.5999984741	1065.0	728.0	0.0	16.0	21168.9003906	6461.89990234	0.0	1779.0	0.0	0.0	0.0	0.0	-3236592.75	-3236592.75	-3236592.75	-3236592.75	
1.0	2843.15136719	322676.3125	-53.2000007629	2375.39990234	0.0	-45.2999992371	-46.5999984741	1067.0	792.0	0.0	12.0	21682.9003906	6311.89990234	0.0	1793.0	0.0	0.0	0.0	0.0	-3018949.75	-3018949.75	-3018949.75	-3018949.75	
1.0	2843.30004883	322661.3125	-55.2000007629	2368.39990234	0.0	-45.2999992371	-42.5999984741	1017.0	760.0	0.0	27.0	21249.9003906	6443.89990234	0.0	1759.0	0.0	0.0	0.0	0.0	-3145824.75	-3145824.75	-3145824.75	-3145824.75	
1.0	2843.44873047	322644.3125	-50.2000007629	2382.39990234	0.0	-45.2999992371	-41.5999984741	1040.0	776.0	0.0	16.0	21562.9003906	6339.89990234	0.0	1747.0	0.0	0.0	0.0	0.0	-3117711.75	-3117711.75	-3117711.75	-3117711.75	
1.0	2843.60009766	322603.3125	-52.2000007629	2357.39990234	0.0	-43.2999992371	-44.5999984741	1060.0	764.0	0.0	14.0	21834.9003906	6494.89990234	0.0	1803.0	0.0	0.0	0.0	0.0	-2617143.75	-2617143.75	-2617143.75	-2617143.75	
1.0	2843.74902344	323055.3125	-54.2000007629	2356.39990234	0.0	-42.2999992371	-43.5999984741	1012.0	808.0	0.0	21.0	21366.9003906	6601.89990234	0.0	1701.0	0.0	0.0	0.0	0.0	-2974510.75	-2974510.75	-2974510.75	-2974510.75	
1.0	2843.90039062	324281.3125	-51.2000007629	2381.39990234	0.0	-44.2999992371	-44.5999984741	1013.0	739.0	0.0	21.0	22000.9003906	6456.89990234	0.0	1932.0	0.0	0.0	0.0	0.0	-2579980.75	-2579980.75	-2579980.75	-2579980.75	
1.0	2844.04907227	325518.3125	-56.2000007629	2381.39990234	0.0	-46.2999992371	-47.5999984741	1004.0	783.0	0.0	22.0	21334.9003906	6550.89990234	0.0	1728.0	0.0	0.0	0.0	0.0	-2894882.75	-2894882.75	-2894882.75	-2894882.75	
1.0	2844.20068359	326622.3125	-53.2000007629	2388.39990234	0.0	-44.2999992371	-47.5999984741	1036.0	773.0	0.0	15.0	21480.9003906	6573.89990234	0.0	1831.0	0.0	0.0	0.0	0.0	-2736093.75	-2736093.75	-2736093.75	-2736093.75	
1.0	2844.34936523	326972.3125	-55.2000007629	2393.39990234	0.0	-44.2999992371	-47.5999984741	982.0	701.0	0.0	24.0	21434.9003906	6409.89990234	0.0	1749.0	0.0	0.0	0.0	0.0	-2593383.75	-2593383.75	-2593383.75	-2593383.75	
1.0	2844.50097656	326945.3125	-56.2000007629	2404.39990234	0.0	-44.2999992371	-49.5999984741	998.0	657.0	0.0	22.0	22448.9003906	6246.89990234	0.0	1865.0	0.0	0.0	0.0	0.0	-2660736.75	-2660736.75	-2660736.75	-2660736.75	
1.0	2844.64990234	326869.3125	-56.2000007629	2388.39990234	0.0	-44.2999992371	-50.5999984741	937.0	644.0	0.0	15.0	21500.9003906	6287.89990234	0.0	1908.0	0.0	0.0	0.0	0.0	-2889631.75	-2889631.75	-2889631.75	-2889631.75	
1.0	2844.79882812	326902.3125	-53.2000007629	2407.39990234	0.0	-42.2999992371	-48.5999984741	910.0	646.0	0.0	16.0	21566.9003906	6311.89990234	0.0	1812.0	0.0	0.0	0.0	0.0	-3108637.75	-3108637.75	-3108637.75	-3108637.75	
1.0	2844.95043945	326933.3125	-53.2000007629	2381.39990234	0.0	-40.2999992371	-50.5999984741	825.0	630.0	0.0	11.0	21656.9003906	6487.89990234	0.0	1759.0	0.0	0.0	0.0	0.0	-3066624.75	-3066624.75	-3066624.75	-3066624.75	
1.0	2845.09936523	326730.3125	-51.2000007629	2385.39990234	0.0	-39.2999992371	-46.5999984741	800.0	576.0	0.0	15.0	21326.9003906	6247.89990234	0.0	1810.0	0.0	0.0	0.0	0.0	-3199088.75	-3199088.75	-3199088.75	-3199088.75	
1.0	2845.25097656	326839.3125	-62.2000007629	2384.39990234	0.0	-42.2999992371	-46.5999984741	848.0	541.0	0.0	15.0	22099.9003906	6086.89990234	0.0	1837.0	0.0	0.0	0.0	0.0	-2539090.75	-2539090.75	-2539090.75	-2539090.75	
1.0	2845.40014648	326860.3125	-61.2000007629	2376.39990234	0.0	-41.2999992371	-46.5999984741	760.0	518.0	0.0	16.0	22039.9003906	6214.89990234	0.0	1840.0	0.0	0.0	0.0	0.0	-2653586.75	-2653586.75	-2653586.75	-2653586.75	
1.0	2845.54907227	327067.3125	-62.2000007629	2408.39990234	0.0	-39.2999992371	-46.5999984741	710.0	500.0	0.0	22.0	21472.9003906	6055.89990234	0.0	1878.0	0.0	0.0	0.0	0.0	-3315839.75	-3315839.75	-3315839.75	-3315839.75	
1.0	2845.70092773	326903.3125	-61.2000007629	2362.39990234	0.0	-42.2999992371	-48.5999984741	694.0	493.0	0.0	21.0	21876.9003906	6258.89990234	0.0	1791.0	0.0	0.0	0.0	0.0	-3249971.75	-3249971.75	-3249971.75	-3249971.75	
1.0	2845.85009766	326748.3125	-62.2000007629	2392.39990234	0.0	-41.2999992371	-49.5999984741	684.0	432.0	0.0	11.0	21553.9003906	6029.89990234	0.0	1739.0	0.0	0.0	0.0	0.0	-3032580.75	-3032580.75	-3032580.75	-3032580.75	
1.0	2845.99902344	326777.3125	-61.2000007629	2384.39990234	0.0	-40.2999992371	-45.5999984741	674.0	437.0	0.0	19.0	21711.9003906	6015.89990234	0.0	1771.0	0.0	0.0	0.0	0.0	-3067880.75	-3067880.75	-3067880.75	-3067880.75	
1.0	2846.15087891	326722.3125	-62.2000007629	2385.39990234	0.0	-37.2999992371	-45.5999984741	638.0	442.0	0.0	20.0	21914.9003906	6084.89990234	0.0	1822.0	0.0	0.0	0.0	0.0	-3167807.75	-3167807.75	-3167807.75	-3167807.75	
1.0	2846.30004883	326571.3125	-62.2000007629	2395.39990234	0.0	-24.2999992371	-45.5999984741	604.0	367.0	0.0	15.0	21692.9003906	6030.89990234	0.0	1866.0	0.0	0.0	0.0	0.0	-2763910.75	-2763910.75	-2763910.75	-2763910.75	
1.0	2846.44921875	326749.3125	-61.2000007629	2399.39990234	0.0	-25.2999992371	-53.5999984741	585.0	397.0	0.0	15.0	21623.9003906	6019.89990234	0.0	1749.0	0.0	0.0	0.0	0.0	-2959836.75	-2959836.75	-2959836.75	-2959836.75	
1.0	2846.60107422	326770.3125	-61.2000007629	2391.39990234	0.0	-24.2999992371	-59.5999984741	592.0	380.0	0.0	28.0	21959.9003906	5937.89990234	0.0	1871.0	0.0	0.0	0.0	0.0	-2733619.75	-2733619.75	-2733619.75	-2733619.75	
1.0	2846.75024414	326694.3125	-64.1999969482	2384.39990234	0.0	-25.2999992371	-56.5999984741	598.0	381.0	0.0	30.0	21696.9003906	6149.89990234	0.0	1787.0	0.0	0.0	0.0	0.0	-2499204.75	-2499204.75	-2499204.75	-2499204.75	
1.0	2846.8996582	326498.3125	-62.2000007629	2384.39990234	0.0	-26.2999992371	-58.5999984741	607.0	368.0	0.0	20.0	21935.9003906	6031.89990234	0.0	1855.0	0.0	0.0	0.0	0.0	-3274717.75	-3274717.75	-3274717.75	-3274717.75	
1.0	2847.04907227	326490.3125	-63.2000007629	2393.39990234	0.0	-24.2999992371	-58.5999984741	585.0	326.0	0.0	18.0	22468.9003906	5824.89990234	0.0	1850.0	0.0	0.0	0.0	0.0	-2710110.75	-2710110.75	-2710110.75	-2710110.75	
1.0	2847.20092773	326495.3125	-61.2000007629	2390.39990234	0.0	-28.2999992371	-71.5999984741	579.0	354.0	0.0	15.0	21990.9003906	6009.89990234	0.0	1756.0	0.0	0.0	0.0	0.0	-2615929.75	-2615929.75	-2615929.75	-2615929.75	
1.0	2847.3503418	326638.3125	-63.2000007629	2380.39990234	0.0	-25.2999992371	-75.5999984741	570.0	337.0	0.0	24.0	21913.9003906	5992.89990234	0.0	1881.0	0.0	0.0	0.0	0.0	-2581959.75	-2581959.75	-2581959.75	-2581959.75	
1.0	2847.49951172	326448.3125	-61.2000007629	2376.39990234	0.0	-37.2999992371	-68.5999984741	582.0	335.0	0.0	23.0	22596.9003906	5799.89990234	0.0	1858.0	0.0	0.0	0.0	0.0	-2875971.75	-2875971.75	-2875971.75	-2875971.75	
1.0	2847.64892578	326469.3125	-63.2000007629	2404.39990234	0.0	-40.2999992371	-58.5999984741	555.0	348.0	0.0	24.0	21806.9003906	5885.89990234	0.0	1867.0	0.0	0.0	0.0	0.0	-3297791.75	-3297791.75	-3297791.75	-3297791.75	
1.0	2847.80102539	326453.3125	-61.2000007629	2412.39990234	0.0	-42.2999992371	-60.5999984741	580.0	325.0	0.0	27.0	22090.9003906	6096.89990234	0.0	1848.0	0.0	0.0	0.0	0.0	-2734185.75	-2734185.75	-2734185.75	-2734185.75	
1.0	2847.95043945	326342.3125	-60.2000007629	2382.39990234	0.0	-41.2999992371	-61.5999984741	511.0	326.0	0.0	23.0	22020.9003906	5903.89990234	0.0	1762.0	0.0	0.0	0.0	0.0	-2640430.75	-2640430.75	-2640430.75	-2640430.75	
1.0	2848.09985352	326533.3125	-61.2000007629	2404.39990234	0.0	-41.2999992371	-56.5999984741	615.0	323.0	0.0	17.0	22050.9003906	6040.89990234	0.0	1875.0	0.0	0.0	0.0	0.0	-2739805.75	-2739805.75	-2739805.75	-2739805.75	
1.0	2848.24951172	326595.3125	-57.2000007629	2389.39990234	0.0	-37.2999992371	-58.5999984741	569.0	314.0	0.0	17.0	22372.9003906	5827.89990234	0.0	1783.0	0.0	0.0	0.0	0.0	-3239688.75	-3239688.75	-3239688.75	-3239688.75	
1.0	2848.39892578	326538.3125	-58.2000007629	2406.39990234	0.0	-34.2999992371	-57.5999984741	541.0	330.0	0.0	19.0	21632.9003906	5842.89990234	0.0	1878.0	0.0	0.0	0.0	0.0	-2599120.75	-2599120.75	-2599120.75	-2599120.75	
1.0	2848.55102539	326298.3125	-56.2000007629	2389.39990234	0.0	-31.2999992371	-53.5999984741	573.0	309.0	0.0	20.0	22231.9003906	5884.89990234	0.0	1866.0	0.0	0.0	0.0	0.0	-2698981.75	-2698981.75	-2698981.75	-2698981.75	
1.0	2848.70068359	326582.3125	-60.2000007629	2394.39990234	0.0	-33.2999992371	-54.5999984741	566.0	305.0	0.0	18.0	22486.9003906	5970.89990234	0.0	1805.0	0.0	0.0	0.0	0.0	-3068937.75	-3068937.75	-3068937.75	-3068937.75	
1.0	2848.85009766	326350.3125	-56.2000007629	2384.39990234	0.0	-33.2999992371	-52.5999984741	563.0	318.0	0.0	14.0	21980.9003906	6026.89990234	0.0	1885.0	0.0	0.0	0.0	0.0	-2798044.75	-2798044.75	-2798044.75	-2798044.75	
1.0	2848.99975586	326521.3125	-58.2000007629	2384.39990234	0.0	-33.2999992371	-52.5999984741	584.0	320.0	0.0	14.0	22245.9003906	6009.89990234	0.0	1822.0	0.0	0.0	0.0	0.0	-3203824.75	-3203824.75	-3203824.75	-3203824.75	
1.0	2849.14941406	326497.3125	-57.2000007629	2391.39990234	0.0	-33.2999992371	-44.5999984741	569.0	335.0	0.0	24.0	22066.9003906	6032.89990234	0.0	1931.0	0.0	0.0	0.0	0.0	-2925549.75	-2925549.75	-2925549.75	-2925549.75	
1.0	2849.29907227	326458.3125	-59.2000007629	2405.39990234	0.0	-26.2999992371	-40.5999984741	561.0	393.0	0.0	14.0	22465.9003906	5939.89990234	0.0	1801.0	0.0	0.0	0.0	0.0	-2534772.75	-2534772.75	-2534772.75	-2534772.75	
1.0	2849.44873047	326134.3125	-63.2000007629	2392.39990234	0.0	-23.2999992371	-50.5999984741	579.0	366.0	0.0	22.0	22359.9003906	6031.89990234	0.0	1798.0	0.0	0.0	0.0	0.0	-3004302.75	-3004302.75	-3004302.75	-3004302.75	
1.0	2849.60107422	326230.3125	-60.2000007629	2383.39990234	0.0	-26.2999992371	-44.5999984741	573.0	342.0	0.0	18.0	22392.9003906	6012.89990234	0.0	1824.0	0.0	0.0	0.0	0.0	-2904463.75	-2904463.75	-2904463.75	-2904463.75	
1.0	2849.75073242	326156.3125	-66.1999969482	2387.39990234	0.0	-24.2999992371	-44.5999984741	547.0	340.0	0.0	20.0	22069.9003906	5987.89990234	0.0	2009.0	0.0	0.0	0.0	0.0	-2817651.75	-2817651.75	-2817651.75	-2817651.75	
1.0	2849.90063477	326207.3125	-61.2000007629	2377.39990234	0.0	-26.2999992371	-45.5999984741	567.0	354.0	0.0	20.0	21674.9003906	6199.89990234	0.0	1913.0	0.0	0.0	0.0	0.0	-3166312.75	-3166312.75	-3166312.75	-3166312.75	
1.0	2850.05029297	326544.3125	-57.2000007629	2397.39990234	0.0	-26.2999992371	-47.5999984741	557.0	393.0	0.0	25.0	22266.9003906	6203.89990234	0.0	1745.0	0.0	0.0	0.0	0.0	-3057200.75	-3057200.75	-3057200.75	-3057200.75	
1.0	2850.20019531	326336.3125	-58.2000007629	2382.39990234	0.0	-24.2999992371	-49.5999984741	618.0	351.0	0.0	19.0	22655.9003906	6090.89990234	0.0	1799.0	0.0	0.0	0.0	0.0	-2545695.75	-2545695.75	-2545695.75	-2545695.75	
1.0	2850.34985352	326199.3125	-57.2000007629	2385.39990234	0.0	-23.2999992371	-46.5999984741	578.0	363.0	0.0	25.0	21887.9003906	6156.89990234	0.0	1928.0	0.0	0.0	0.0	0.0	-2774916.75	-2774916.75	-2774916.75	-2774916.75	
1.0	2850.49975586	326390.3125	-53.2000007629	2384.39990234	0.0	-21.2999992371	-46.5999984741	610.0	373.0	0.0	19.0	22634.9003906	6076.89990234	0.0	1827.0	0.0	0.0	0.0	0.0	-3128758.75	-3128758.75	-3128758.75	-3128758.75	
1.0	2850.6496582	326238.3125	-61.2000007629	2382.39990234	0.0	-28.2999992371	-46.5999984741	582.0	345.0	0.0	15.0	22534.9003906	6041.89990234	0.0	1906.0	0.0	0.0	0.0	0.0	-2696096.75	-2696096.75	-2696096.75	-2696096.75	
1.0	2850.79956055	326196.3125	-56.2000007629	2383.39990234	0.0	-26.2999992371	-45.5999984741	622.0	345.0	0.0	19.0	22560.9003906	6236.89990234	0.0	1836.0	0.0	0.0	0.0	0.0	-2860673.75	-2860673.75	-2860673.75	-2860673.75	
1.0	2850.94946289	326156.3125	-55.2000007629	2411.39990234	0.0	-33.2999992371	-59.5999984741	569.0	380.0	0.0	18.0	21956.9003906	6028.89990234	0.0	1831.0	0.0	0.0	0.0	0.0	-3294631.75	-3294631.75	-3294631.75	-3294631.75	
1.0	2851.09936523	325986.3125	-56.2000007629	2389.39990234	0.0	-33.2999992371	-61.5999984741	608.0	377.0	0.0	21.0	22405.9003906	6004.89990234	0.0	1943.0	0.0	0.0	0.0	0.0	-2927867.75	-2927867.75	-2927867.75	-2927867.75	
1.0	2851.24926758	326021.3125	-55.2000007629	2378.39990234	0.0	-30.2999992371	-45.5999984741	598.0	380.0	0.0	18.0	22120.9003906	5984.89990234	0.0	1874.0	0.0	0.0	0.0	0.0	-3043577.75	-3043577.75	-3043577.75	-3043577.75	
1.0	2851.39941406	326240.3125	-59.2000007629	2384.39990234	0.0	-32.2999992371	-44.5999984741	660.0	405.0	0.0	15.0	22555.9003906	6191.89990234	0.0	1831.0	0.0	0.0	0.0	0.0	-2782584.75	-2782584.75	-2782584.75	-2782584.75	
1.0	2851.54931641	326048.3125	-57.2000007629	2387.39990234	0.0	-32.2999992371	-43.5999984741	596.0	382.0	0.0	15.0	22190.9003906	6138.89990234	0.0	1870.0	0.0	0.0	0.0	0.0	-3143162.75	-3143162.75	-3143162.75	-3143162.75	
1.0	2851.69946289	325838.3125	-58.2000007629	2386.39990234	0.0	-32.2999992371	-45.5999984741	620.0	364.0	0.0	18.0	22971.9003906	6183.89990234	0.0	1770.0	0.0	0.0	0.0	0.0	-2764581.75	-2764581.75	-2764581.75	-2764581.75	
1.0	2851.84936523	325822.3125	-58.2000007629	2404.39990234	0.0	-32.2999992371	-43.5999984741	611.0	355.0	0.0	18.0	22890.9003906	6029.89990234	0.0	1840.0	0.0	0.0	0.0	0.0	-3012410.75	-3012410.75	-3012410.75	-3012410.75	
1.0	2851.99951172	325998.3125	-58.2000007629	2387.39990234	0.0	-31.2999992371	-40.5999984741	595.0	395.0	0.0	21.0	23028.9003906	6217.89990234	0.0	1874.0	0.0	0.0	0.0	0.0	-2620172.75	-2620172.75	-2620172.75	-2620172.75	
1.0	2852.1496582	326052.3125	-57.2000007629	2376.39990234	0.0	-34.2999992371	-42.5999984741	578.0	320.0	0.0	16.0	22943.9003906	6060.89990234	0.0	1809.0	0.0	0.0	0.0	0.0	-2655708.75	-2655708.75	-2655708.75	-2655708.75	
1.0	2852.29956055	326070.3125	-58.2000007629	2416.39990234	0.0	-34.2999992371	-41.5999984741	574.0	361.0	0.0	12.0	22350.9003906	6095.89990234	0.0	1804.0	0.0	0.0	0.0	0.0	-2935826.75	-2935826.75	-2935826.75	-2935826.75	
1.0	2852.44970703	325995.3125	-56.2000007629	2392.39990234	0.0	-33.2999992371	-40.5999984741	612.0	356.0	0.0	20.0	22550.9003906	6041.89990234	0.0	1830.0	0.0	0.0	0.0	0.0	-3312422.75	-3312422.75	-3312422.75	-3312422.75	
1.0	2852.60009766	326022.3125	-56.2000007629	2392.39990234	0.0	-39.2999992371	-41.5999984741	535.0	353.0	0.0	16.0	22292.9003906	6059.89990234	0.0	1860.0	0.0	0.0	0.0	0.0	-3221195.75	-3221195.75	-3221195.75	-3221195.75	
1.0	2852.75024414	326075.3125	-59.2000007629	2397.39990234	0.0	-50.2999992371	-42.5999984741	572.0	338.0	0.0	14.0	22780.9003906	6036.89990234	0.0	1847.0	0.0	0.0	0.0	0.0	-3614667.75	-3614667.75	-3614667.75	-3614667.75	
1.0	2852.90039062	325802.3125	-58.2000007629	2401.39990234	0.0	-48.2999992371	-46.5999984741	566.0	331.0	0.0	16.0	23082.9003906	6011.89990234	0.0	1887.0	0.0	0.0	0.0	0.0	-3320869.75	-3320869.75	-3320869.75	-3320869.75	
1.0	2853.05053711	325974.3125	-58.2000007629	2401.39990234	0.0	-47.2999992371	-44.5999984741	575.0	338.0	0.0	19.0	22857.9003906	6105.89990234	0.0	1875.0	0.0	0.0	0.0	0.0	-2723980.75	-2723980.75	-2723980.75	-2723980.75	
1.0	2853.20092773	325810.3125	-57.2000007629	2403.39990234	0.0	-47.2999992371	-45.5999984741	566.0	325.0	0.0	18.0	22645.9003906	6064.89990234	0.0	1878.0	0.0	0.0	0.0	0.0	-3079370.75	-3079370.75	-3079370.75	-3079370.75	
1.0	2853.35107422	325904.3125	-56.2000007629	2391.39990234	0.0	-47.2999992371	-44.5999984741	531.0	355.0	0.0	27.0	22747.9003906	6254.89990234	0.0	1917.0	0.0	0.0	0.0	0.0	-2574821.75	-2574821.75	-2574821.75	-2574821.75	
1.0	2853.4987793	325749.3125	-60.2000007629	2403.39990234	0.0	-48.2999992371	-44.5999984741	582.0	311.0	0.0	16.0	23096.9003906	6141.89990234	0.0	1936.0	0.0	0.0	0.0	0.0	-3180842.75	-3180842.75	-3180842.75	-3180842.75	
1.0	2853.64916992	325904.3125	-59.2000007629	2417.39990234	0.0	-35.2999992371	-43.5999984741	507.0	360.0	0.0	13.0	22892.9003906	6123.89990234	0.0	1791.0	0.0	0.0	0.0	0.0	-3056573.75	-3056573.75	-3056573.75	-3056573.75	
1.0	2853.79956055	325602.3125	-58.2000007629	2379.39990234	0.0	-33.2999992371	-43.5999984741	565.0	331.0	0.0	22.0	23047.9003906	6220.89990234	0.0	1910.0	0.0	0.0	0.0	0.0	-2784992.75	-2784992.75	-2784992.75	-2784992.75	
1.0	2853.94995117	325819.3125	-56.2000007629	2412.39990234	0.0	-34.2999992371	-45.5999984741	495.0	321.0	0.0	23.0	22829.9003906	6077.89990234	0.0	1865.0	0.0	0.0	0.0	0.0	-2885095.75	-2885095.75	-2885095.75	-2885095.75	
1.0	2854.1003418	325833.3125	-58.2000007629	2416.39990234	0.0	-31.2999992371	-45.5999984741	540.0	342.0	0.0	27.0	23060.9003906	6035.89990234	0.0	1883.0	0.0	0.0	0.0	0.0	-3414492.75	-3414492.75	-3414492.75	-3414492.75	
1.0	2854.25073242	325661.3125	-54.2000007629	2405.39990234	0.0	-31.2999992371	-48.5999984741	559.0	357.0	0.0	25.0	22859.9003906	6165.89990234	0.0	1914.0	0.0	0.0	0.0	0.0	-2965573.75	-2965573.75	-2965573.75	-2965573.75	
1.0	2854.40112305	325711.3125	-60.2000007629	2397.39990234	0.0	-30.2999992371	-54.5999984741	565.0	309.0	0.0	15.0	23211.9003906	6095.89990234	0.0	1874.0	0.0	0.0	0.0	0.0	-2748115.75	-2748115.75	-2748115.75	-2748115.75	
1.0	2854.54907227	325709.3125	-57.2000007629	2396.39990234	0.0	-32.2999992371	-62.5999984741	580.0	336.0	0.0	16.0	23043.9003906	6124.89990234	0.0	1839.0	0.0	0.0	0.0	0.0	-3043478.75	-3043478.75	-3043478.75	-3043478.75	
1.0	2854.69946289	325569.3125	-59.2000007629	2383.39990234	0.0	-33.2999992371	-61.5999984741	552.0	337.0	0.0	26.0	22820.9003906	6069.89990234	0.0	1860.0	0.0	0.0	0.0	0.0	-2636448.75	-2636448.75	-2636448.75	-2636448.75	
1.0	2854.85009766	325649.3125	-61.2000007629	2392.39990234	0.0	-38.2999992371	-65.5999984741	581.0	315.0	0.0	24.0	22691.9003906	6185.89990234	0.0	1811.0	0.0	0.0	0.0	0.0	-3185168.75	-3185168.75	-3185168.75	-3185168.75	
1.0	2855.00048828	325662.3125	-59.2000007629	2388.39990234	0.0	-39.2999992371	-62.5999984741	601.0	301.0	0.0	22.0	22772.9003906	6103.89990234	0.0	1846.0	0.0	0.0	0.0	0.0	-3264951.75	-3264951.75	-3264951.75	-3264951.75	
1.0	2855.49902344	325832.3125	-62.2000007629	2385.39990234	0.0	-37.2999992371	-62.5999984741	551.0	346.0	0.0	15.0	23113.9003906	6285.89990234	0.0	1905.0	0.0	0.0	0.0	0.0	-2555540.75	-2555540.75	-2555540.75	-2555540.75	
1.0	2856.00048828	325840.3125	-60.2000007629	2419.39990234	0.0	-32.2999992371	-62.5999984741	566.0	321.0	0.0	30.0	22837.9003906	6147.89990234	0.0	1889.0	0.0	0.0	0.0	0.0	-3141907.75	-3141907.75	-3141907.75	-3141907.75	
1.0	2856.49926758	325694.3125	-59.2000007629	2402.39990234	0.0	-32.2999992371	-62.5999984741	595.0	391.0	0.0	22.0	23181.9003906	6313.89990234	0.0	1880.0	0.0	0.0	0.0	0.0	-2549601.75	-2549601.75	-2549601.75	-2549601.75	
1.0	2857.0012207	325801.3125	-57.2000007629	2386.39990234	0.0	-27.2999992371	-62.5999984741	572.0	358.0	0.0	24.0	22906.9003906	6277.89990234	0.0	1933.0	0.0	0.0	0.0	0.0	-2578461.75	-2578461.75	-2578461.75	-2578461.75	
1.0	2857.50073242	325800.3125	-60.2000007629	2401.39990234	0.0	-23.2999992371	-61.5999984741	601.0	365.0	0.0	19.0	23665.9003906	6297.89990234	0.0	1900.0	0.0	0.0	0.0	0.0	-2775980.75	-2775980.75	-2775980.75	-2775980.75	
1.0	2858.00048828	325687.3125	-62.2000007629	2401.39990234	0.0	-25.2999992371	-57.5999984741	564.0	331.0	0.0	29.0	23380.9003906	6147.89990234	0.0	1981.0	0.0	0.0	0.0	0.0	-2806190.75	-2806190.75	-2806190.75	-2806190.75	
1.0	2858.50048828	325745.3125	-61.2000007629	2410.39990234	0.0	-27.2999992371	-61.5999984741	586.0	381.0	0.0	17.0	23448.9003906	6218.89990234	0.0	1867.0	0.0	0.0	0.0	0.0	-3243687.75	-3243687.75	-3243687.75	-3243687.75	
1.0	2859.00073242	325642.3125	-58.2000007629	2401.39990234	0.0	-26.2999992371	-57.5999984741	628.0	378.0	0.0	18.0	23048.9003906	6335.89990234	0.0	1928.0	0.0	0.0	0.0	0.0	-2683804.75	-2683804.75	-2683804.75	-2683804.75	
1.0	2859.4987793	325852.3125	-57.2000007629	2390.39990234	0.0	-27.2999992371	-54.5999984741	652.0	401.0	0.0	18.0	23383.9003906	6385.89990234	0.0	1899.0	0.0	0.0	0.0	0.0	-3052599.75	-3052599.75	-3052599.75	-3052599.75	
1.0	2859.99951172	325877.3125	-60.2000007629	2386.39990234	0.0	-30.2999992371	-55.5999984741	597.0	370.0	0.0	18.0	23425.9003906	6406.89990234	0.0	1870.0	0.0	0.0	0.0	0.0	-2589564.75	-2589564.75	-2589564.75	-2589564.75	
1.0	2860.50048828	325788.3125	-55.2000007629	2410.39990234	0.0	-34.2999992371	-54.5999984741	595.0	374.0	0.0	18.0	23120.9003906	6306.89990234	0.0	1885.0	0.0	0.0	0.0	0.0	-3063541.75	-3063541.75	-3063541.75	-3063541.75	
1.0	2860.99926758	325710.3125	-60.2000007629	2421.39990234	0.0	-41.2999992371	-56.5999984741	589.0	407.0	0.0	19.0	23273.9003906	6354.89990234	0.0	1887.0	0.0	0.0	0.0	0.0	-2807322.75	-2807322.75	-2807322.75	-2807322.75	
1.0	2861.50073242	325729.3125	-57.2000007629	2399.39990234	0.0	-42.2999992371	-57.5999984741	600.0	362.0	0.0	20.0	23058.9003906	6267.89990234	0.0	1809.0	0.0	0.0	0.0	0.0	-3300388.75	-3300388.75	-3300388.75	-3300388.75	
1.0	2862.0	325754.3125	-58.2000007629	2392.39990234	0.0	-49.2999992371	-58.5999984741	572.0	365.0	0.0	16.0	23178.9003906	6293.89990234	0.0	1845.0	0.0	0.0	0.0	0.0	-3556023.75	-3556023.75	-3556023.75	-3556023.75	
1.0	2862.49926758	325929.3125	-53.2000007629	2404.39990234	0.0	-56.2999992371	-59.5999984741	615.0	383.0	0.0	10.0	23468.9003906	6115.89990234	0.0	1941.0	0.0	0.0	0.0	0.0	-3266934.75	-3266934.75	-3266934.75	-3266934.75	
1.0	2862.99902344	325824.3125	-53.2000007629	2416.39990234	0.0	-57.2999992371	-61.5999984741	620.0	373.0	0.0	20.0	23179.9003906	6407.89990234	0.0	1893.0	0.0	0.0	0.0	0.0	-2952230.75	-2952230.75	-2952230.75	-2952230.75	
1.0	2863.49902344	325930.3125	-54.2000007629	2398.39990234	0.0	-56.2999992371	-60.5999984741	621.0	376.0	0.0	20.0	23534.9003906	6316.89990234	0.0	1838.0	0.0	0.0	0.0	0.0	-2569785.75	-2569785.75	-2569785.75	-2569785.75	
1.0	2863.99926758	325708.3125	-49.2000007629	2417.39990234	0.0	-43.2999992371	-60.5999984741	621.0	370.0	0.0	20.0	23953.9003906	6358.89990234	0.0	2016.0	0.0	0.0	0.0	0.0	-2930230.75	-2930230.75	-2930230.75	-2930230.75	
1.0	2864.49975586	325803.3125	-46.2000007629	2408.39990234	0.0	-46.2999992371	-58.5999984741	582.0	371.0	0.0	14.0	23633.9003906	6303.89990234	0.0	1934.0	0.0	0.0	0.0	0.0	-2543881.75	-2543881.75	-2543881.75	-2543881.75	
1.0	2865.00048828	325847.3125	-47.2000007629	2409.39990234	0.0	-50.2999992371	-60.5999984741	580.0	349.0	0.0	19.0	24154.9003906	6321.89990234	0.0	1906.0	0.0	0.0	0.0	0.0	-2688756.75	-2688756.75	-2688756.75	-2688756.75	
1.0	2865.4987793	325892.3125	-50.2000007629	2408.39990234	0.0	-48.2999992371	-61.5999984741	535.0	382.0	0.0	13.0	23603.9003906	6436.89990234	0.0	1945.0	0.0	0.0	0.0	0.0	-2832170.75	-2832170.75	-2832170.75	-2832170.75	
1.0	2866.0	325975.3125	-50.2000007629	2399.39990234	0.0	-49.2999992371	-60.5999984741	590.0	381.0	0.0	22.0	24256.9003906	6346.89990234	0.0	2033.0	0.0	0.0	0.0	0.0	-2691079.75	-2691079.75	-2691079.75	-2691079.75	
1.0	2866.4987793	325800.3125	-37.2000007629	2405.39990234	0.0	-47.2999992371	-58.5999984741	602.0	373.0	0.0	22.0	24148.9003906	6256.89990234	0.0	1928.0	0.0	0.0	0.0	0.0	-3155918.75	-3155918.75	-3155918.75	-3155918.75	
1.0	2867.00048828	325871.3125	-38.2000007629	2425.39990234	0.0	-41.2999992371	-58.5999984741	582.0	346.0	0.0	16.0	24078.9003906	6487.89990234	0.0	1984.0	0.0	0.0	0.0	0.0	-2867619.75	-2867619.75	-2867619.75	-2867619.75	
1.0	2867.5	325977.3125	-38.2000007629	2412.39990234	0.0	-37.2999992371	-60.5999984741	597.0	373.0	0.0	16.0	24120.9003906	6412.89990234	0.0	1969.0	0.0	0.0	0.0	0.0	-2855406.75	-2855406.75	-2855406.75	-2855406.75	
1.0	2867.99951172	325785.3125	-41.2000007629	2419.39990234	0.0	-36.2999992371	-60.5999984741	556.0	355.0	0.0	7.0	23828.9003906	6258.89990234	0.0	1840.0	0.0	0.0	0.0	0.0	-2965391.75	-2965391.75	-2965391.75	-2965391.75	
1.0	2868.49951172	325750.3125	-38.2000007629	2427.39990234	0.0	-38.2999992371	-60.5999984741	548.0	340.0	0.0	23.0	23798.9003906	6406.89990234	0.0	2086.0	0.0	0.0	0.0	0.0	-3165306.75	-3165306.75	-3165306.75	-3165306.75	
1.0	2868.99951172	325792.3125	-35.2000007629	2417.39990234	0.0	-35.2999992371	-59.5999984741	575.0	373.0	0.0	18.0	24415.9003906	6412.89990234	0.0	2036.0	0.0	0.0	0.0	0.0	-2669182.75	-2669182.75	-2669182.75	-2669182.75	
1.0	2869.5	325839.3125	-34.2000007629	2414.39990234	0.0	-34.2999992371	-64.5999984741	611.0	323.0	0.0	20.0	24054.9003906	6255.89990234	0.0	1981.0	0.0	0.0	0.0	0.0	-3021617.75	-3021617.75	-3021617.75	-3021617.75	
1.0	2870.00048828	325861.3125	-36.2000007629	2417.39990234	0.0	-34.2999992371	-67.5999984741	608.0	360.0	0.0	19.0	23899.9003906	6434.89990234	0.0	1901.0	0.0	0.0	0.0	0.0	-3290948.75	-3290948.75	-3290948.75	-3290948.75	
1.0	2870.99975586	325863.3125	-38.2000007629	2428.39990234	0.0	-33.2999992371	-67.5999984741	603.0	366.0	0.0	18.0	23220.9003906	6402.89990234	0.0	1989.0	0.0	0.0	0.0	0.0	-2999409.75	-2999409.75	-2999409.75	-2999409.75	
1.0	2872.00024414	325923.3125	-36.2000007629	2422.39990234	0.0	-25.2999992371	-66.5999984741	587.0	354.0	0.0	22.0	24451.9003906	6536.89990234	0.0	1957.0	0.0	0.0	0.0	0.0	-3207374.75	-3207374.75	-3207374.75	-3207374.75	
1.0	2872.99902344	326086.3125	-28.2000007629	2436.39990234	0.0	-17.2999992371	-66.5999984741	643.0	348.0	0.0	17.0	23742.9003906	6503.89990234	0.0	1971.0	0.0	0.0	0.0	0.0	-3129728.75	-3129728.75	-3129728.75	-3129728.75	
1.0	2873.9987793	326025.3125	-27.2000007629	2424.39990234	0.0	-16.2999992371	-65.5999984741	581.0	379.0	0.0	11.0	24308.9003906	6515.89990234	0.0	2053.0	0.0	0.0	0.0	0.0	-2591056.75	-2591056.75	-2591056.75	-2591056.75	
1.0	2874.99951172	325897.3125	-26.2000007629	2432.39990234	0.0	-15.3000001907	-56.5999984741	619.0	378.0	0.0	18.0	24324.9003906	6506.89990234	0.0	1919.0	0.0	0.0	0.0	0.0	-2776913.75	-2776913.75	-2776913.75	-2776913.75	
1.0	2876.0012207	325924.3125	-28.2000007629	2417.39990234	0.0	-16.2999992371	-57.5999984741	673.0	437.0	0.0	15.0	24035.9003906	6535.89990234	0.0	1987.0	0.0	0.0	0.0	0.0	-3031216.75	-3031216.75	-3031216.75	-3031216.75	
1.0	2876.9987793	325994.3125	-29.2000007629	2423.39990234	0.0	-31.2999992371	-57.5999984741	663.0	430.0	0.0	15.0	24396.9003906	6618.89990234	0.0	2049.0	0.0	0.0	0.0	0.0	-2695658.75	-2695658.75	-2695658.75	-2695658.75	
1.0	2878.0	326213.3125	-33.2000007629	2420.39990234	0.0	-31.2999992371	-55.5999984741	659.0	407.0	0.0	20.0	24703.9003906	6589.89990234	0.0	1978.0	0.0	0.0	0.0	0.0	-2903743.75	-2903743.75	-2903743.75	-2903743.75	
1.0	2878.99951172	325887.3125	-37.2000007629	2442.39990234	0.0	-18.2999992371	-53.5999984741	718.0	466.0	0.0	26.0	24694.9003906	6629.89990234	0.0	1982.0	0.0	0.0	0.0	0.0	-3160147.75	-3160147.75	-3160147.75	-3160147.75	
1.0	2880.0	326008.3125	-36.2000007629	2446.39990234	0.0	-24.2999992371	-58.5999984741	685.0	461.0	0.0	17.0	24840.9003906	6742.89990234	0.0	1992.0	0.0	0.0	0.0	0.0	-2696725.75	-2696725.75	-2696725.75	-2696725.75	
1.0	2880.9987793	326053.3125	-38.2000007629	2428.39990234	0.0	-31.2999992371	-66.5999984741	705.0	449.0	0.0	24.0	23959.9003906	6819.89990234	0.0	1984.0	0.0	0.0	0.0	0.0	-2896964.75	-2896964.75	-2896964.75	-2896964.75	
1.0	2882.0012207	326164.3125	-51.2000007629	2441.39990234	0.0	-29.2999992371	-59.5999984741	650.0	439.0	0.0	14.0	24044.9003906	6739.89990234	0.0	1920.0	0.0	0.0	0.0	0.0	-3279951.75	-3279951.75	-3279951.75	-3279951.75	
1.0	2882.99951172	326245.3125	-49.2000007629	2431.39990234	0.0	-33.2999992371	-56.5999984741	647.0	414.0	0.0	8.0	24798.9003906	6525.89990234	0.0	1989.0	0.0	0.0	0.0	0.0	-3250446.75	-3250446.75	-3250446.75	-3250446.75	
1.0	2884.0012207	326238.3125	-47.2000007629	2448.39990234	0.0	-32.2999992371	-54.5999984741	715.0	439.0	0.0	14.0	24824.9003906	6661.89990234	0.0	2050.0	0.0	0.0	0.0	0.0	-2787519.75	-2787519.75	-2787519.75	-2787519.75	
1.0	2884.9987793	326244.3125	-46.2000007629	2438.39990234	0.0	-33.2999992371	-57.5999984741	689.0	446.0	0.0	15.0	24877.9003906	6727.89990234	0.0	2100.0	0.0	0.0	0.0	0.0	-3000507.75	-3000507.75	-3000507.75	-3000507.75	
1.0	2886.0	326093.3125	-47.2000007629	2456.39990234	0.0	-32.2999992371	-59.5999984741	648.0	444.0	0.0	18.0	25293.9003906	6619.89990234	0.0	2097.0	0.0	0.0	0.0	0.0	-2632275.75	-2632275.75	-2632275.75	-2632275.75	
1.0	2886.99951172	326103.3125	-48.2000007629	2467.39990234	0.0	-26.2999992371	-56.5999984741	634.0	409.0	0.0	19.0	24861.9003906	6851.89990234	0.0	2015.0	0.0	0.0	0.0	0.0	-2823586.75	-2823586.75	-2823586.75	-2823586.75	
1.0	2890.0012207	326270.3125	-45.2000007629	2476.39990234	0.0	-14.3000001907	-57.5999984741	600.0	443.0	0.0	24.0	24738.9003906	6778.89990234	0.0	1955.0	0.0	0.0	0.0	0.0	-3909433.75	-3909433.75	-3909433.75	-3909433.75	
1.0	2893.0012207	326402.3125	-47.2000007629	2457.39990234	0.0	-15.3000001907	-55.5999984741	661.0	395.0	0.0	23.0	24822.9003906	6689.89990234	0.0	2058.0	0.0	0.0	0.0	0.0	-3816596.75	-3816596.75	-3816596.75	-3816596.75	
1.0	2895.99926758	326477.3125	-48.2000007629	2488.39990234	0.0	-15.3000001907	-57.5999984741	642.0	400.0	0.0	18.0	24718.9003906	6570.89990234	0.0	2064.0	0.0	0.0	0.0	0.0	-3243868.75	-3243868.75	-3243868.75	-3243868.75	
1.0	2899.00097656	326471.3125	-50.2000007629	2489.39990234	0.0	-16.2999992371	-59.5999984741	537.0	385.0	0.0	8.0	25159.9003906	6711.89990234	0.0	1942.0	0.0	0.0	0.0	0.0	-2911803.75	-2911803.75	-2911803.75	-2911803.75	
1.0	2902.00073242	326773.3125	-45.2000007629	2492.39990234	0.0	-15.3000001907	-58.5999984741	621.0	370.0	0.0	19.0	25126.9003906	6804.89990234	0.0	2076.0	0.0	0.0	0.0	0.0	-3142127.75	-3142127.75	-3142127.75	-3142127.75	
1.0	2905.0012207	326551.3125	-50.2000007629	2479.39990234	0.0	-16.2999992371	-57.5999984741	597.0	403.0	0.0	16.0	25536.9003906	6758.89990234	0.0	2118.0	0.0	0.0	0.0	0.0	-2580738.75	-2580738.75	-2580738.75	-2580738.75	
