SSRL   MicroEXAFS Data Collector 2.0 
Thu Jul 04 17:46:23 2019
PTS:	205	COLS:	24
alexbox-4ch-xspress.det
RuL3_edge_cell.rgn
SSRL BEAMLINE
COMMENTS





S1VGAP: 0.800000	S1HGAP: 2.500000	TABLEHORZ: 5.000000	SAMPLEV: 42.000000	CALVERT: 4.100521	BPVRT: 46.052197	M1VERT: 6.983426	SAMPLEHOLD: 25.998010	S1HTRAN: 4.481500	

Weights:
 1.000	1.000	1.000	1.000	1.000	1.000	1.000	1.000	1.000	1.000	1.000	1.000	1.000	1.000	1.000	1.000	1.000	1.000	1.000	1.000	1.000	1.000	
Offsets:
 207.7	877.2	4819.6	0.0	125.3	562.6	0.0	0.0	0.0	0.0	0.1	2.1	0.0	1.0	0.0	0.0	0.0	0.0	79705487.8	79705487.8	79705487.8	79705487.8	
Data:
Real Time Clock
Requested Energy
I0   
I1   
I2   
I3   
MPFB1   
MPFB2   
FF1   
FF2   
FF3   
FF4   
ICR1   
ICR2   
ICR3   
ICR4   
SCA2.1   
SCA2.2   
SCA2.3   
SCA2.4   
TIME1   
TIME2   
TIME3   
TIME4   

1.0	2810.00097656	322120.3125	-47.2000007629	2295.39990234	0.0	-14.3000001907	-64.5999984741	283.0	64.0	0.0	21.0	22819.9003906	5548.89990234	0.0	1828.0	0.0	0.0	0.0	0.0	-2759722.75	-2759722.75	-2759722.75	-2759722.75	
1.0	2810.99975586	321979.3125	-44.2000007629	2301.39990234	0.0	-16.2999992371	-64.5999984741	265.0	51.0	0.0	22.0	22935.9003906	5453.89990234	0.0	1812.0	0.0	0.0	0.0	0.0	-2993839.75	-2993839.75	-2993839.75	-2993839.75	
1.0	2811.99951172	322104.3125	-49.2000007629	2323.39990234	0.0	-15.3000001907	-61.5999984741	263.0	46.0	0.0	21.0	22637.9003906	5475.89990234	0.0	1812.0	0.0	0.0	0.0	0.0	-3146033.75	-3146033.75	-3146033.75	-3146033.75	
1.0	2813.00024414	321919.3125	-36.2000007629	2306.39990234	0.0	-19.2999992371	-58.5999984741	257.0	54.0	0.0	23.0	22029.9003906	5646.89990234	0.0	1796.0	0.0	0.0	0.0	0.0	-2715654.75	-2715654.75	-2715654.75	-2715654.75	
1.0	2813.99951172	321978.3125	-38.2000007629	2286.39990234	0.0	-17.2999992371	-51.5999984741	290.0	50.0	0.0	21.0	22561.9003906	5602.89990234	0.0	1840.0	0.0	0.0	0.0	0.0	-3932455.75	-3932455.75	-3932455.75	-3932455.75	
1.0	2815.0	322126.3125	-35.2000007629	2306.39990234	0.0	-17.2999992371	-51.5999984741	250.0	58.0	0.0	18.0	23086.9003906	5706.89990234	0.0	1743.0	0.0	0.0	0.0	0.0	-3017115.75	-3017115.75	-3017115.75	-3017115.75	
1.0	2815.99902344	322072.3125	-38.2000007629	2337.39990234	0.0	-17.2999992371	-46.5999984741	261.0	50.0	0.0	26.0	22943.9003906	5546.89990234	0.0	1771.0	0.0	0.0	0.0	0.0	-3201273.75	-3201273.75	-3201273.75	-3201273.75	
1.0	2816.99902344	322067.3125	-38.2000007629	2324.39990234	0.0	-15.3000001907	-50.5999984741	252.0	53.0	0.0	15.0	22911.9003906	5537.89990234	0.0	1781.0	0.0	0.0	0.0	0.0	-3135197.75	-3135197.75	-3135197.75	-3135197.75	
1.0	2818.0	322132.3125	-40.2000007629	2327.39990234	0.0	-15.3000001907	-50.5999984741	262.0	67.0	0.0	18.0	23015.9003906	5698.89990234	0.0	1739.0	0.0	0.0	0.0	0.0	-3020759.75	-3020759.75	-3020759.75	-3020759.75	
1.0	2818.99975586	322172.3125	-37.2000007629	2305.39990234	0.0	-15.3000001907	-49.5999984741	258.0	56.0	0.0	24.0	23156.9003906	5651.89990234	0.0	1838.0	0.0	0.0	0.0	0.0	-3024053.75	-3024053.75	-3024053.75	-3024053.75	
1.0	2820.00048828	322073.3125	-36.2000007629	2328.39990234	0.0	-17.2999992371	-43.5999984741	262.0	48.0	0.0	24.0	23197.9003906	5600.89990234	0.0	1711.0	0.0	0.0	0.0	0.0	-3079118.75	-3079118.75	-3079118.75	-3079118.75	
1.0	2820.99975586	322036.3125	-37.2000007629	2325.39990234	0.0	-15.3000001907	-44.5999984741	240.0	56.0	0.0	23.0	22650.9003906	5543.89990234	0.0	1739.0	0.0	0.0	0.0	0.0	-4130962.75	-4130962.75	-4130962.75	-4130962.75	
1.0	2822.0	322774.3125	-37.2000007629	2338.39990234	0.0	-15.3000001907	-43.5999984741	250.0	56.0	0.0	32.0	23331.9003906	5536.89990234	0.0	1834.0	0.0	0.0	0.0	0.0	-2629712.75	-2629712.75	-2629712.75	-2629712.75	
1.0	2822.9987793	324092.3125	-36.2000007629	2338.39990234	0.0	-16.2999992371	-41.5999984741	297.0	76.0	0.0	24.0	23131.9003906	5803.89990234	0.0	1822.0	0.0	0.0	0.0	0.0	-2837266.75	-2837266.75	-2837266.75	-2837266.75	
1.0	2824.0012207	325571.3125	-39.2000007629	2351.39990234	0.0	-29.2999992371	-44.5999984741	269.0	56.0	0.0	22.0	23473.9003906	5894.89990234	0.0	1897.0	0.0	0.0	0.0	0.0	-2868630.75	-2868630.75	-2868630.75	-2868630.75	
1.0	2824.99951172	326185.3125	-25.2000007629	2358.39990234	0.0	-33.2999992371	-39.5999984741	291.0	90.0	0.0	22.0	23308.9003906	5915.89990234	0.0	1875.0	0.0	0.0	0.0	0.0	-2584881.75	-2584881.75	-2584881.75	-2584881.75	
1.0	2825.99902344	325896.3125	-28.2000007629	2338.39990234	0.0	-34.2999992371	-40.5999984741	320.0	79.0	0.0	30.0	23332.9003906	5746.89990234	0.0	1924.0	0.0	0.0	0.0	0.0	-3101556.75	-3101556.75	-3101556.75	-3101556.75	
1.0	2826.99951172	326176.3125	-30.2000007629	2356.39990234	0.0	-33.2999992371	-40.5999984741	318.0	78.0	0.0	26.0	23343.9003906	5960.89990234	0.0	1892.0	0.0	0.0	0.0	0.0	-2822165.75	-2822165.75	-2822165.75	-2822165.75	
1.0	2828.0012207	326097.3125	-28.2000007629	2348.39990234	0.0	-30.2999992371	-57.5999984741	331.0	72.0	0.0	24.0	23570.9003906	5776.89990234	0.0	1858.0	0.0	0.0	0.0	0.0	-2663112.75	-2663112.75	-2663112.75	-2663112.75	
1.0	2829.0012207	326225.3125	-36.2000007629	2363.39990234	0.0	-34.2999992371	-55.5999984741	303.0	86.0	0.0	24.0	23784.9003906	5979.89990234	0.0	1915.0	0.0	0.0	0.0	0.0	-2586077.75	-2586077.75	-2586077.75	-2586077.75	
1.0	2829.99975586	326309.3125	-36.2000007629	2359.39990234	0.0	-35.2999992371	-55.5999984741	317.0	85.0	0.0	26.0	24098.9003906	5897.89990234	0.0	1862.0	0.0	0.0	0.0	0.0	-2704788.75	-2704788.75	-2704788.75	-2704788.75	
1.0	2830.99951172	326215.3125	-37.2000007629	2359.39990234	0.0	-32.2999992371	-57.5999984741	355.0	65.0	0.0	19.0	24300.9003906	5786.89990234	0.0	1861.0	0.0	0.0	0.0	0.0	-3089891.75	-3089891.75	-3089891.75	-3089891.75	
1.0	2832.00024414	326265.3125	-39.2000007629	2364.39990234	0.0	-32.2999992371	-59.5999984741	326.0	91.0	0.0	22.0	23577.9003906	5956.89990234	0.0	1906.0	0.0	0.0	0.0	0.0	-2909476.75	-2909476.75	-2909476.75	-2909476.75	
1.0	2832.99926758	326467.3125	-37.2000007629	2380.39990234	0.0	-28.2999992371	-59.5999984741	289.0	117.0	0.0	20.0	23997.9003906	5916.89990234	0.0	1829.0	0.0	0.0	0.0	0.0	-2955724.75	-2955724.75	-2955724.75	-2955724.75	
1.0	2833.99951172	326460.3125	-41.2000007629	2367.39990234	0.0	-30.2999992371	-59.5999984741	352.0	110.0	0.0	25.0	24394.9003906	5903.89990234	0.0	1894.0	0.0	0.0	0.0	0.0	-2814549.75	-2814549.75	-2814549.75	-2814549.75	
1.0	2835.00073242	326585.3125	-39.2000007629	2369.39990234	0.0	-28.2999992371	-62.5999984741	330.0	114.0	0.0	14.0	23417.9003906	6033.89990234	0.0	1865.0	0.0	0.0	0.0	0.0	-3255310.75	-3255310.75	-3255310.75	-3255310.75	
1.0	2836.00073242	326462.3125	-40.2000007629	2375.39990234	0.0	-30.2999992371	-60.5999984741	390.0	146.0	0.0	16.0	24169.9003906	5986.89990234	0.0	1807.0	0.0	0.0	0.0	0.0	-3906463.75	-3906463.75	-3906463.75	-3906463.75	
1.0	2836.40039062	326300.3125	-37.2000007629	2392.39990234	0.0	-36.2999992371	-63.5999984741	344.0	173.0	0.0	20.0	24318.9003906	6060.89990234	0.0	1878.0	0.0	0.0	0.0	0.0	-2967781.75	-2967781.75	-2967781.75	-2967781.75	
1.0	2836.55053711	326604.3125	-37.2000007629	2402.39990234	0.0	-21.2999992371	-59.5999984741	432.0	182.0	0.0	18.0	24032.9003906	5987.89990234	0.0	1914.0	0.0	0.0	0.0	0.0	-3212611.75	-3212611.75	-3212611.75	-3212611.75	
1.0	2836.70092773	326426.3125	-41.2000007629	2395.39990234	0.0	-21.2999992371	-55.5999984741	431.0	190.0	0.0	26.0	24891.9003906	6080.89990234	0.0	1975.0	0.0	0.0	0.0	0.0	-2761434.75	-2761434.75	-2761434.75	-2761434.75	
1.0	2836.85107422	326611.3125	-47.2000007629	2372.39990234	0.0	-22.2999992371	-57.5999984741	429.0	174.0	0.0	17.0	23622.9003906	6035.89990234	0.0	1877.0	0.0	0.0	0.0	0.0	-4004182.75	-4004182.75	-4004182.75	-4004182.75	
1.0	2836.9987793	326845.3125	-48.2000007629	2380.39990234	0.0	-19.2999992371	-57.5999984741	458.0	213.0	0.0	29.0	24440.9003906	6295.89990234	0.0	1905.0	0.0	0.0	0.0	0.0	-2655580.75	-2655580.75	-2655580.75	-2655580.75	
1.0	2837.14916992	326380.3125	-47.2000007629	2367.39990234	0.0	-22.2999992371	-57.5999984741	446.0	201.0	0.0	20.0	24582.9003906	6110.89990234	0.0	1959.0	0.0	0.0	0.0	0.0	-3044103.75	-3044103.75	-3044103.75	-3044103.75	
1.0	2837.29956055	326540.3125	-51.2000007629	2376.39990234	0.0	-21.2999992371	-60.5999984741	490.0	239.0	0.0	19.0	24419.9003906	6098.89990234	0.0	1866.0	0.0	0.0	0.0	0.0	-3367370.75	-3367370.75	-3367370.75	-3367370.75	
1.0	2837.44995117	326400.3125	-50.2000007629	2378.39990234	0.0	-16.2999992371	-61.5999984741	540.0	248.0	0.0	18.0	24857.9003906	6282.89990234	0.0	1853.0	0.0	0.0	0.0	0.0	-2674048.75	-2674048.75	-2674048.75	-2674048.75	
1.0	2837.6003418	326471.3125	-50.2000007629	2379.39990234	0.0	-14.3000001907	-58.5999984741	517.0	250.0	0.0	16.0	24688.9003906	6195.89990234	0.0	1946.0	0.0	0.0	0.0	0.0	-3257006.75	-3257006.75	-3257006.75	-3257006.75	
1.0	2837.75073242	326285.3125	-49.2000007629	2384.39990234	0.0	-13.3000001907	-59.5999984741	503.0	242.0	0.0	13.0	23994.9003906	6210.89990234	0.0	1912.0	0.0	0.0	0.0	0.0	-3388764.75	-3388764.75	-3388764.75	-3388764.75	
1.0	2837.90136719	326410.3125	-50.2000007629	2396.39990234	0.0	-14.3000001907	-60.5999984741	538.0	318.0	0.0	22.0	24317.9003906	6394.89990234	0.0	1901.0	0.0	0.0	0.0	0.0	-3032482.75	-3032482.75	-3032482.75	-3032482.75	
1.0	2838.04907227	326603.3125	-65.1999969482	2376.39990234	0.0	-15.3000001907	-61.5999984741	558.0	311.0	0.0	24.0	24545.9003906	6439.89990234	0.0	1962.0	0.0	0.0	0.0	0.0	-2863268.75	-2863268.75	-2863268.75	-2863268.75	
1.0	2838.19970703	326432.3125	-66.1999969482	2390.39990234	0.0	-16.2999992371	-60.5999984741	679.0	338.0	0.0	18.0	25216.9003906	6331.89990234	0.0	1978.0	0.0	0.0	0.0	0.0	-2581681.75	-2581681.75	-2581681.75	-2581681.75	
1.0	2838.35009766	326474.3125	-65.1999969482	2381.39990234	0.0	-17.2999992371	-60.5999984741	651.0	375.0	0.0	27.0	24029.9003906	6450.89990234	0.0	1934.0	0.0	0.0	0.0	0.0	-3154960.75	-3154960.75	-3154960.75	-3154960.75	
1.0	2838.50073242	326299.3125	-66.1999969482	2381.39990234	0.0	-23.2999992371	-61.5999984741	650.0	443.0	0.0	29.0	24170.9003906	6639.89990234	0.0	1858.0	0.0	0.0	0.0	0.0	-2645653.75	-2645653.75	-2645653.75	-2645653.75	
1.0	2838.64868164	326179.3125	-66.1999969482	2373.39990234	0.0	-21.2999992371	-60.5999984741	742.0	459.0	0.0	20.0	24039.9003906	6663.89990234	0.0	1889.0	0.0	0.0	0.0	0.0	-2913557.75	-2913557.75	-2913557.75	-2913557.75	
1.0	2838.79931641	326283.3125	-66.1999969482	2386.39990234	0.0	-21.2999992371	-60.5999984741	772.0	487.0	0.0	17.0	24164.9003906	6681.89990234	0.0	1905.0	0.0	0.0	0.0	0.0	-3173936.75	-3173936.75	-3173936.75	-3173936.75	
1.0	2838.94995117	326071.3125	-63.2000007629	2372.39990234	0.0	-14.3000001907	-62.5999984741	847.0	569.0	0.0	17.0	24460.9003906	6863.89990234	0.0	1961.0	0.0	0.0	0.0	0.0	-2940657.75	-2940657.75	-2940657.75	-2940657.75	
1.0	2839.10058594	326537.3125	-66.1999969482	2380.39990234	0.0	-16.2999992371	-60.5999984741	934.0	628.0	0.0	21.0	24689.9003906	6939.89990234	0.0	1930.0	0.0	0.0	0.0	0.0	-2665218.75	-2665218.75	-2665218.75	-2665218.75	
1.0	2839.2487793	326382.3125	-62.2000007629	2381.39990234	0.0	-14.3000001907	-62.5999984741	1062.0	714.0	0.0	21.0	25139.9003906	7046.89990234	0.0	1926.0	0.0	0.0	0.0	0.0	-2786221.75	-2786221.75	-2786221.75	-2786221.75	
1.0	2839.39941406	326141.3125	-63.2000007629	2389.39990234	0.0	-15.3000001907	-60.5999984741	1149.0	763.0	0.0	25.0	25256.9003906	7178.89990234	0.0	1900.0	0.0	0.0	0.0	0.0	-2853556.75	-2853556.75	-2853556.75	-2853556.75	
1.0	2839.55004883	326058.3125	-61.2000007629	2410.39990234	0.0	-11.3000001907	-61.5999984741	1261.0	921.0	0.0	18.0	24349.9003906	7409.89990234	0.0	1849.0	0.0	0.0	0.0	0.0	-2976146.75	-2976146.75	-2976146.75	-2976146.75	
1.0	2839.70092773	325984.3125	-59.2000007629	2372.39990234	0.0	-9.30000019073	-63.5999984741	1409.0	1051.0	0.0	15.0	24544.9003906	7615.89990234	0.0	1916.0	0.0	0.0	0.0	0.0	-2855333.75	-2855333.75	-2855333.75	-2855333.75	
1.0	2839.84912109	326083.3125	-60.2000007629	2373.39990234	0.0	-10.3000001907	-64.5999984741	1599.0	1185.0	0.0	18.0	25048.9003906	7764.89990234	0.0	1858.0	0.0	0.0	0.0	0.0	-3172804.75	-3172804.75	-3172804.75	-3172804.75	
1.0	2840.0	326101.3125	-61.2000007629	2382.39990234	0.0	-13.3000001907	-62.5999984741	1795.0	1344.0	0.0	15.0	25514.9003906	8135.89990234	0.0	1949.0	0.0	0.0	0.0	0.0	-2584643.75	-2584643.75	-2584643.75	-2584643.75	
1.0	2840.15063477	325972.3125	-60.2000007629	2365.39990234	0.0	-12.3000001907	-61.5999984741	1968.0	1606.0	0.0	21.0	25311.9003906	8419.90039062	0.0	1864.0	0.0	0.0	0.0	0.0	-3161238.75	-3161238.75	-3161238.75	-3161238.75	
1.0	2840.29907227	326078.3125	-60.2000007629	2375.39990234	0.0	-14.3000001907	-62.5999984741	2101.0	1764.0	0.0	18.0	25161.9003906	8667.90039062	0.0	1860.0	0.0	0.0	0.0	0.0	-2540606.75	-2540606.75	-2540606.75	-2540606.75	
1.0	2840.44970703	326097.3125	-60.2000007629	2395.39990234	0.0	-13.3000001907	-60.5999984741	2482.0	1884.0	0.0	22.0	26149.9003906	9069.90039062	0.0	1964.0	0.0	0.0	0.0	0.0	-2728234.75	-2728234.75	-2728234.75	-2728234.75	
1.0	2840.60058594	326059.3125	-65.1999969482	2370.39990234	0.0	-13.3000001907	-62.5999984741	2423.0	2060.0	0.0	25.0	25549.9003906	9182.90039062	0.0	1990.0	0.0	0.0	0.0	0.0	-2891333.75	-2891333.75	-2891333.75	-2891333.75	
1.0	2840.74902344	325984.3125	-59.2000007629	2383.39990234	0.0	-12.3000001907	-63.5999984741	2585.0	2089.0	0.0	18.0	25432.9003906	9256.90039062	0.0	1913.0	0.0	0.0	0.0	0.0	-3201015.75	-3201015.75	-3201015.75	-3201015.75	
1.0	2840.89990234	326041.3125	-62.2000007629	2372.39990234	0.0	-17.2999992371	-60.5999984741	2637.0	2160.0	0.0	26.0	26200.9003906	9487.90039062	0.0	1941.0	0.0	0.0	0.0	0.0	-2977268.75	-2977268.75	-2977268.75	-2977268.75	
1.0	2841.05102539	325949.3125	-62.2000007629	2379.39990234	0.0	-14.3000001907	-59.5999984741	2603.0	2141.0	0.0	18.0	25422.9003906	9401.90039062	0.0	1955.0	0.0	0.0	0.0	0.0	-3302087.75	-3302087.75	-3302087.75	-3302087.75	
1.0	2841.19921875	325783.3125	-58.2000007629	2386.39990234	0.0	-15.3000001907	-58.5999984741	2598.0	2150.0	0.0	29.0	26592.9003906	9457.90039062	0.0	1956.0	0.0	0.0	0.0	0.0	-2593584.75	-2593584.75	-2593584.75	-2593584.75	
1.0	2841.3503418	325950.3125	-60.2000007629	2400.39990234	0.0	-13.3000001907	-57.5999984741	2529.0	2008.0	0.0	22.0	25973.9003906	9162.90039062	0.0	1967.0	0.0	0.0	0.0	0.0	-2934792.75	-2934792.75	-2934792.75	-2934792.75	
1.0	2841.4987793	325896.3125	-61.2000007629	2382.39990234	0.0	-10.3000001907	-61.5999984741	2274.0	1871.0	0.0	20.0	25909.9003906	8969.90039062	0.0	1911.0	0.0	0.0	0.0	0.0	-3195290.75	-3195290.75	-3195290.75	-3195290.75	
1.0	2841.64990234	326016.3125	-60.2000007629	2374.39990234	0.0	-27.2999992371	-62.5999984741	2246.0	1759.0	0.0	18.0	25535.9003906	8720.90039062	0.0	2000.0	0.0	0.0	0.0	0.0	-3241922.75	-3241922.75	-3241922.75	-3241922.75	
1.0	2841.80078125	325760.3125	-64.1999969482	2380.39990234	0.0	-31.2999992371	-60.5999984741	2086.0	1694.0	0.0	20.0	25501.9003906	8768.90039062	0.0	2020.0	0.0	0.0	0.0	0.0	-2933830.75	-2933830.75	-2933830.75	-2933830.75	
1.0	2841.94946289	325945.3125	-63.2000007629	2364.39990234	0.0	-34.2999992371	-60.5999984741	2001.0	1620.0	0.0	22.0	25601.9003906	8399.90039062	0.0	1969.0	0.0	0.0	0.0	0.0	-3211987.75	-3211987.75	-3211987.75	-3211987.75	
1.0	2842.10058594	325751.3125	-63.2000007629	2381.39990234	0.0	-32.2999992371	-62.5999984741	1858.0	1405.0	0.0	24.0	25847.9003906	8274.90039062	0.0	1914.0	0.0	0.0	0.0	0.0	-2640318.75	-2640318.75	-2640318.75	-2640318.75	
1.0	2842.24902344	325780.3125	-59.2000007629	2375.39990234	0.0	-29.2999992371	-62.5999984741	1763.0	1249.0	0.0	25.0	26090.9003906	8029.89990234	0.0	1995.0	0.0	0.0	0.0	0.0	-2707920.75	-2707920.75	-2707920.75	-2707920.75	
1.0	2842.40014648	325847.3125	-62.2000007629	2388.39990234	0.0	-31.2999992371	-62.5999984741	1644.0	1194.0	0.0	24.0	25454.9003906	7886.89990234	0.0	1879.0	0.0	0.0	0.0	0.0	-2799882.75	-2799882.75	-2799882.75	-2799882.75	
1.0	2842.54882812	325629.3125	-62.2000007629	2384.39990234	0.0	-33.2999992371	-58.5999984741	1527.0	1079.0	0.0	25.0	25501.9003906	7657.89990234	0.0	1912.0	0.0	0.0	0.0	0.0	-2547727.75	-2547727.75	-2547727.75	-2547727.75	
1.0	2842.69995117	325764.3125	-62.2000007629	2383.39990234	0.0	-43.2999992371	-58.5999984741	1433.0	1020.0	0.0	20.0	25599.9003906	7530.89990234	0.0	1972.0	0.0	0.0	0.0	0.0	-2864596.75	-2864596.75	-2864596.75	-2864596.75	
1.0	2842.84863281	325568.3125	-64.1999969482	2387.39990234	0.0	-47.2999992371	-59.5999984741	1366.0	957.0	0.0	28.0	25202.9003906	7473.89990234	0.0	1957.0	0.0	0.0	0.0	0.0	-2960031.75	-2960031.75	-2960031.75	-2960031.75	
1.0	2843.0	325783.3125	-62.2000007629	2390.39990234	0.0	-44.2999992371	-60.5999984741	1319.0	957.0	0.0	23.0	25439.9003906	7376.89990234	0.0	1962.0	0.0	0.0	0.0	0.0	-2547177.75	-2547177.75	-2547177.75	-2547177.75	
1.0	2843.15136719	325614.3125	-60.2000007629	2377.39990234	0.0	-38.2999992371	-58.5999984741	1272.0	899.0	0.0	21.0	25318.9003906	7343.89990234	0.0	1962.0	0.0	0.0	0.0	0.0	-3109953.75	-3109953.75	-3109953.75	-3109953.75	
1.0	2843.30004883	325821.3125	-63.2000007629	2366.39990234	0.0	-31.2999992371	-58.5999984741	1263.0	866.0	0.0	18.0	25007.9003906	7613.89990234	0.0	2000.0	0.0	0.0	0.0	0.0	-2730260.75	-2730260.75	-2730260.75	-2730260.75	
1.0	2843.44873047	325510.3125	-57.2000007629	2371.39990234	0.0	-33.2999992371	-56.5999984741	1265.0	927.0	0.0	23.0	25167.9003906	7432.89990234	0.0	1869.0	0.0	0.0	0.0	0.0	-3264026.75	-3264026.75	-3264026.75	-3264026.75	
1.0	2843.60009766	325770.3125	-59.2000007629	2374.39990234	0.0	-36.2999992371	-56.5999984741	1262.0	899.0	0.0	21.0	25169.9003906	7233.89990234	0.0	1948.0	0.0	0.0	0.0	0.0	-2700463.75	-2700463.75	-2700463.75	-2700463.75	
1.0	2843.74902344	325820.3125	-57.2000007629	2356.39990234	0.0	-33.2999992371	-57.5999984741	1238.0	863.0	0.0	32.0	25243.9003906	7374.89990234	0.0	2030.0	0.0	0.0	0.0	0.0	-2911995.75	-2911995.75	-2911995.75	-2911995.75	
1.0	2843.90039062	325516.3125	-60.2000007629	2380.39990234	0.0	-34.2999992371	-60.5999984741	1228.0	916.0	0.0	10.0	25729.9003906	7444.89990234	0.0	1994.0	0.0	0.0	0.0	0.0	-2525602.75	-2525602.75	-2525602.75	-2525602.75	
1.0	2844.04907227	325557.3125	-59.2000007629	2391.39990234	0.0	-33.2999992371	-60.5999984741	1258.0	905.0	0.0	25.0	25456.9003906	7440.89990234	0.0	1981.0	0.0	0.0	0.0	0.0	-2947101.75	-2947101.75	-2947101.75	-2947101.75	
1.0	2844.20068359	325537.3125	-58.2000007629	2371.39990234	0.0	-30.2999992371	-60.5999984741	1170.0	808.0	0.0	29.0	25423.9003906	7221.89990234	0.0	1935.0	0.0	0.0	0.0	0.0	-2787324.75	-2787324.75	-2787324.75	-2787324.75	
1.0	2844.34936523	325600.3125	-60.2000007629	2364.39990234	0.0	-32.2999992371	-57.5999984741	1167.0	828.0	0.0	26.0	25624.9003906	7414.89990234	0.0	1949.0	0.0	0.0	0.0	0.0	-2935358.75	-2935358.75	-2935358.75	-2935358.75	
1.0	2844.50097656	325626.3125	-61.2000007629	2379.39990234	0.0	-32.2999992371	-58.5999984741	1082.0	829.0	0.0	20.0	24796.9003906	7260.89990234	0.0	1897.0	0.0	0.0	0.0	0.0	-3258812.75	-3258812.75	-3258812.75	-3258812.75	
1.0	2844.64990234	325587.3125	-63.2000007629	2364.39990234	0.0	-32.2999992371	-60.5999984741	1146.0	805.0	0.0	26.0	25634.9003906	7239.89990234	0.0	1910.0	0.0	0.0	0.0	0.0	-2840042.75	-2840042.75	-2840042.75	-2840042.75	
1.0	2844.79882812	325437.3125	-59.2000007629	2363.39990234	0.0	-27.2999992371	-61.5999984741	1102.0	745.0	0.0	28.0	25252.9003906	7302.89990234	0.0	1980.0	0.0	0.0	0.0	0.0	-3051949.75	-3051949.75	-3051949.75	-3051949.75	
1.0	2844.95043945	325348.3125	-57.2000007629	2349.39990234	0.0	-24.2999992371	-65.5999984741	980.0	753.0	0.0	20.0	25350.9003906	7263.89990234	0.0	2020.0	0.0	0.0	0.0	0.0	-2701176.75	-2701176.75	-2701176.75	-2701176.75	
1.0	2845.09936523	325250.3125	-57.2000007629	2363.39990234	0.0	-24.2999992371	-75.5999984741	925.0	625.0	0.0	21.0	25027.9003906	7177.89990234	0.0	1852.0	0.0	0.0	0.0	0.0	-3050858.75	-3050858.75	-3050858.75	-3050858.75	
1.0	2845.25097656	325268.3125	-58.2000007629	2373.39990234	0.0	-25.2999992371	-62.5999984741	952.0	677.0	0.0	14.0	25029.9003906	7010.89990234	0.0	1986.0	0.0	0.0	0.0	0.0	-3150161.75	-3150161.75	-3150161.75	-3150161.75	
1.0	2845.40014648	325096.3125	-60.2000007629	2370.39990234	0.0	-21.2999992371	-60.5999984741	925.0	609.0	0.0	19.0	25197.9003906	6881.89990234	0.0	1962.0	0.0	0.0	0.0	0.0	-2851440.75	-2851440.75	-2851440.75	-2851440.75	
1.0	2845.54907227	325123.3125	-59.2000007629	2368.39990234	0.0	-23.2999992371	-61.5999984741	818.0	533.0	0.0	18.0	25267.9003906	6907.89990234	0.0	1991.0	0.0	0.0	0.0	0.0	-2561364.75	-2561364.75	-2561364.75	-2561364.75	
1.0	2845.70092773	325304.3125	-57.2000007629	2372.39990234	0.0	-21.2999992371	-67.5999984741	842.0	563.0	0.0	15.0	25310.9003906	6883.89990234	0.0	1955.0	0.0	0.0	0.0	0.0	-3079603.75	-3079603.75	-3079603.75	-3079603.75	
1.0	2845.85009766	325264.3125	-59.2000007629	2366.39990234	0.0	-22.2999992371	-77.5999984741	778.0	480.0	0.0	20.0	25072.9003906	6902.89990234	0.0	2028.0	0.0	0.0	0.0	0.0	-2884725.75	-2884725.75	-2884725.75	-2884725.75	
1.0	2845.99902344	325226.3125	-56.2000007629	2357.39990234	0.0	-24.2999992371	-73.5999984741	769.0	484.0	0.0	27.0	25104.9003906	6746.89990234	0.0	1974.0	0.0	0.0	0.0	0.0	-3241682.75	-3241682.75	-3241682.75	-3241682.75	
1.0	2846.15087891	325213.3125	-59.2000007629	2366.39990234	0.0	-20.2999992371	-59.5999984741	770.0	504.0	0.0	25.0	25193.9003906	6747.89990234	0.0	1950.0	0.0	0.0	0.0	0.0	-2589421.75	-2589421.75	-2589421.75	-2589421.75	
1.0	2846.30004883	325182.3125	-60.2000007629	2368.39990234	0.0	-24.2999992371	-60.5999984741	690.0	430.0	0.0	22.0	25223.9003906	6675.89990234	0.0	2029.0	0.0	0.0	0.0	0.0	-3139246.75	-3139246.75	-3139246.75	-3139246.75	
1.0	2846.44921875	325110.3125	-57.2000007629	2376.39990234	0.0	-37.2999992371	-64.5999984741	692.0	451.0	0.0	23.0	25012.9003906	6859.89990234	0.0	2008.0	0.0	0.0	0.0	0.0	-3279521.75	-3279521.75	-3279521.75	-3279521.75	
1.0	2846.60107422	325358.3125	-59.2000007629	2367.39990234	0.0	-37.2999992371	-71.5999984741	702.0	425.0	0.0	19.0	25186.9003906	6660.89990234	0.0	1925.0	0.0	0.0	0.0	0.0	-2836473.75	-2836473.75	-2836473.75	-2836473.75	
1.0	2846.75024414	325162.3125	-56.2000007629	2388.39990234	0.0	-38.2999992371	-61.5999984741	705.0	421.0	0.0	15.0	24766.9003906	6690.89990234	0.0	1923.0	0.0	0.0	0.0	0.0	-2904144.75	-2904144.75	-2904144.75	-2904144.75	
1.0	2846.8996582	325100.3125	-58.2000007629	2410.39990234	0.0	-38.2999992371	-58.5999984741	703.0	401.0	0.0	22.0	24892.9003906	6684.89990234	0.0	1923.0	0.0	0.0	0.0	0.0	-3141106.75	-3141106.75	-3141106.75	-3141106.75	
1.0	2847.04907227	325290.3125	-59.2000007629	2368.39990234	0.0	-37.2999992371	-59.5999984741	689.0	396.0	0.0	17.0	25641.9003906	6722.89990234	0.0	2049.0	0.0	0.0	0.0	0.0	-3206274.75	-3206274.75	-3206274.75	-3206274.75	
1.0	2847.20092773	325004.3125	-58.2000007629	2352.39990234	0.0	-39.2999992371	-58.5999984741	682.0	400.0	0.0	14.0	25535.9003906	6687.89990234	0.0	1944.0	0.0	0.0	0.0	0.0	-2891323.75	-2891323.75	-2891323.75	-2891323.75	
1.0	2847.3503418	325077.3125	-57.2000007629	2367.39990234	0.0	-42.2999992371	-57.5999984741	668.0	397.0	0.0	22.0	25042.9003906	6650.89990234	0.0	1946.0	0.0	0.0	0.0	0.0	-2885379.75	-2885379.75	-2885379.75	-2885379.75	
1.0	2847.49951172	324989.3125	-59.2000007629	2359.39990234	0.0	-31.2999992371	-59.5999984741	625.0	402.0	0.0	24.0	24875.9003906	6430.89990234	0.0	1959.0	0.0	0.0	0.0	0.0	-3273507.75	-3273507.75	-3273507.75	-3273507.75	
1.0	2847.64892578	325037.3125	-59.2000007629	2370.39990234	0.0	-32.2999992371	-68.5999984741	653.0	392.0	0.0	23.0	25313.9003906	6672.89990234	0.0	1978.0	0.0	0.0	0.0	0.0	-2782455.75	-2782455.75	-2782455.75	-2782455.75	
1.0	2847.80102539	325032.3125	-58.2000007629	2367.39990234	0.0	-31.2999992371	-67.5999984741	638.0	357.0	0.0	13.0	24935.9003906	6627.89990234	0.0	1929.0	0.0	0.0	0.0	0.0	-2995906.75	-2995906.75	-2995906.75	-2995906.75	
1.0	2847.95043945	325066.3125	-56.2000007629	2377.39990234	0.0	-29.2999992371	-66.5999984741	657.0	370.0	0.0	32.0	24986.9003906	6520.89990234	0.0	2007.0	0.0	0.0	0.0	0.0	-3102422.75	-3102422.75	-3102422.75	-3102422.75	
1.0	2848.09985352	325028.3125	-58.2000007629	2369.39990234	0.0	-32.2999992371	-67.5999984741	656.0	370.0	0.0	26.0	25165.9003906	6554.89990234	0.0	1961.0	0.0	0.0	0.0	0.0	-2932949.75	-2932949.75	-2932949.75	-2932949.75	
1.0	2848.24951172	325071.3125	-58.2000007629	2395.39990234	0.0	-32.2999992371	-66.5999984741	652.0	391.0	0.0	25.0	25724.9003906	6642.89990234	0.0	2004.0	0.0	0.0	0.0	0.0	-2706268.75	-2706268.75	-2706268.75	-2706268.75	
1.0	2848.39892578	324868.3125	-57.2000007629	2370.39990234	0.0	-31.2999992371	-69.5999984741	683.0	375.0	0.0	19.0	25318.9003906	6612.89990234	0.0	1984.0	0.0	0.0	0.0	0.0	-3128017.75	-3128017.75	-3128017.75	-3128017.75	
1.0	2848.55102539	324837.3125	-62.2000007629	2383.39990234	0.0	-30.2999992371	-69.5999984741	662.0	350.0	0.0	19.0	25768.9003906	6620.89990234	0.0	1991.0	0.0	0.0	0.0	0.0	-2589059.75	-2589059.75	-2589059.75	-2589059.75	
1.0	2848.70068359	324989.3125	-58.2000007629	2357.39990234	0.0	-38.2999992371	-69.5999984741	681.0	367.0	0.0	15.0	25643.9003906	6468.89990234	0.0	1902.0	0.0	0.0	0.0	0.0	-3292736.75	-3292736.75	-3292736.75	-3292736.75	
1.0	2848.85009766	324980.3125	-56.2000007629	2354.39990234	0.0	-42.2999992371	-70.5999984741	619.0	389.0	0.0	21.0	25322.9003906	6605.89990234	0.0	1998.0	0.0	0.0	0.0	0.0	-2704112.75	-2704112.75	-2704112.75	-2704112.75	
1.0	2848.99975586	325008.3125	-57.2000007629	2387.39990234	0.0	-40.2999992371	-70.5999984741	613.0	404.0	0.0	18.0	25380.9003906	6567.89990234	0.0	1942.0	0.0	0.0	0.0	0.0	-3029304.75	-3029304.75	-3029304.75	-3029304.75	
1.0	2849.14941406	324990.3125	-59.2000007629	2342.39990234	0.0	-41.2999992371	-68.5999984741	613.0	374.0	0.0	17.0	25248.9003906	6709.89990234	0.0	1952.0	0.0	0.0	0.0	0.0	-2996031.75	-2996031.75	-2996031.75	-2996031.75	
1.0	2849.29907227	324861.3125	-57.2000007629	2349.39990234	0.0	-42.2999992371	-69.5999984741	693.0	417.0	0.0	16.0	25906.9003906	6891.89990234	0.0	2089.0	0.0	0.0	0.0	0.0	-2496326.75	-2496326.75	-2496326.75	-2496326.75	
1.0	2849.44873047	324755.3125	-57.2000007629	2355.39990234	0.0	-43.2999992371	-68.5999984741	646.0	439.0	0.0	20.0	25479.9003906	6750.89990234	0.0	1951.0	0.0	0.0	0.0	0.0	-2549057.75	-2549057.75	-2549057.75	-2549057.75	
1.0	2849.60107422	324676.3125	-57.2000007629	2373.39990234	0.0	-51.2999992371	-68.5999984741	713.0	405.0	0.0	19.0	25517.9003906	6708.89990234	0.0	2020.0	0.0	0.0	0.0	0.0	-2826454.75	-2826454.75	-2826454.75	-2826454.75	
1.0	2849.75073242	324735.3125	-60.2000007629	2359.39990234	0.0	-52.2999992371	-65.5999984741	653.0	386.0	0.0	18.0	25335.9003906	6722.89990234	0.0	1911.0	0.0	0.0	0.0	0.0	-3125245.75	-3125245.75	-3125245.75	-3125245.75	
1.0	2849.90063477	324659.3125	-57.2000007629	2364.39990234	0.0	-54.2999992371	-66.5999984741	647.0	423.0	0.0	28.0	25587.9003906	6682.89990234	0.0	2069.0	0.0	0.0	0.0	0.0	-2664976.75	-2664976.75	-2664976.75	-2664976.75	
1.0	2850.05029297	324782.3125	-56.2000007629	2384.39990234	0.0	-54.2999992371	-67.5999984741	704.0	389.0	0.0	27.0	25035.9003906	6676.89990234	0.0	1981.0	0.0	0.0	0.0	0.0	-3022608.75	-3022608.75	-3022608.75	-3022608.75	
1.0	2850.20019531	324875.3125	-58.2000007629	2362.39990234	0.0	-40.2999992371	-79.5999984741	675.0	431.0	0.0	23.0	26112.9003906	6808.89990234	0.0	2017.0	0.0	0.0	0.0	0.0	-2506676.75	-2506676.75	-2506676.75	-2506676.75	
1.0	2850.34985352	324667.3125	-56.2000007629	2354.39990234	0.0	-41.2999992371	-75.5999984741	686.0	404.0	0.0	23.0	25737.9003906	6676.89990234	0.0	1995.0	0.0	0.0	0.0	0.0	-2702370.75	-2702370.75	-2702370.75	-2702370.75	
1.0	2850.49975586	324788.3125	-56.2000007629	2381.39990234	0.0	-40.2999992371	-68.5999984741	706.0	456.0	0.0	15.0	25360.9003906	6680.89990234	0.0	1954.0	0.0	0.0	0.0	0.0	-2517013.75	-2517013.75	-2517013.75	-2517013.75	
1.0	2850.6496582	324894.3125	-57.2000007629	2382.39990234	0.0	-39.2999992371	-68.5999984741	704.0	421.0	0.0	12.0	26017.9003906	6639.89990234	0.0	1989.0	0.0	0.0	0.0	0.0	-2897429.75	-2897429.75	-2897429.75	-2897429.75	
1.0	2850.79956055	324684.3125	-42.2000007629	2369.39990234	0.0	-45.2999992371	-70.5999984741	663.0	427.0	0.0	27.0	25607.9003906	6602.89990234	0.0	1985.0	0.0	0.0	0.0	0.0	-2639232.75	-2639232.75	-2639232.75	-2639232.75	
1.0	2850.94946289	324662.3125	-41.2000007629	2361.39990234	0.0	-36.2999992371	-74.5999984741	673.0	420.0	0.0	19.0	25605.9003906	6759.89990234	0.0	1844.0	0.0	0.0	0.0	0.0	-2723022.75	-2723022.75	-2723022.75	-2723022.75	
1.0	2851.09936523	324738.3125	-38.2000007629	2368.39990234	0.0	-36.2999992371	-86.5999984741	698.0	433.0	0.0	15.0	25799.9003906	6835.89990234	0.0	2021.0	0.0	0.0	0.0	0.0	-2853203.75	-2853203.75	-2853203.75	-2853203.75	
1.0	2851.24926758	324657.3125	-37.2000007629	2361.39990234	0.0	-37.2999992371	-83.5999984741	700.0	423.0	0.0	17.0	25754.9003906	6676.89990234	0.0	2007.0	0.0	0.0	0.0	0.0	-3109769.75	-3109769.75	-3109769.75	-3109769.75	
1.0	2851.39941406	324631.3125	-42.2000007629	2354.39990234	0.0	-33.2999992371	-85.5999984741	745.0	426.0	0.0	25.0	25542.9003906	6901.89990234	0.0	2029.0	0.0	0.0	0.0	0.0	-2505554.75	-2505554.75	-2505554.75	-2505554.75	
1.0	2851.54931641	324671.3125	-41.2000007629	2361.39990234	0.0	-36.2999992371	-87.5999984741	661.0	435.0	0.0	19.0	26027.9003906	6660.89990234	0.0	1988.0	0.0	0.0	0.0	0.0	-2910923.75	-2910923.75	-2910923.75	-2910923.75	
1.0	2851.69946289	324528.3125	-39.2000007629	2359.39990234	0.0	-38.2999992371	-88.5999984741	749.0	446.0	0.0	22.0	25387.9003906	6773.89990234	0.0	1957.0	0.0	0.0	0.0	0.0	-2715610.75	-2715610.75	-2715610.75	-2715610.75	
1.0	2851.84936523	324637.3125	-41.2000007629	2393.39990234	0.0	-39.2999992371	-91.5999984741	666.0	372.0	0.0	19.0	25269.9003906	6770.89990234	0.0	1999.0	0.0	0.0	0.0	0.0	-3072208.75	-3072208.75	-3072208.75	-3072208.75	
1.0	2851.99951172	324427.3125	-37.2000007629	2373.39990234	0.0	-38.2999992371	-81.5999984741	719.0	419.0	0.0	16.0	25256.9003906	6617.89990234	0.0	1926.0	0.0	0.0	0.0	0.0	-3187036.75	-3187036.75	-3187036.75	-3187036.75	
1.0	2852.1496582	324448.3125	-38.2000007629	2381.39990234	0.0	-35.2999992371	-77.5999984741	647.0	415.0	0.0	26.0	25555.9003906	6785.89990234	0.0	1957.0	0.0	0.0	0.0	0.0	-2551269.75	-2551269.75	-2551269.75	-2551269.75	
1.0	2852.29956055	324487.3125	-39.2000007629	2377.39990234	0.0	-35.2999992371	-77.5999984741	636.0	377.0	0.0	26.0	25705.9003906	6735.89990234	0.0	2026.0	0.0	0.0	0.0	0.0	-2738967.75	-2738967.75	-2738967.75	-2738967.75	
1.0	2852.44970703	324761.3125	-37.2000007629	2360.39990234	0.0	-36.2999992371	-78.5999984741	635.0	397.0	0.0	15.0	25584.9003906	6611.89990234	0.0	1984.0	0.0	0.0	0.0	0.0	-2519234.75	-2519234.75	-2519234.75	-2519234.75	
1.0	2852.60009766	324489.3125	-36.2000007629	2392.39990234	0.0	-48.2999992371	-77.5999984741	634.0	366.0	0.0	24.0	25634.9003906	6603.89990234	0.0	1973.0	0.0	0.0	0.0	0.0	-3563387.75	-3563387.75	-3563387.75	-3563387.75	
1.0	2852.75024414	324603.3125	-39.2000007629	2394.39990234	0.0	-49.2999992371	-77.5999984741	629.0	417.0	0.0	21.0	25532.9003906	6875.89990234	0.0	2039.0	0.0	0.0	0.0	0.0	-2521800.75	-2521800.75	-2521800.75	-2521800.75	
1.0	2852.90039062	324512.3125	-35.2000007629	2399.39990234	0.0	-38.2999992371	-77.5999984741	642.0	412.0	0.0	29.0	25387.9003906	6730.89990234	0.0	1938.0	0.0	0.0	0.0	0.0	-3144723.75	-3144723.75	-3144723.75	-3144723.75	
1.0	2853.05053711	324597.3125	-44.2000007629	2355.39990234	0.0	-38.2999992371	-63.5999984741	623.0	384.0	0.0	18.0	25595.9003906	6775.89990234	0.0	1950.0	0.0	0.0	0.0	0.0	-2653192.75	-2653192.75	-2653192.75	-2653192.75	
1.0	2853.20092773	324450.3125	-31.2000007629	2356.39990234	0.0	-37.2999992371	-61.5999984741	657.0	429.0	0.0	26.0	25255.9003906	6910.89990234	0.0	2010.0	0.0	0.0	0.0	0.0	-3033051.75	-3033051.75	-3033051.75	-3033051.75	
1.0	2853.35107422	324191.3125	-28.2000007629	2355.39990234	0.0	-37.2999992371	-59.5999984741	661.0	365.0	0.0	9.0	26013.9003906	6677.89990234	0.0	1913.0	0.0	0.0	0.0	0.0	-2942908.75	-2942908.75	-2942908.75	-2942908.75	
1.0	2853.4987793	324444.3125	-30.2000007629	2369.39990234	0.0	-38.2999992371	-59.5999984741	622.0	361.0	0.0	17.0	25702.9003906	6592.89990234	0.0	2000.0	0.0	0.0	0.0	0.0	-2789667.75	-2789667.75	-2789667.75	-2789667.75	
1.0	2853.64916992	324333.3125	-31.2000007629	2387.39990234	0.0	-38.2999992371	-60.5999984741	629.0	384.0	0.0	17.0	25683.9003906	6760.89990234	0.0	1936.0	0.0	0.0	0.0	0.0	-3072313.75	-3072313.75	-3072313.75	-3072313.75	
1.0	2853.79956055	324342.3125	-27.2000007629	2389.39990234	0.0	-30.2999992371	-59.5999984741	634.0	374.0	0.0	14.0	25567.9003906	6631.89990234	0.0	1971.0	0.0	0.0	0.0	0.0	-3031962.75	-3031962.75	-3031962.75	-3031962.75	
1.0	2853.94995117	324287.3125	-29.2000007629	2368.39990234	0.0	-29.2999992371	-58.5999984741	643.0	388.0	0.0	23.0	26061.9003906	6870.89990234	0.0	2029.0	0.0	0.0	0.0	0.0	-2627514.75	-2627514.75	-2627514.75	-2627514.75	
1.0	2854.1003418	324171.3125	-29.2000007629	2373.39990234	0.0	-26.2999992371	-58.5999984741	638.0	348.0	0.0	14.0	25630.9003906	6591.89990234	0.0	1950.0	0.0	0.0	0.0	0.0	-2498046.75	-2498046.75	-2498046.75	-2498046.75	
1.0	2854.25073242	324454.3125	-29.2000007629	2373.39990234	0.0	-26.2999992371	-70.5999984741	652.0	379.0	0.0	16.0	26237.9003906	6678.89990234	0.0	2075.0	0.0	0.0	0.0	0.0	-2506609.75	-2506609.75	-2506609.75	-2506609.75	
1.0	2854.40112305	324362.3125	-30.2000007629	2363.39990234	0.0	-29.2999992371	-69.5999984741	604.0	366.0	0.0	21.0	25709.9003906	6600.89990234	0.0	1944.0	0.0	0.0	0.0	0.0	-3250166.75	-3250166.75	-3250166.75	-3250166.75	
1.0	2854.54907227	324230.3125	-29.2000007629	2361.39990234	0.0	-27.2999992371	-59.5999984741	580.0	338.0	0.0	15.0	25897.9003906	6632.89990234	0.0	1993.0	0.0	0.0	0.0	0.0	-2510786.75	-2510786.75	-2510786.75	-2510786.75	
1.0	2854.69946289	324334.3125	-30.2000007629	2358.39990234	0.0	-27.2999992371	-57.5999984741	643.0	370.0	0.0	22.0	25946.9003906	6778.89990234	0.0	1935.0	0.0	0.0	0.0	0.0	-3245509.75	-3245509.75	-3245509.75	-3245509.75	
1.0	2854.85009766	324170.3125	-31.2000007629	2373.39990234	0.0	-26.2999992371	-58.5999984741	650.0	395.0	0.0	23.0	25835.9003906	6841.89990234	0.0	1974.0	0.0	0.0	0.0	0.0	-2625456.75	-2625456.75	-2625456.75	-2625456.75	
1.0	2855.00048828	324274.3125	-34.2000007629	2390.39990234	0.0	-20.2999992371	-55.5999984741	598.0	385.0	0.0	28.0	25675.9003906	6829.89990234	0.0	2053.0	0.0	0.0	0.0	0.0	-2853879.75	-2853879.75	-2853879.75	-2853879.75	
1.0	2855.49902344	324054.3125	-30.2000007629	2368.39990234	0.0	-20.2999992371	-47.5999984741	601.0	400.0	0.0	19.0	25815.9003906	6792.89990234	0.0	2053.0	0.0	0.0	0.0	0.0	-3093706.75	-3093706.75	-3093706.75	-3093706.75	
1.0	2856.00048828	324234.3125	-30.2000007629	2389.39990234	0.0	-19.2999992371	-39.5999984741	638.0	394.0	0.0	24.0	26124.9003906	6750.89990234	0.0	1993.0	0.0	0.0	0.0	0.0	-2694678.75	-2694678.75	-2694678.75	-2694678.75	
1.0	2856.49926758	324409.3125	-30.2000007629	2377.39990234	0.0	-25.2999992371	-39.5999984741	649.0	373.0	0.0	22.0	26186.9003906	6781.89990234	0.0	1968.0	0.0	0.0	0.0	0.0	-2552953.75	-2552953.75	-2552953.75	-2552953.75	
1.0	2857.0012207	324115.3125	-32.2000007629	2395.39990234	0.0	-28.2999992371	-38.5999984741	693.0	414.0	0.0	18.0	26169.9003906	6860.89990234	0.0	2086.0	0.0	0.0	0.0	0.0	-2855779.75	-2855779.75	-2855779.75	-2855779.75	
1.0	2857.50073242	324198.3125	-27.2000007629	2372.39990234	0.0	-31.2999992371	-37.5999984741	629.0	413.0	0.0	24.0	26177.9003906	6680.89990234	0.0	2075.0	0.0	0.0	0.0	0.0	-3137033.75	-3137033.75	-3137033.75	-3137033.75	
1.0	2858.00048828	324470.3125	-27.2000007629	2381.39990234	0.0	-38.2999992371	-41.5999984741	683.0	370.0	0.0	12.0	25726.9003906	6740.89990234	0.0	2066.0	0.0	0.0	0.0	0.0	-3107547.75	-3107547.75	-3107547.75	-3107547.75	
1.0	2858.50048828	324105.3125	-29.2000007629	2374.39990234	0.0	-42.2999992371	-39.5999984741	679.0	406.0	0.0	19.0	25864.9003906	6925.89990234	0.0	1952.0	0.0	0.0	0.0	0.0	-2772353.75	-2772353.75	-2772353.75	-2772353.75	
1.0	2859.00073242	324373.3125	-41.2000007629	2399.39990234	0.0	-33.2999992371	-38.5999984741	679.0	423.0	0.0	15.0	25755.9003906	6765.89990234	0.0	1982.0	0.0	0.0	0.0	0.0	-3380611.75	-3380611.75	-3380611.75	-3380611.75	
1.0	2859.4987793	324134.3125	-36.2000007629	2372.39990234	0.0	-30.2999992371	-37.5999984741	728.0	415.0	0.0	20.0	25946.9003906	6920.89990234	0.0	1969.0	0.0	0.0	0.0	0.0	-3208225.75	-3208225.75	-3208225.75	-3208225.75	
1.0	2859.99951172	324123.3125	-36.2000007629	2372.39990234	0.0	-27.2999992371	-38.5999984741	744.0	413.0	0.0	16.0	26529.9003906	6811.89990234	0.0	2001.0	0.0	0.0	0.0	0.0	-2745139.75	-2745139.75	-2745139.75	-2745139.75	
1.0	2860.50048828	324172.3125	-36.2000007629	2374.39990234	0.0	-27.2999992371	-38.5999984741	715.0	462.0	0.0	19.0	26389.9003906	6697.89990234	0.0	1975.0	0.0	0.0	0.0	0.0	-2744782.75	-2744782.75	-2744782.75	-2744782.75	
1.0	2860.99926758	324047.3125	-36.2000007629	2380.39990234	0.0	-27.2999992371	-35.5999984741	666.0	438.0	0.0	19.0	26008.9003906	6762.89990234	0.0	2006.0	0.0	0.0	0.0	0.0	-3773748.75	-3773748.75	-3773748.75	-3773748.75	
1.0	2861.50073242	324365.3125	-37.2000007629	2382.39990234	0.0	-29.2999992371	-38.5999984741	655.0	384.0	0.0	19.0	26493.9003906	6767.89990234	0.0	2006.0	0.0	0.0	0.0	0.0	-3293907.75	-3293907.75	-3293907.75	-3293907.75	
1.0	2862.0	324445.3125	-35.2000007629	2386.39990234	0.0	-26.2999992371	-39.5999984741	661.0	475.0	0.0	22.0	25895.9003906	6945.89990234	0.0	2079.0	0.0	0.0	0.0	0.0	-2958192.75	-2958192.75	-2958192.75	-2958192.75	
1.0	2862.49926758	324208.3125	-38.2000007629	2388.39990234	0.0	-27.2999992371	-40.5999984741	705.0	412.0	0.0	23.0	26352.9003906	6740.89990234	0.0	2008.0	0.0	0.0	0.0	0.0	-3069400.75	-3069400.75	-3069400.75	-3069400.75	
1.0	2862.99902344	324365.3125	-36.2000007629	2414.39990234	0.0	-29.2999992371	-37.5999984741	651.0	422.0	0.0	18.0	25660.9003906	6914.89990234	0.0	2033.0	0.0	0.0	0.0	0.0	-3276229.75	-3276229.75	-3276229.75	-3276229.75	
1.0	2863.49902344	324054.3125	-40.2000007629	2396.39990234	0.0	-31.2999992371	-41.5999984741	690.0	415.0	0.0	23.0	26223.9003906	6806.89990234	0.0	2005.0	0.0	0.0	0.0	0.0	-2780533.75	-2780533.75	-2780533.75	-2780533.75	
1.0	2863.99926758	324426.3125	-37.2000007629	2412.39990234	0.0	-30.2999992371	-40.5999984741	692.0	426.0	0.0	14.0	25731.9003906	6964.89990234	0.0	2052.0	0.0	0.0	0.0	0.0	-3228694.75	-3228694.75	-3228694.75	-3228694.75	
1.0	2864.49975586	325775.3125	-38.2000007629	2420.39990234	0.0	-29.2999992371	-42.5999984741	658.0	428.0	0.0	23.0	26075.9003906	7065.89990234	0.0	2072.0	0.0	0.0	0.0	0.0	-2704616.75	-2704616.75	-2704616.75	-2704616.75	
1.0	2865.00048828	327265.3125	-40.2000007629	2413.39990234	0.0	-22.2999992371	-40.5999984741	664.0	394.0	0.0	9.0	26351.9003906	6821.89990234	0.0	2019.0	0.0	0.0	0.0	0.0	-3170419.75	-3170419.75	-3170419.75	-3170419.75	
1.0	2865.4987793	328500.3125	-37.2000007629	2424.39990234	0.0	-20.2999992371	-40.5999984741	713.0	364.0	0.0	20.0	26925.9003906	7077.89990234	0.0	2161.0	0.0	0.0	0.0	0.0	-2755396.75	-2755396.75	-2755396.75	-2755396.75	
1.0	2866.0	328490.3125	-38.2000007629	2418.39990234	0.0	-20.2999992371	-54.5999984741	678.0	435.0	0.0	22.0	27023.9003906	6993.89990234	0.0	2115.0	0.0	0.0	0.0	0.0	-2938114.75	-2938114.75	-2938114.75	-2938114.75	
1.0	2866.4987793	328351.3125	-39.2000007629	2441.39990234	0.0	-19.2999992371	-66.5999984741	666.0	367.0	0.0	21.0	26257.9003906	6913.89990234	0.0	2059.0	0.0	0.0	0.0	0.0	-2786220.75	-2786220.75	-2786220.75	-2786220.75	
1.0	2867.00048828	328658.3125	-36.2000007629	2427.39990234	0.0	-21.2999992371	-63.5999984741	723.0	398.0	0.0	23.0	27305.9003906	7051.89990234	0.0	2045.0	0.0	0.0	0.0	0.0	-2804472.75	-2804472.75	-2804472.75	-2804472.75	
1.0	2867.5	328589.3125	-36.2000007629	2423.39990234	0.0	-28.2999992371	-46.5999984741	660.0	383.0	0.0	16.0	26419.9003906	6997.89990234	0.0	2089.0	0.0	0.0	0.0	0.0	-3002991.75	-3002991.75	-3002991.75	-3002991.75	
1.0	2867.99951172	328395.3125	-35.2000007629	2422.39990234	0.0	-28.2999992371	-44.5999984741	619.0	412.0	0.0	21.0	26341.9003906	7140.89990234	0.0	2094.0	0.0	0.0	0.0	0.0	-2634806.75	-2634806.75	-2634806.75	-2634806.75	
1.0	2868.49951172	328557.3125	-37.2000007629	2442.39990234	0.0	-25.2999992371	-46.5999984741	660.0	378.0	0.0	19.0	26798.9003906	7125.89990234	0.0	2111.0	0.0	0.0	0.0	0.0	-2762842.75	-2762842.75	-2762842.75	-2762842.75	
1.0	2868.99951172	328539.3125	-38.2000007629	2413.39990234	0.0	-30.2999992371	-46.5999984741	689.0	414.0	0.0	22.0	26591.9003906	7087.89990234	0.0	2157.0	0.0	0.0	0.0	0.0	-3116126.75	-3116126.75	-3116126.75	-3116126.75	
1.0	2869.5	328486.3125	-40.2000007629	2412.39990234	0.0	-26.2999992371	-42.5999984741	659.0	391.0	0.0	22.0	26370.9003906	7112.89990234	0.0	2074.0	0.0	0.0	0.0	0.0	-3202988.75	-3202988.75	-3202988.75	-3202988.75	
1.0	2870.00048828	328492.3125	-34.2000007629	2417.39990234	0.0	-28.2999992371	-40.5999984741	672.0	442.0	0.0	17.0	27178.9003906	7201.89990234	0.0	2066.0	0.0	0.0	0.0	0.0	-2586350.75	-2586350.75	-2586350.75	-2586350.75	
1.0	2870.99975586	328702.3125	-36.2000007629	2420.39990234	0.0	-32.2999992371	-40.5999984741	668.0	434.0	0.0	14.0	27024.9003906	6807.89990234	0.0	2103.0	0.0	0.0	0.0	0.0	-2865769.75	-2865769.75	-2865769.75	-2865769.75	
1.0	2872.00024414	328602.3125	-39.2000007629	2446.39990234	0.0	-36.2999992371	-41.5999984741	668.0	396.0	0.0	14.0	26672.9003906	6967.89990234	0.0	1921.0	0.0	0.0	0.0	0.0	-3266529.75	-3266529.75	-3266529.75	-3266529.75	
1.0	2872.99902344	328694.3125	-37.2000007629	2442.39990234	0.0	-37.2999992371	-45.5999984741	716.0	440.0	0.0	17.0	26625.9003906	7193.89990234	0.0	2090.0	0.0	0.0	0.0	0.0	-3329163.75	-3329163.75	-3329163.75	-3329163.75	
1.0	2873.9987793	328497.3125	-37.2000007629	2445.39990234	0.0	-34.2999992371	-52.5999984741	694.0	442.0	0.0	22.0	26970.9003906	7114.89990234	0.0	2100.0	0.0	0.0	0.0	0.0	-2849386.75	-2849386.75	-2849386.75	-2849386.75	
1.0	2874.99951172	328577.3125	-36.2000007629	2424.39990234	0.0	-33.2999992371	-45.5999984741	732.0	464.0	0.0	20.0	26810.9003906	7213.89990234	0.0	2110.0	0.0	0.0	0.0	0.0	-2978670.75	-2978670.75	-2978670.75	-2978670.75	
1.0	2876.0012207	328644.3125	-39.2000007629	2431.39990234	0.0	-34.2999992371	-52.5999984741	770.0	497.0	0.0	23.0	27094.9003906	7241.89990234	0.0	2049.0	0.0	0.0	0.0	0.0	-2519816.75	-2519816.75	-2519816.75	-2519816.75	
1.0	2876.9987793	328443.3125	-38.2000007629	2435.39990234	0.0	-35.2999992371	-42.5999984741	740.0	497.0	0.0	14.0	27761.9003906	7338.89990234	0.0	2161.0	0.0	0.0	0.0	0.0	-2598999.75	-2598999.75	-2598999.75	-2598999.75	
1.0	2878.0	328639.3125	-43.2000007629	2435.39990234	0.0	-30.2999992371	-40.5999984741	746.0	443.0	0.0	22.0	26978.9003906	7059.89990234	0.0	2170.0	0.0	0.0	0.0	0.0	-2919197.75	-2919197.75	-2919197.75	-2919197.75	
1.0	2878.99951172	328708.3125	-40.2000007629	2433.39990234	0.0	-31.2999992371	-39.5999984741	701.0	512.0	0.0	20.0	26738.9003906	7215.89990234	0.0	2060.0	0.0	0.0	0.0	0.0	-2942546.75	-2942546.75	-2942546.75	-2942546.75	
1.0	2880.0	328615.3125	-35.2000007629	2435.39990234	0.0	-33.2999992371	-41.5999984741	742.0	509.0	0.0	21.0	27182.9003906	7228.89990234	0.0	2199.0	0.0	0.0	0.0	0.0	-2940007.75	-2940007.75	-2940007.75	-2940007.75	
1.0	2880.9987793	328681.3125	-38.2000007629	2455.39990234	0.0	-25.2999992371	-40.5999984741	743.0	449.0	0.0	25.0	26668.9003906	7179.89990234	0.0	1996.0	0.0	0.0	0.0	0.0	-3231973.75	-3231973.75	-3231973.75	-3231973.75	
1.0	2882.0012207	328542.3125	-39.2000007629	2441.39990234	0.0	-23.2999992371	-51.5999984741	768.0	509.0	0.0	22.0	27619.9003906	7345.89990234	0.0	2186.0	0.0	0.0	0.0	0.0	-2526254.75	-2526254.75	-2526254.75	-2526254.75	
1.0	2882.99951172	328644.3125	-36.2000007629	2463.39990234	0.0	-20.2999992371	-55.5999984741	765.0	503.0	0.0	22.0	27130.9003906	7283.89990234	0.0	2235.0	0.0	0.0	0.0	0.0	-2673904.75	-2673904.75	-2673904.75	-2673904.75	
1.0	2884.0012207	328699.3125	-49.2000007629	2454.39990234	0.0	-26.2999992371	-54.5999984741	807.0	479.0	0.0	17.0	27223.9003906	7211.89990234	0.0	2202.0	0.0	0.0	0.0	0.0	-3009772.75	-3009772.75	-3009772.75	-3009772.75	
1.0	2884.9987793	328436.3125	-35.2000007629	2458.39990234	0.0	-21.2999992371	-70.5999984741	793.0	459.0	0.0	17.0	27291.9003906	7040.89990234	0.0	2120.0	0.0	0.0	0.0	0.0	-4026161.75	-4026161.75	-4026161.75	-4026161.75	
1.0	2886.0	328670.3125	-39.2000007629	2438.39990234	0.0	-16.2999992371	-75.5999984741	749.0	509.0	0.0	16.0	27755.9003906	7373.89990234	0.0	2146.0	0.0	0.0	0.0	0.0	-2736923.75	-2736923.75	-2736923.75	-2736923.75	
1.0	2886.99951172	328697.3125	-37.2000007629	2463.39990234	0.0	-15.3000001907	-68.5999984741	708.0	488.0	0.0	13.0	27270.9003906	7248.89990234	0.0	2114.0	0.0	0.0	0.0	0.0	-3114730.75	-3114730.75	-3114730.75	-3114730.75	
1.0	2890.0012207	328683.3125	-36.2000007629	2456.39990234	0.0	-14.3000001907	-53.5999984741	789.0	462.0	0.0	20.0	27173.9003906	7439.89990234	0.0	2156.0	0.0	0.0	0.0	0.0	-2560501.75	-2560501.75	-2560501.75	-2560501.75	
1.0	2893.0012207	328764.3125	-39.2000007629	2479.39990234	0.0	-10.3000001907	-54.5999984741	704.0	470.0	0.0	25.0	27437.9003906	7354.89990234	0.0	2131.0	0.0	0.0	0.0	0.0	-2774689.75	-2774689.75	-2774689.75	-2774689.75	
1.0	2895.99926758	328728.3125	-38.2000007629	2476.39990234	0.0	-13.3000001907	-53.5999984741	688.0	435.0	0.0	21.0	27972.9003906	7333.89990234	0.0	2195.0	0.0	0.0	0.0	0.0	-2874948.75	-2874948.75	-2874948.75	-2874948.75	
1.0	2899.00097656	329038.3125	-34.2000007629	2488.39990234	0.0	-13.3000001907	-55.5999984741	660.0	452.0	0.0	19.0	27499.9003906	7459.89990234	0.0	2222.0	0.0	0.0	0.0	0.0	-2731395.75	-2731395.75	-2731395.75	-2731395.75	
1.0	2902.00073242	328969.3125	-50.2000007629	2482.39990234	0.0	-13.3000001907	-53.5999984741	642.0	414.0	0.0	25.0	27590.9003906	7392.89990234	0.0	2235.0	0.0	0.0	0.0	0.0	-3251452.75	-3251452.75	-3251452.75	-3251452.75	
1.0	2905.0012207	328999.3125	-39.2000007629	2491.39990234	0.0	-12.3000001907	-52.5999984741	629.0	438.0	0.0	15.0	27628.9003906	7546.89990234	0.0	2255.0	0.0	0.0	0.0	0.0	-2809647.75	-2809647.75	-2809647.75	-2809647.75	
