SSRL   MicroEXAFS Data Collector 2.0 
Thu Jul 04 18:14:35 2019
PTS:	205	COLS:	24
alexbox-4ch-xspress.det
RuL3_edge_cell.rgn
SSRL BEAMLINE
COMMENTS





S1VGAP: 0.800000	S1HGAP: 2.500000	TABLEHORZ: 5.000000	SAMPLEV: 42.000000	CALVERT: 4.100521	BPVRT: 46.052197	M1VERT: 6.983426	SAMPLEHOLD: 25.998010	S1HTRAN: 4.481500	

Weights:
 1.000	1.000	1.000	1.000	1.000	1.000	1.000	1.000	1.000	1.000	1.000	1.000	1.000	1.000	1.000	1.000	1.000	1.000	1.000	1.000	1.000	1.000	
Offsets:
 207.7	877.2	4819.6	0.0	125.3	562.6	0.0	0.0	0.0	0.0	0.1	2.1	0.0	1.0	0.0	0.0	0.0	0.0	79705487.8	79705487.8	79705487.8	79705487.8	
Data:
Real Time Clock
Requested Energy
I0   
I1   
I2   
I3   
MPFB1   
MPFB2   
FF1   
FF2   
FF3   
FF4   
ICR1   
ICR2   
ICR3   
ICR4   
SCA2.1   
SCA2.2   
SCA2.3   
SCA2.4   
TIME1   
TIME2   
TIME3   
TIME4   

1.0	2810.00097656	323858.3125	-14.1999998093	2311.39990234	0.0	-27.2999992371	-46.5999984741	356.0	56.0	0.0	23.0	27621.9003906	6542.89990234	0.0	2038.0	0.0	0.0	0.0	0.0	-2651168.75	-2651168.75	-2651168.75	-2651168.75	
1.0	2810.99975586	324106.3125	-15.1999998093	2300.39990234	0.0	-26.2999992371	-47.5999984741	364.0	57.0	0.0	18.0	26687.9003906	6277.89990234	0.0	2007.0	0.0	0.0	0.0	0.0	-2906640.75	-2906640.75	-2906640.75	-2906640.75	
1.0	2811.99951172	324035.3125	-13.1999998093	2311.39990234	0.0	-27.2999992371	-48.5999984741	350.0	49.0	0.0	24.0	26648.9003906	6597.89990234	0.0	1945.0	0.0	0.0	0.0	0.0	-2871259.75	-2871259.75	-2871259.75	-2871259.75	
1.0	2813.00024414	323899.3125	-14.1999998093	2304.39990234	0.0	-27.2999992371	-48.5999984741	335.0	66.0	0.0	34.0	27169.9003906	6661.89990234	0.0	2057.0	0.0	0.0	0.0	0.0	-2520864.75	-2520864.75	-2520864.75	-2520864.75	
1.0	2813.99951172	323919.3125	-14.1999998093	2298.39990234	0.0	-28.2999992371	-44.5999984741	305.0	61.0	0.0	31.0	27129.9003906	6475.89990234	0.0	1967.0	0.0	0.0	0.0	0.0	-3662093.75	-3662093.75	-3662093.75	-3662093.75	
1.0	2815.0	324025.3125	-13.1999998093	2319.39990234	0.0	-31.2999992371	-35.5999984741	343.0	68.0	0.0	21.0	27328.9003906	6615.89990234	0.0	2015.0	0.0	0.0	0.0	0.0	-3087981.75	-3087981.75	-3087981.75	-3087981.75	
1.0	2815.99902344	323883.3125	-12.1999998093	2286.39990234	0.0	-25.2999992371	-35.5999984741	316.0	55.0	0.0	16.0	27114.9003906	6471.89990234	0.0	2026.0	0.0	0.0	0.0	0.0	-2625139.75	-2625139.75	-2625139.75	-2625139.75	
1.0	2816.99902344	324047.3125	-11.1999998093	2322.39990234	0.0	-31.2999992371	-33.5999984741	326.0	74.0	0.0	23.0	27157.9003906	6507.89990234	0.0	2106.0	0.0	0.0	0.0	0.0	-3267110.75	-3267110.75	-3267110.75	-3267110.75	
1.0	2818.0	324057.3125	-13.1999998093	2306.39990234	0.0	-28.2999992371	-36.5999984741	321.0	80.0	0.0	30.0	27559.9003906	6521.89990234	0.0	2055.0	0.0	0.0	0.0	0.0	-3046705.75	-3046705.75	-3046705.75	-3046705.75	
1.0	2818.99975586	324268.3125	-12.1999998093	2305.39990234	0.0	-28.2999992371	-34.5999984741	362.0	60.0	0.0	25.0	27777.9003906	6575.89990234	0.0	2000.0	0.0	0.0	0.0	0.0	-3211832.75	-3211832.75	-3211832.75	-3211832.75	
1.0	2820.00048828	324251.3125	-16.2000007629	2328.39990234	0.0	-35.2999992371	-35.5999984741	345.0	71.0	0.0	17.0	27597.9003906	6556.89990234	0.0	2009.0	0.0	0.0	0.0	0.0	-3005098.75	-3005098.75	-3005098.75	-3005098.75	
1.0	2820.99975586	324297.3125	-9.19999980927	2309.39990234	0.0	-35.2999992371	-35.5999984741	337.0	65.0	0.0	28.0	27643.9003906	6693.89990234	0.0	2095.0	0.0	0.0	0.0	0.0	-2822730.75	-2822730.75	-2822730.75	-2822730.75	
1.0	2822.0	324101.3125	-11.1999998093	2315.39990234	0.0	-36.2999992371	-35.5999984741	339.0	79.0	0.0	20.0	28024.9003906	6460.89990234	0.0	1986.0	0.0	0.0	0.0	0.0	-3231444.75	-3231444.75	-3231444.75	-3231444.75	
1.0	2822.9987793	324033.3125	-6.19999980927	2333.39990234	0.0	-38.2999992371	-34.5999984741	322.0	70.0	0.0	23.0	27389.9003906	6434.89990234	0.0	2035.0	0.0	0.0	0.0	0.0	-2671636.75	-2671636.75	-2671636.75	-2671636.75	
1.0	2824.0012207	323840.3125	-7.19999980927	2316.39990234	0.0	-34.2999992371	-33.5999984741	325.0	84.0	0.0	42.0	27434.9003906	6696.89990234	0.0	2119.0	0.0	0.0	0.0	0.0	-2991383.75	-2991383.75	-2991383.75	-2991383.75	
1.0	2824.99951172	323951.3125	-10.1999998093	2324.39990234	0.0	-36.2999992371	-36.5999984741	385.0	85.0	0.0	27.0	27831.9003906	6781.89990234	0.0	2011.0	0.0	0.0	0.0	0.0	-2977964.75	-2977964.75	-2977964.75	-2977964.75	
1.0	2825.99902344	323626.3125	-12.1999998093	2319.39990234	0.0	-28.2999992371	-36.5999984741	372.0	101.0	0.0	19.0	27859.9003906	6748.89990234	0.0	2062.0	0.0	0.0	0.0	0.0	-2739604.75	-2739604.75	-2739604.75	-2739604.75	
1.0	2826.99951172	323587.3125	-12.1999998093	2315.39990234	0.0	-29.2999992371	-37.5999984741	377.0	99.0	0.0	22.0	27617.9003906	6618.89990234	0.0	1988.0	0.0	0.0	0.0	0.0	-3092433.75	-3092433.75	-3092433.75	-3092433.75	
1.0	2828.0012207	323793.3125	-13.1999998093	2317.39990234	0.0	-29.2999992371	-34.5999984741	364.0	85.0	0.0	24.0	28180.9003906	6562.89990234	0.0	1983.0	0.0	0.0	0.0	0.0	-3023013.75	-3023013.75	-3023013.75	-3023013.75	
1.0	2829.0012207	323910.3125	-13.1999998093	2340.39990234	0.0	-28.2999992371	-43.5999984741	368.0	109.0	0.0	31.0	27697.9003906	6576.89990234	0.0	2022.0	0.0	0.0	0.0	0.0	-3290134.75	-3290134.75	-3290134.75	-3290134.75	
1.0	2829.99975586	323893.3125	-12.1999998093	2317.39990234	0.0	-28.2999992371	-36.5999984741	396.0	82.0	0.0	30.0	28445.9003906	6596.89990234	0.0	2019.0	0.0	0.0	0.0	0.0	-2823624.75	-2823624.75	-2823624.75	-2823624.75	
1.0	2830.99951172	323924.3125	-11.1999998093	2327.39990234	0.0	-29.2999992371	-39.5999984741	358.0	98.0	0.0	20.0	27692.9003906	6761.89990234	0.0	2097.0	0.0	0.0	0.0	0.0	-2919163.75	-2919163.75	-2919163.75	-2919163.75	
1.0	2832.00024414	324023.3125	-15.1999998093	2322.39990234	0.0	-29.2999992371	-37.5999984741	358.0	102.0	0.0	24.0	28326.9003906	6785.89990234	0.0	2068.0	0.0	0.0	0.0	0.0	-2689084.75	-2689084.75	-2689084.75	-2689084.75	
1.0	2832.99926758	324047.3125	-13.1999998093	2302.39990234	0.0	-28.2999992371	-37.5999984741	368.0	102.0	0.0	27.0	27636.9003906	6816.89990234	0.0	2055.0	0.0	0.0	0.0	0.0	-2617785.75	-2617785.75	-2617785.75	-2617785.75	
1.0	2833.99951172	324189.3125	-20.2000007629	2333.39990234	0.0	-28.2999992371	-36.5999984741	426.0	130.0	0.0	20.0	28141.9003906	6770.89990234	0.0	2052.0	0.0	0.0	0.0	0.0	-2852415.75	-2852415.75	-2852415.75	-2852415.75	
1.0	2835.00073242	324115.3125	-20.2000007629	2327.39990234	0.0	-29.2999992371	-37.5999984741	410.0	133.0	0.0	19.0	28222.9003906	6827.89990234	0.0	2137.0	0.0	0.0	0.0	0.0	-2835214.75	-2835214.75	-2835214.75	-2835214.75	
1.0	2836.00073242	324078.3125	-25.2000007629	2336.39990234	0.0	-28.2999992371	-34.5999984741	433.0	190.0	0.0	20.0	28145.9003906	6900.89990234	0.0	2131.0	0.0	0.0	0.0	0.0	-2958842.75	-2958842.75	-2958842.75	-2958842.75	
1.0	2836.40039062	324249.3125	-22.2000007629	2349.39990234	0.0	-27.2999992371	-36.5999984741	486.0	202.0	0.0	28.0	27932.9003906	6812.89990234	0.0	2033.0	0.0	0.0	0.0	0.0	-3166923.75	-3166923.75	-3166923.75	-3166923.75	
1.0	2836.55053711	324285.3125	-24.2000007629	2352.39990234	0.0	-29.2999992371	-35.5999984741	477.0	227.0	0.0	30.0	27702.9003906	6994.89990234	0.0	2140.0	0.0	0.0	0.0	0.0	-2924582.75	-2924582.75	-2924582.75	-2924582.75	
1.0	2836.70092773	323960.3125	-21.2000007629	2344.39990234	0.0	-29.2999992371	-32.5999984741	510.0	217.0	0.0	22.0	28188.9003906	6917.89990234	0.0	2112.0	0.0	0.0	0.0	0.0	-2649916.75	-2649916.75	-2649916.75	-2649916.75	
1.0	2836.85107422	324268.3125	-21.2000007629	2333.39990234	0.0	-28.2999992371	-35.5999984741	473.0	219.0	0.0	24.0	27816.9003906	6984.89990234	0.0	2071.0	0.0	0.0	0.0	0.0	-3099253.75	-3099253.75	-3099253.75	-3099253.75	
1.0	2836.9987793	324109.3125	-35.2000007629	2331.39990234	0.0	-26.2999992371	-40.5999984741	502.0	230.0	0.0	25.0	28452.9003906	6943.89990234	0.0	2127.0	0.0	0.0	0.0	0.0	-3165486.75	-3165486.75	-3165486.75	-3165486.75	
1.0	2837.14916992	324188.3125	-21.2000007629	2322.39990234	0.0	-32.2999992371	-45.5999984741	574.0	244.0	0.0	37.0	28273.9003906	6898.89990234	0.0	2147.0	0.0	0.0	0.0	0.0	-2602013.75	-2602013.75	-2602013.75	-2602013.75	
1.0	2837.29956055	324251.3125	-22.2000007629	2337.39990234	0.0	-29.2999992371	-47.5999984741	501.0	276.0	0.0	23.0	27871.9003906	7116.89990234	0.0	2136.0	0.0	0.0	0.0	0.0	-2862700.75	-2862700.75	-2862700.75	-2862700.75	
1.0	2837.44995117	323986.3125	-21.2000007629	2333.39990234	0.0	-41.2999992371	-45.5999984741	567.0	256.0	0.0	16.0	28512.9003906	6964.89990234	0.0	2091.0	0.0	0.0	0.0	0.0	-3219891.75	-3219891.75	-3219891.75	-3219891.75	
1.0	2837.6003418	324196.3125	-42.2000007629	2350.39990234	0.0	-31.2999992371	-45.5999984741	588.0	303.0	0.0	19.0	28320.9003906	7026.89990234	0.0	2075.0	0.0	0.0	0.0	0.0	-2673117.75	-2673117.75	-2673117.75	-2673117.75	
1.0	2837.75073242	324036.3125	-20.2000007629	2327.39990234	0.0	-25.2999992371	-54.5999984741	610.0	331.0	0.0	22.0	28663.9003906	7053.89990234	0.0	2114.0	0.0	0.0	0.0	0.0	-3142891.75	-3142891.75	-3142891.75	-3142891.75	
1.0	2837.90136719	323892.3125	-20.2000007629	2334.39990234	0.0	-32.2999992371	-43.5999984741	627.0	345.0	0.0	26.0	28159.9003906	7074.89990234	0.0	2063.0	0.0	0.0	0.0	0.0	-3307139.75	-3307139.75	-3307139.75	-3307139.75	
1.0	2838.04907227	323968.3125	-21.2000007629	2343.39990234	0.0	-28.2999992371	-44.5999984741	710.0	355.0	0.0	26.0	28578.9003906	7106.89990234	0.0	2073.0	0.0	0.0	0.0	0.0	-3117389.75	-3117389.75	-3117389.75	-3117389.75	
1.0	2838.19970703	323908.3125	-20.2000007629	2346.39990234	0.0	-27.2999992371	-47.5999984741	697.0	362.0	0.0	28.0	28108.9003906	7264.89990234	0.0	2046.0	0.0	0.0	0.0	0.0	-2902768.75	-2902768.75	-2902768.75	-2902768.75	
1.0	2838.35009766	323892.3125	-22.2000007629	2328.39990234	0.0	-29.2999992371	-37.5999984741	739.0	443.0	0.0	36.0	28191.9003906	7275.89990234	0.0	2166.0	0.0	0.0	0.0	0.0	-2906116.75	-2906116.75	-2906116.75	-2906116.75	
1.0	2838.50073242	323941.3125	-23.2000007629	2336.39990234	0.0	-28.2999992371	-37.5999984741	764.0	502.0	0.0	24.0	27722.9003906	7564.89990234	0.0	2090.0	0.0	0.0	0.0	0.0	-3037622.75	-3037622.75	-3037622.75	-3037622.75	
1.0	2838.64868164	324032.3125	-19.2000007629	2331.39990234	0.0	-37.2999992371	-40.5999984741	844.0	555.0	0.0	26.0	27937.9003906	7521.89990234	0.0	2100.0	0.0	0.0	0.0	0.0	-2611464.75	-2611464.75	-2611464.75	-2611464.75	
1.0	2838.79931641	323840.3125	-20.2000007629	2329.39990234	0.0	-29.2999992371	-34.5999984741	937.0	607.0	0.0	17.0	28616.9003906	7647.89990234	0.0	2120.0	0.0	0.0	0.0	0.0	-3216631.75	-3216631.75	-3216631.75	-3216631.75	
1.0	2838.94995117	323909.3125	-18.2000007629	2313.39990234	0.0	-26.2999992371	-36.5999984741	1000.0	681.0	0.0	35.0	28709.9003906	7644.89990234	0.0	2101.0	0.0	0.0	0.0	0.0	-2741788.75	-2741788.75	-2741788.75	-2741788.75	
1.0	2839.10058594	323795.3125	-20.2000007629	2344.39990234	0.0	-27.2999992371	-42.5999984741	1055.0	759.0	0.0	30.0	28818.9003906	7922.89990234	0.0	2079.0	0.0	0.0	0.0	0.0	-2643881.75	-2643881.75	-2643881.75	-2643881.75	
1.0	2839.2487793	323635.3125	-19.2000007629	2346.39990234	0.0	-27.2999992371	-43.5999984741	1257.0	802.0	0.0	30.0	28525.9003906	8142.89990234	0.0	2086.0	0.0	0.0	0.0	0.0	-2807704.75	-2807704.75	-2807704.75	-2807704.75	
1.0	2839.39941406	323608.3125	-22.2000007629	2327.39990234	0.0	-29.2999992371	-45.5999984741	1285.0	930.0	0.0	19.0	28212.9003906	8163.89990234	0.0	2020.0	0.0	0.0	0.0	0.0	-2923428.75	-2923428.75	-2923428.75	-2923428.75	
1.0	2839.55004883	323673.3125	-20.2000007629	2340.39990234	0.0	-24.2999992371	-44.5999984741	1465.0	1109.0	0.0	29.0	28280.9003906	8254.90039062	0.0	2016.0	0.0	0.0	0.0	0.0	-3295985.75	-3295985.75	-3295985.75	-3295985.75	
1.0	2839.70092773	323889.3125	-21.2000007629	2334.39990234	0.0	-24.2999992371	-43.5999984741	1641.0	1205.0	0.0	24.0	28988.9003906	8534.90039062	0.0	2122.0	0.0	0.0	0.0	0.0	-2764053.75	-2764053.75	-2764053.75	-2764053.75	
1.0	2839.84912109	323838.3125	-19.2000007629	2335.39990234	0.0	-20.2999992371	-41.5999984741	1815.0	1438.0	0.0	28.0	28227.9003906	8820.90039062	0.0	2092.0	0.0	0.0	0.0	0.0	-2944141.75	-2944141.75	-2944141.75	-2944141.75	
1.0	2840.0	323863.3125	-20.2000007629	2320.39990234	0.0	-21.2999992371	-41.5999984741	2032.0	1601.0	0.0	20.0	29308.9003906	9233.90039062	0.0	2053.0	0.0	0.0	0.0	0.0	-3204813.75	-3204813.75	-3204813.75	-3204813.75	
1.0	2840.15063477	323492.3125	-22.2000007629	2352.39990234	0.0	-23.2999992371	-40.5999984741	2349.0	1771.0	0.0	29.0	29777.9003906	9592.90039062	0.0	2102.0	0.0	0.0	0.0	0.0	-2816887.75	-2816887.75	-2816887.75	-2816887.75	
1.0	2840.29907227	323583.3125	-18.2000007629	2339.39990234	0.0	-26.2999992371	-46.5999984741	2532.0	2044.0	0.0	30.0	29566.9003906	9846.90039062	0.0	2157.0	0.0	0.0	0.0	0.0	-3044309.75	-3044309.75	-3044309.75	-3044309.75	
1.0	2840.44970703	323563.3125	-19.2000007629	2339.39990234	0.0	-26.2999992371	-46.5999984741	2744.0	2245.0	0.0	22.0	29574.9003906	10300.9003906	0.0	2032.0	0.0	0.0	0.0	0.0	-2731138.75	-2731138.75	-2731138.75	-2731138.75	
1.0	2840.60058594	323488.3125	-22.2000007629	2340.39990234	0.0	-25.2999992371	-53.5999984741	3033.0	2400.0	0.0	20.0	30009.9003906	10493.9003906	0.0	2187.0	0.0	0.0	0.0	0.0	-2649892.75	-2649892.75	-2649892.75	-2649892.75	
1.0	2840.74902344	323554.3125	-15.1999998093	2346.39990234	0.0	-25.2999992371	-58.5999984741	3054.0	2493.0	0.0	23.0	30423.9003906	10498.9003906	0.0	1941.0	0.0	0.0	0.0	0.0	-2877187.75	-2877187.75	-2877187.75	-2877187.75	
1.0	2840.89990234	323653.3125	-21.2000007629	2336.39990234	0.0	-28.2999992371	-42.5999984741	2992.0	2612.0	0.0	29.0	29756.9003906	10694.9003906	0.0	2101.0	0.0	0.0	0.0	0.0	-3137869.75	-3137869.75	-3137869.75	-3137869.75	
1.0	2841.05102539	323600.3125	-19.2000007629	2339.39990234	0.0	-32.2999992371	-36.5999984741	3218.0	2511.0	0.0	20.0	30632.9003906	10838.9003906	0.0	2070.0	0.0	0.0	0.0	0.0	-2764099.75	-2764099.75	-2764099.75	-2764099.75	
1.0	2841.19921875	323500.3125	-14.1999998093	2369.39990234	0.0	-39.2999992371	-37.5999984741	3042.0	2450.0	0.0	26.0	29440.9003906	10556.9003906	0.0	2143.0	0.0	0.0	0.0	0.0	-3184036.75	-3184036.75	-3184036.75	-3184036.75	
1.0	2841.3503418	323532.3125	-19.2000007629	2327.39990234	0.0	-40.2999992371	-35.5999984741	2942.0	2320.0	0.0	20.0	30247.9003906	10442.9003906	0.0	2036.0	0.0	0.0	0.0	0.0	-2885904.75	-2885904.75	-2885904.75	-2885904.75	
1.0	2841.4987793	323630.3125	-17.2000007629	2330.39990234	0.0	-40.2999992371	-34.5999984741	2806.0	2268.0	0.0	18.0	29792.9003906	10283.9003906	0.0	2118.0	0.0	0.0	0.0	0.0	-3119438.75	-3119438.75	-3119438.75	-3119438.75	
1.0	2841.64990234	323434.3125	-19.2000007629	2314.39990234	0.0	-38.2999992371	-36.5999984741	2615.0	2078.0	0.0	28.0	29348.9003906	10007.9003906	0.0	2180.0	0.0	0.0	0.0	0.0	-2853487.75	-2853487.75	-2853487.75	-2853487.75	
1.0	2841.80078125	323437.3125	-16.2000007629	2338.39990234	0.0	-41.2999992371	-37.5999984741	2378.0	2054.0	0.0	25.0	28772.9003906	9900.90039062	0.0	2147.0	0.0	0.0	0.0	0.0	-3146412.75	-3146412.75	-3146412.75	-3146412.75	
1.0	2841.94946289	323382.3125	-11.1999998093	2302.39990234	0.0	-41.2999992371	-37.5999984741	2306.0	1881.0	0.0	24.0	29425.9003906	9691.90039062	0.0	2070.0	0.0	0.0	0.0	0.0	-2543064.75	-2543064.75	-2543064.75	-2543064.75	
1.0	2842.10058594	323510.3125	-17.2000007629	2318.39990234	0.0	-42.2999992371	-38.5999984741	2144.0	1649.0	0.0	31.0	29563.9003906	9436.90039062	0.0	2093.0	0.0	0.0	0.0	0.0	-2851140.75	-2851140.75	-2851140.75	-2851140.75	
1.0	2842.24902344	323287.3125	-14.1999998093	2330.39990234	0.0	-45.2999992371	-37.5999984741	1974.0	1488.0	0.0	28.0	29724.9003906	8985.90039062	0.0	2170.0	0.0	0.0	0.0	0.0	-3023209.75	-3023209.75	-3023209.75	-3023209.75	
1.0	2842.40014648	323455.3125	-15.1999998093	2364.39990234	0.0	-42.2999992371	-33.5999984741	1900.0	1386.0	0.0	23.0	29147.9003906	8998.90039062	0.0	2052.0	0.0	0.0	0.0	0.0	-3170938.75	-3170938.75	-3170938.75	-3170938.75	
1.0	2842.54882812	323686.3125	-14.1999998093	2332.39990234	0.0	-43.2999992371	-33.5999984741	1731.0	1293.0	0.0	27.0	28943.9003906	8739.90039062	0.0	2023.0	0.0	0.0	0.0	0.0	-2563618.75	-2563618.75	-2563618.75	-2563618.75	
1.0	2842.69995117	324706.3125	-6.19999980927	2350.39990234	0.0	-31.2999992371	-35.5999984741	1683.0	1237.0	0.0	19.0	29024.9003906	8680.90039062	0.0	2127.0	0.0	0.0	0.0	0.0	-2840429.75	-2840429.75	-2840429.75	-2840429.75	
1.0	2842.84863281	325776.3125	-11.1999998093	2342.39990234	0.0	-29.2999992371	-35.5999984741	1600.0	1188.0	0.0	24.0	28865.9003906	8775.90039062	0.0	2095.0	0.0	0.0	0.0	0.0	-3164196.75	-3164196.75	-3164196.75	-3164196.75	
1.0	2843.0	326993.3125	-17.2000007629	2321.39990234	0.0	-31.2999992371	-35.5999984741	1637.0	1122.0	0.0	17.0	29677.9003906	8568.90039062	0.0	2081.0	0.0	0.0	0.0	0.0	-2689637.75	-2689637.75	-2689637.75	-2689637.75	
1.0	2843.15136719	327585.3125	-15.1999998093	2366.39990234	0.0	-26.2999992371	-36.5999984741	1456.0	1120.0	0.0	29.0	29190.9003906	8669.90039062	0.0	2132.0	0.0	0.0	0.0	0.0	-3183603.75	-3183603.75	-3183603.75	-3183603.75	
1.0	2843.30004883	327540.3125	-17.2000007629	2341.39990234	0.0	-13.3000001907	-37.5999984741	1518.0	1067.0	0.0	17.0	29026.9003906	8481.90039062	0.0	2123.0	0.0	0.0	0.0	0.0	-2966198.75	-2966198.75	-2966198.75	-2966198.75	
1.0	2843.44873047	327718.3125	-14.1999998093	2342.39990234	0.0	-11.3000001907	-35.5999984741	1417.0	1082.0	0.0	19.0	29053.9003906	8450.90039062	0.0	2064.0	0.0	0.0	0.0	0.0	-2835553.75	-2835553.75	-2835553.75	-2835553.75	
1.0	2843.60009766	327524.3125	-14.1999998093	2366.39990234	0.0	-13.3000001907	-36.5999984741	1449.0	1095.0	0.0	24.0	28827.9003906	8528.90039062	0.0	2119.0	0.0	0.0	0.0	0.0	-3062501.75	-3062501.75	-3062501.75	-3062501.75	
1.0	2843.74902344	327553.3125	-13.1999998093	2359.39990234	0.0	-10.3000001907	-37.5999984741	1504.0	1119.0	0.0	25.0	28784.9003906	8491.90039062	0.0	1980.0	0.0	0.0	0.0	0.0	-3451117.75	-3451117.75	-3451117.75	-3451117.75	
1.0	2843.90039062	327212.3125	-14.1999998093	2356.39990234	0.0	-11.3000001907	-38.5999984741	1492.0	1066.0	0.0	19.0	28780.9003906	8412.90039062	0.0	2144.0	0.0	0.0	0.0	0.0	-3240987.75	-3240987.75	-3240987.75	-3240987.75	
1.0	2844.04907227	327622.3125	-12.1999998093	2379.39990234	0.0	-14.3000001907	-35.5999984741	1510.0	1063.0	0.0	23.0	29366.9003906	8358.90039062	0.0	2162.0	0.0	0.0	0.0	0.0	-2830082.75	-2830082.75	-2830082.75	-2830082.75	
1.0	2844.20068359	327481.3125	-14.1999998093	2339.39990234	0.0	-14.3000001907	-38.5999984741	1414.0	1055.0	0.0	19.0	29442.9003906	8323.90039062	0.0	2093.0	0.0	0.0	0.0	0.0	-2994072.75	-2994072.75	-2994072.75	-2994072.75	
1.0	2844.34936523	327298.3125	-15.1999998093	2342.39990234	0.0	-11.3000001907	-39.5999984741	1473.0	993.0	0.0	20.0	28960.9003906	8331.90039062	0.0	2086.0	0.0	0.0	0.0	0.0	-3319132.75	-3319132.75	-3319132.75	-3319132.75	
1.0	2844.50097656	327375.3125	-15.1999998093	2391.39990234	0.0	-13.3000001907	-36.5999984741	1409.0	942.0	0.0	10.0	28985.9003906	8214.90039062	0.0	2168.0	0.0	0.0	0.0	0.0	-3052468.75	-3052468.75	-3052468.75	-3052468.75	
1.0	2844.64990234	327393.3125	-13.1999998093	2352.39990234	0.0	-12.3000001907	-39.5999984741	1319.0	870.0	0.0	25.0	28612.9003906	8104.89990234	0.0	2127.0	0.0	0.0	0.0	0.0	-3762673.75	-3762673.75	-3762673.75	-3762673.75	
1.0	2844.79882812	327612.3125	-14.1999998093	2359.39990234	0.0	-14.3000001907	-33.5999984741	1272.0	837.0	0.0	26.0	29747.9003906	7963.89990234	0.0	2203.0	0.0	0.0	0.0	0.0	-3279637.75	-3279637.75	-3279637.75	-3279637.75	
1.0	2844.95043945	327145.3125	-12.1999998093	2336.39990234	0.0	-26.2999992371	-32.5999984741	1166.0	814.0	0.0	27.0	28622.9003906	8058.89990234	0.0	2102.0	0.0	0.0	0.0	0.0	-2965176.75	-2965176.75	-2965176.75	-2965176.75	
1.0	2845.09936523	327313.3125	-13.1999998093	2343.39990234	0.0	-26.2999992371	-31.6000003815	1124.0	778.0	0.0	19.0	28911.9003906	7759.89990234	0.0	2238.0	0.0	0.0	0.0	0.0	-3274123.75	-3274123.75	-3274123.75	-3274123.75	
1.0	2845.25097656	327234.3125	-15.1999998093	2354.39990234	0.0	-29.2999992371	-33.5999984741	1080.0	755.0	0.0	27.0	28452.9003906	8146.89990234	0.0	2211.0	0.0	0.0	0.0	0.0	-2855707.75	-2855707.75	-2855707.75	-2855707.75	
1.0	2845.40014648	327421.3125	-14.1999998093	2357.39990234	0.0	-29.2999992371	-34.5999984741	1078.0	698.0	0.0	25.0	29009.9003906	7785.89990234	0.0	2156.0	0.0	0.0	0.0	0.0	-3148952.75	-3148952.75	-3148952.75	-3148952.75	
1.0	2845.54907227	327184.3125	-12.1999998093	2354.39990234	0.0	-29.2999992371	-37.5999984741	990.0	684.0	0.0	23.0	29171.9003906	7913.89990234	0.0	2095.0	0.0	0.0	0.0	0.0	-3246913.75	-3246913.75	-3246913.75	-3246913.75	
1.0	2845.70092773	327495.3125	-11.1999998093	2347.39990234	0.0	-28.2999992371	-36.5999984741	1000.0	645.0	0.0	21.0	29304.9003906	7900.89990234	0.0	2152.0	0.0	0.0	0.0	0.0	-2571187.75	-2571187.75	-2571187.75	-2571187.75	
1.0	2845.85009766	327268.3125	-11.1999998093	2360.39990234	0.0	-35.2999992371	-32.5999984741	915.0	589.0	0.0	21.0	28913.9003906	7813.89990234	0.0	2198.0	0.0	0.0	0.0	0.0	-2944058.75	-2944058.75	-2944058.75	-2944058.75	
1.0	2845.99902344	327163.3125	-11.1999998093	2342.39990234	0.0	-36.2999992371	-34.5999984741	899.0	573.0	0.0	20.0	28769.9003906	7708.89990234	0.0	2050.0	0.0	0.0	0.0	0.0	-3525867.75	-3525867.75	-3525867.75	-3525867.75	
1.0	2846.15087891	327229.3125	-14.1999998093	2352.39990234	0.0	-36.2999992371	-32.5999984741	925.0	561.0	0.0	25.0	29033.9003906	7633.89990234	0.0	2160.0	0.0	0.0	0.0	0.0	-2629094.75	-2629094.75	-2629094.75	-2629094.75	
1.0	2846.30004883	327096.3125	-13.1999998093	2351.39990234	0.0	-35.2999992371	-37.5999984741	851.0	521.0	0.0	22.0	28582.9003906	7726.89990234	0.0	2151.0	0.0	0.0	0.0	0.0	-3292419.75	-3292419.75	-3292419.75	-3292419.75	
1.0	2846.44921875	327261.3125	-14.1999998093	2357.39990234	0.0	-33.2999992371	-37.5999984741	943.0	533.0	0.0	20.0	29256.9003906	7507.89990234	0.0	2125.0	0.0	0.0	0.0	0.0	-3553292.75	-3553292.75	-3553292.75	-3553292.75	
1.0	2846.60107422	327069.3125	-16.2000007629	2351.39990234	0.0	-32.2999992371	-38.5999984741	789.0	518.0	0.0	20.0	29165.9003906	7578.89990234	0.0	2201.0	0.0	0.0	0.0	0.0	-3053565.75	-3053565.75	-3053565.75	-3053565.75	
1.0	2846.75024414	326936.3125	-16.2000007629	2358.39990234	0.0	-32.2999992371	-38.5999984741	845.0	468.0	0.0	13.0	29385.9003906	7618.89990234	0.0	2040.0	0.0	0.0	0.0	0.0	-2526309.75	-2526309.75	-2526309.75	-2526309.75	
1.0	2846.8996582	326983.3125	-17.2000007629	2339.39990234	0.0	-28.2999992371	-34.5999984741	799.0	474.0	0.0	14.0	28426.9003906	7457.89990234	0.0	2173.0	0.0	0.0	0.0	0.0	-3803305.75	-3803305.75	-3803305.75	-3803305.75	
1.0	2847.04907227	327007.3125	-17.2000007629	2360.39990234	0.0	-29.2999992371	-36.5999984741	808.0	464.0	0.0	27.0	29036.9003906	7484.89990234	0.0	2276.0	0.0	0.0	0.0	0.0	-2583683.75	-2583683.75	-2583683.75	-2583683.75	
1.0	2847.20092773	327036.3125	-18.2000007629	2357.39990234	0.0	-30.2999992371	-38.5999984741	784.0	444.0	0.0	21.0	28138.9003906	7544.89990234	0.0	2142.0	0.0	0.0	0.0	0.0	-3166299.75	-3166299.75	-3166299.75	-3166299.75	
1.0	2847.3503418	327001.3125	-16.2000007629	2366.39990234	0.0	-31.2999992371	-38.5999984741	760.0	490.0	0.0	18.0	28336.9003906	7449.89990234	0.0	2155.0	0.0	0.0	0.0	0.0	-3738556.75	-3738556.75	-3738556.75	-3738556.75	
1.0	2847.49951172	326890.3125	-18.2000007629	2332.39990234	0.0	-29.2999992371	-34.5999984741	776.0	436.0	0.0	26.0	29307.9003906	7488.89990234	0.0	2155.0	0.0	0.0	0.0	0.0	-2874099.75	-2874099.75	-2874099.75	-2874099.75	
1.0	2847.64892578	326964.3125	-16.2000007629	2382.39990234	0.0	-25.2999992371	-34.5999984741	752.0	458.0	0.0	23.0	28773.9003906	7528.89990234	0.0	2103.0	0.0	0.0	0.0	0.0	-3090172.75	-3090172.75	-3090172.75	-3090172.75	
1.0	2847.80102539	326854.3125	-18.2000007629	2359.39990234	0.0	-29.2999992371	-34.5999984741	696.0	482.0	0.0	25.0	28735.9003906	7499.89990234	0.0	2110.0	0.0	0.0	0.0	0.0	-4086540.75	-4086540.75	-4086540.75	-4086540.75	
1.0	2847.95043945	326779.3125	-17.2000007629	2359.39990234	0.0	-33.2999992371	-34.5999984741	720.0	424.0	0.0	22.0	29786.9003906	7454.89990234	0.0	2137.0	0.0	0.0	0.0	0.0	-2610494.75	-2610494.75	-2610494.75	-2610494.75	
1.0	2848.09985352	326887.3125	-17.2000007629	2389.39990234	0.0	-29.2999992371	-31.6000003815	804.0	453.0	0.0	27.0	29245.9003906	7574.89990234	0.0	2185.0	0.0	0.0	0.0	0.0	-2725969.75	-2725969.75	-2725969.75	-2725969.75	
1.0	2848.24951172	326850.3125	-18.2000007629	2362.39990234	0.0	-29.2999992371	-32.5999984741	753.0	430.0	0.0	27.0	29098.9003906	7487.89990234	0.0	2062.0	0.0	0.0	0.0	0.0	-3468669.75	-3468669.75	-3468669.75	-3468669.75	
1.0	2848.39892578	326717.3125	-19.2000007629	2370.39990234	0.0	-27.2999992371	-31.6000003815	746.0	448.0	0.0	21.0	28421.9003906	7428.89990234	0.0	2143.0	0.0	0.0	0.0	0.0	-3227021.75	-3227021.75	-3227021.75	-3227021.75	
1.0	2848.55102539	326705.3125	-17.2000007629	2374.39990234	0.0	-34.2999992371	-34.5999984741	750.0	423.0	0.0	22.0	28427.9003906	7533.89990234	0.0	2147.0	0.0	0.0	0.0	0.0	-3340816.75	-3340816.75	-3340816.75	-3340816.75	
1.0	2848.70068359	326780.3125	-21.2000007629	2375.39990234	0.0	-38.2999992371	-32.5999984741	742.0	432.0	0.0	23.0	28561.9003906	7470.89990234	0.0	2128.0	0.0	0.0	0.0	0.0	-3617613.75	-3617613.75	-3617613.75	-3617613.75	
1.0	2848.85009766	326772.3125	-20.2000007629	2375.39990234	0.0	-38.2999992371	-33.5999984741	767.0	441.0	0.0	23.0	28524.9003906	7477.89990234	0.0	2170.0	0.0	0.0	0.0	0.0	-2981768.75	-2981768.75	-2981768.75	-2981768.75	
1.0	2848.99975586	326705.3125	-19.2000007629	2356.39990234	0.0	-39.2999992371	-32.5999984741	753.0	452.0	0.0	15.0	28900.9003906	7625.89990234	0.0	2213.0	0.0	0.0	0.0	0.0	-2885489.75	-2885489.75	-2885489.75	-2885489.75	
1.0	2849.14941406	326638.3125	-18.2000007629	2356.39990234	0.0	-38.2999992371	-32.5999984741	747.0	440.0	0.0	21.0	28767.9003906	7350.89990234	0.0	2210.0	0.0	0.0	0.0	0.0	-3242105.75	-3242105.75	-3242105.75	-3242105.75	
1.0	2849.29907227	326712.3125	-18.2000007629	2370.39990234	0.0	-40.2999992371	-33.5999984741	736.0	442.0	0.0	17.0	29245.9003906	7593.89990234	0.0	2163.0	0.0	0.0	0.0	0.0	-2823927.75	-2823927.75	-2823927.75	-2823927.75	
1.0	2849.44873047	326597.3125	-20.2000007629	2352.39990234	0.0	-40.2999992371	-35.5999984741	759.0	505.0	0.0	25.0	28472.9003906	7535.89990234	0.0	2060.0	0.0	0.0	0.0	0.0	-3293070.75	-3293070.75	-3293070.75	-3293070.75	
1.0	2849.60107422	326707.3125	-16.2000007629	2365.39990234	0.0	-39.2999992371	-43.5999984741	786.0	438.0	0.0	21.0	28784.9003906	7509.89990234	0.0	2064.0	0.0	0.0	0.0	0.0	-3232187.75	-3232187.75	-3232187.75	-3232187.75	
1.0	2849.75073242	326592.3125	-15.1999998093	2375.39990234	0.0	-39.2999992371	-47.5999984741	825.0	481.0	0.0	14.0	29386.9003906	7505.89990234	0.0	2120.0	0.0	0.0	0.0	0.0	-2962289.75	-2962289.75	-2962289.75	-2962289.75	
1.0	2849.90063477	326627.3125	-18.2000007629	2355.39990234	0.0	-38.2999992371	-46.5999984741	737.0	454.0	0.0	11.0	29001.9003906	7609.89990234	0.0	2198.0	0.0	0.0	0.0	0.0	-3061032.75	-3061032.75	-3061032.75	-3061032.75	
1.0	2850.05029297	326465.3125	-19.2000007629	2367.39990234	0.0	-39.2999992371	-42.5999984741	825.0	503.0	0.0	17.0	29240.9003906	7517.89990234	0.0	2091.0	0.0	0.0	0.0	0.0	-3152345.75	-3152345.75	-3152345.75	-3152345.75	
1.0	2850.20019531	326610.3125	-21.2000007629	2342.39990234	0.0	-22.2999992371	-43.5999984741	753.0	490.0	0.0	23.0	28910.9003906	7534.89990234	0.0	2163.0	0.0	0.0	0.0	0.0	-2597967.75	-2597967.75	-2597967.75	-2597967.75	
1.0	2850.34985352	326520.3125	-20.2000007629	2343.39990234	0.0	-19.2999992371	-47.5999984741	801.0	463.0	0.0	24.0	29288.9003906	7464.89990234	0.0	2058.0	0.0	0.0	0.0	0.0	-3051499.75	-3051499.75	-3051499.75	-3051499.75	
1.0	2850.49975586	326385.3125	-21.2000007629	2355.39990234	0.0	-21.2999992371	-39.5999984741	791.0	504.0	0.0	19.0	29058.9003906	7645.89990234	0.0	2113.0	0.0	0.0	0.0	0.0	-3183425.75	-3183425.75	-3183425.75	-3183425.75	
1.0	2850.6496582	326436.3125	-16.2000007629	2346.39990234	0.0	-21.2999992371	-40.5999984741	813.0	464.0	0.0	31.0	29405.9003906	7595.89990234	0.0	2072.0	0.0	0.0	0.0	0.0	-3158933.75	-3158933.75	-3158933.75	-3158933.75	
1.0	2850.79956055	326434.3125	-18.2000007629	2366.39990234	0.0	-19.2999992371	-46.5999984741	803.0	469.0	0.0	25.0	29668.9003906	7571.89990234	0.0	2125.0	0.0	0.0	0.0	0.0	-2594804.75	-2594804.75	-2594804.75	-2594804.75	
1.0	2850.94946289	326553.3125	-18.2000007629	2372.39990234	0.0	-20.2999992371	-44.5999984741	760.0	464.0	0.0	12.0	29066.9003906	7651.89990234	0.0	2150.0	0.0	0.0	0.0	0.0	-3135298.75	-3135298.75	-3135298.75	-3135298.75	
1.0	2851.09936523	326399.3125	-16.2000007629	2347.39990234	0.0	-11.3000001907	-43.5999984741	802.0	492.0	0.0	21.0	28725.9003906	7617.89990234	0.0	2155.0	0.0	0.0	0.0	0.0	-2789562.75	-2789562.75	-2789562.75	-2789562.75	
1.0	2851.24926758	326533.3125	-20.2000007629	2369.39990234	0.0	-12.3000001907	-44.5999984741	777.0	488.0	0.0	21.0	29022.9003906	7588.89990234	0.0	2175.0	0.0	0.0	0.0	0.0	-2725178.75	-2725178.75	-2725178.75	-2725178.75	
1.0	2851.39941406	326439.3125	-16.2000007629	2370.39990234	0.0	-11.3000001907	-44.5999984741	789.0	488.0	0.0	27.0	28714.9003906	7501.89990234	0.0	2073.0	0.0	0.0	0.0	0.0	-2905366.75	-2905366.75	-2905366.75	-2905366.75	
1.0	2851.54931641	326375.3125	-19.2000007629	2361.39990234	0.0	-12.3000001907	-46.5999984741	803.0	480.0	0.0	23.0	29046.9003906	7456.89990234	0.0	2159.0	0.0	0.0	0.0	0.0	-3198489.75	-3198489.75	-3198489.75	-3198489.75	
1.0	2851.69946289	326474.3125	-20.2000007629	2344.39990234	0.0	-9.30000019073	-44.5999984741	828.0	518.0	0.0	24.0	29454.9003906	7369.89990234	0.0	2224.0	0.0	0.0	0.0	0.0	-2940196.75	-2940196.75	-2940196.75	-2940196.75	
1.0	2851.84936523	326448.3125	-13.1999998093	2357.39990234	0.0	-11.3000001907	-53.5999984741	738.0	475.0	0.0	16.0	28349.9003906	7501.89990234	0.0	2176.0	0.0	0.0	0.0	0.0	-3909471.75	-3909471.75	-3909471.75	-3909471.75	
1.0	2851.99951172	326198.3125	-21.2000007629	2355.39990234	0.0	-9.30000019073	-58.5999984741	758.0	528.0	0.0	26.0	28931.9003906	7579.89990234	0.0	2092.0	0.0	0.0	0.0	0.0	-2657495.75	-2657495.75	-2657495.75	-2657495.75	
1.0	2852.1496582	326486.3125	-18.2000007629	2374.39990234	0.0	-12.3000001907	-57.5999984741	829.0	444.0	0.0	20.0	29123.9003906	7465.89990234	0.0	2138.0	0.0	0.0	0.0	0.0	-3093446.75	-3093446.75	-3093446.75	-3093446.75	
1.0	2852.29956055	326264.3125	-24.2000007629	2364.39990234	0.0	-10.3000001907	-56.5999984741	775.0	442.0	0.0	19.0	28815.9003906	7411.89990234	0.0	2128.0	0.0	0.0	0.0	0.0	-3289816.75	-3289816.75	-3289816.75	-3289816.75	
1.0	2852.44970703	326409.3125	-23.2000007629	2353.39990234	0.0	-11.3000001907	-55.5999984741	766.0	465.0	0.0	21.0	29100.9003906	7604.89990234	0.0	2184.0	0.0	0.0	0.0	0.0	-2654272.75	-2654272.75	-2654272.75	-2654272.75	
1.0	2852.60009766	326422.3125	-21.2000007629	2396.39990234	0.0	-15.3000001907	-55.5999984741	769.0	471.0	0.0	18.0	28696.9003906	7414.89990234	0.0	2164.0	0.0	0.0	0.0	0.0	-3253017.75	-3253017.75	-3253017.75	-3253017.75	
1.0	2852.75024414	326444.3125	-22.2000007629	2382.39990234	0.0	-18.2999992371	-57.5999984741	763.0	449.0	0.0	18.0	28597.9003906	7303.89990234	0.0	2080.0	0.0	0.0	0.0	0.0	-3981739.75	-3981739.75	-3981739.75	-3981739.75	
1.0	2852.90039062	326193.3125	-22.2000007629	2367.39990234	0.0	-19.2999992371	-54.5999984741	723.0	433.0	0.0	17.0	28762.9003906	7493.89990234	0.0	2190.0	0.0	0.0	0.0	0.0	-2778581.75	-2778581.75	-2778581.75	-2778581.75	
1.0	2853.05053711	326112.3125	-19.2000007629	2360.39990234	0.0	-17.2999992371	-55.5999984741	719.0	436.0	0.0	22.0	29057.9003906	7529.89990234	0.0	2107.0	0.0	0.0	0.0	0.0	-3134986.75	-3134986.75	-3134986.75	-3134986.75	
1.0	2853.20092773	326105.3125	-20.2000007629	2362.39990234	0.0	-18.2999992371	-56.5999984741	735.0	428.0	0.0	27.0	28898.9003906	7410.89990234	0.0	2068.0	0.0	0.0	0.0	0.0	-4031410.75	-4031410.75	-4031410.75	-4031410.75	
1.0	2853.35107422	326342.3125	-19.2000007629	2357.39990234	0.0	-18.2999992371	-55.5999984741	744.0	455.0	0.0	27.0	29054.9003906	7404.89990234	0.0	2156.0	0.0	0.0	0.0	0.0	-2900851.75	-2900851.75	-2900851.75	-2900851.75	
1.0	2853.4987793	326260.3125	-23.2000007629	2366.39990234	0.0	-35.2999992371	-55.5999984741	734.0	444.0	0.0	27.0	29151.9003906	7536.89990234	0.0	2116.0	0.0	0.0	0.0	0.0	-2740051.75	-2740051.75	-2740051.75	-2740051.75	
1.0	2853.64916992	326198.3125	-21.2000007629	2371.39990234	0.0	-36.2999992371	-56.5999984741	729.0	439.0	0.0	17.0	28844.9003906	7250.89990234	0.0	2186.0	0.0	0.0	0.0	0.0	-3913500.75	-3913500.75	-3913500.75	-3913500.75	
1.0	2853.79956055	326170.3125	-17.2000007629	2368.39990234	0.0	-35.2999992371	-55.5999984741	773.0	465.0	0.0	17.0	29179.9003906	7426.89990234	0.0	2211.0	0.0	0.0	0.0	0.0	-2582296.75	-2582296.75	-2582296.75	-2582296.75	
1.0	2853.94995117	326134.3125	-25.2000007629	2375.39990234	0.0	-36.2999992371	-56.5999984741	712.0	436.0	0.0	25.0	29076.9003906	7350.89990234	0.0	2117.0	0.0	0.0	0.0	0.0	-3309214.75	-3309214.75	-3309214.75	-3309214.75	
1.0	2854.1003418	326153.3125	-22.2000007629	2356.39990234	0.0	-36.2999992371	-55.5999984741	702.0	413.0	0.0	27.0	28940.9003906	7520.89990234	0.0	2187.0	0.0	0.0	0.0	0.0	-3956330.75	-3956330.75	-3956330.75	-3956330.75	
1.0	2854.25073242	326178.3125	-20.2000007629	2381.39990234	0.0	-37.2999992371	-56.5999984741	722.0	410.0	0.0	21.0	28791.9003906	7557.89990234	0.0	2226.0	0.0	0.0	0.0	0.0	-2834114.75	-2834114.75	-2834114.75	-2834114.75	
1.0	2854.40112305	326084.3125	-19.2000007629	2367.39990234	0.0	-35.2999992371	-57.5999984741	695.0	403.0	0.0	27.0	28963.9003906	7419.89990234	0.0	2182.0	0.0	0.0	0.0	0.0	-2809349.75	-2809349.75	-2809349.75	-2809349.75	
1.0	2854.54907227	325987.3125	-23.2000007629	2368.39990234	0.0	-24.2999992371	-56.5999984741	710.0	441.0	0.0	17.0	28341.9003906	7533.89990234	0.0	2122.0	0.0	0.0	0.0	0.0	-2591697.75	-2591697.75	-2591697.75	-2591697.75	
1.0	2854.69946289	326165.3125	-21.2000007629	2369.39990234	0.0	-35.2999992371	-55.5999984741	708.0	428.0	0.0	27.0	28923.9003906	7721.89990234	0.0	2169.0	0.0	0.0	0.0	0.0	-2568075.75	-2568075.75	-2568075.75	-2568075.75	
1.0	2854.85009766	325972.3125	-23.2000007629	2364.39990234	0.0	-37.2999992371	-54.5999984741	744.0	391.0	0.0	20.0	28961.9003906	7449.89990234	0.0	2173.0	0.0	0.0	0.0	0.0	-3083641.75	-3083641.75	-3083641.75	-3083641.75	
1.0	2855.00048828	326129.3125	-19.2000007629	2367.39990234	0.0	-34.2999992371	-56.5999984741	706.0	465.0	0.0	19.0	29076.9003906	7545.89990234	0.0	2188.0	0.0	0.0	0.0	0.0	-3214332.75	-3214332.75	-3214332.75	-3214332.75	
1.0	2855.49902344	325883.3125	-22.2000007629	2367.39990234	0.0	-35.2999992371	-55.5999984741	719.0	434.0	0.0	19.0	28840.9003906	7683.89990234	0.0	2187.0	0.0	0.0	0.0	0.0	-2720966.75	-2720966.75	-2720966.75	-2720966.75	
1.0	2856.00048828	326082.3125	-20.2000007629	2359.39990234	0.0	-34.2999992371	-55.5999984741	716.0	480.0	0.0	32.0	29123.9003906	7556.89990234	0.0	2139.0	0.0	0.0	0.0	0.0	-3102900.75	-3102900.75	-3102900.75	-3102900.75	
1.0	2856.49926758	326047.3125	-19.2000007629	2371.39990234	0.0	-31.2999992371	-58.5999984741	712.0	436.0	0.0	11.0	29559.9003906	7697.89990234	0.0	2154.0	0.0	0.0	0.0	0.0	-2590899.75	-2590899.75	-2590899.75	-2590899.75	
1.0	2857.0012207	326022.3125	-20.2000007629	2376.39990234	0.0	-32.2999992371	-59.5999984741	722.0	449.0	0.0	19.0	28814.9003906	7527.89990234	0.0	2156.0	0.0	0.0	0.0	0.0	-2815550.75	-2815550.75	-2815550.75	-2815550.75	
1.0	2857.50073242	325951.3125	-22.2000007629	2377.39990234	0.0	-35.2999992371	-58.5999984741	728.0	467.0	0.0	20.0	29051.9003906	7520.89990234	0.0	2191.0	0.0	0.0	0.0	0.0	-3045008.75	-3045008.75	-3045008.75	-3045008.75	
1.0	2858.00048828	326106.3125	-19.2000007629	2364.39990234	0.0	-20.2999992371	-56.5999984741	752.0	458.0	0.0	21.0	28756.9003906	7422.89990234	0.0	2182.0	0.0	0.0	0.0	0.0	-3285281.75	-3285281.75	-3285281.75	-3285281.75	
1.0	2858.50048828	325903.3125	-17.2000007629	2392.39990234	0.0	-15.3000001907	-58.5999984741	724.0	469.0	0.0	8.0	28700.9003906	7671.89990234	0.0	2238.0	0.0	0.0	0.0	0.0	-2915917.75	-2915917.75	-2915917.75	-2915917.75	
1.0	2859.00073242	326066.3125	-19.2000007629	2399.39990234	0.0	-17.2999992371	-58.5999984741	747.0	468.0	0.0	29.0	28696.9003906	7682.89990234	0.0	2240.0	0.0	0.0	0.0	0.0	-3075419.75	-3075419.75	-3075419.75	-3075419.75	
1.0	2859.4987793	326050.3125	-16.2000007629	2384.39990234	0.0	-15.3000001907	-55.5999984741	780.0	459.0	0.0	19.0	29012.9003906	7588.89990234	0.0	2150.0	0.0	0.0	0.0	0.0	-2725614.75	-2725614.75	-2725614.75	-2725614.75	
1.0	2859.99951172	326038.3125	-9.19999980927	2373.39990234	0.0	-16.2999992371	-55.5999984741	794.0	492.0	0.0	15.0	29369.9003906	7562.89990234	0.0	2164.0	0.0	0.0	0.0	0.0	-2957595.75	-2957595.75	-2957595.75	-2957595.75	
1.0	2860.50048828	326060.3125	-6.19999980927	2383.39990234	0.0	-13.3000001907	-57.5999984741	775.0	505.0	0.0	18.0	29245.9003906	7769.89990234	0.0	2291.0	0.0	0.0	0.0	0.0	-2526366.75	-2526366.75	-2526366.75	-2526366.75	
1.0	2860.99926758	326136.3125	-8.19999980927	2392.39990234	0.0	-18.2999992371	-54.5999984741	772.0	491.0	0.0	19.0	28943.9003906	7693.89990234	0.0	2252.0	0.0	0.0	0.0	0.0	-2816386.75	-2816386.75	-2816386.75	-2816386.75	
1.0	2861.50073242	326086.3125	-10.1999998093	2388.39990234	0.0	-16.2999992371	-50.5999984741	767.0	456.0	0.0	21.0	29347.9003906	7688.89990234	0.0	2055.0	0.0	0.0	0.0	0.0	-2897854.75	-2897854.75	-2897854.75	-2897854.75	
1.0	2862.0	326129.3125	-8.19999980927	2380.39990234	0.0	-19.2999992371	-45.5999984741	775.0	470.0	0.0	16.0	28962.9003906	7572.89990234	0.0	2117.0	0.0	0.0	0.0	0.0	-3265758.75	-3265758.75	-3265758.75	-3265758.75	
1.0	2862.49926758	326153.3125	-6.19999980927	2398.39990234	0.0	-16.2999992371	-48.5999984741	760.0	472.0	0.0	17.0	29292.9003906	7572.89990234	0.0	2224.0	0.0	0.0	0.0	0.0	-2888439.75	-2888439.75	-2888439.75	-2888439.75	
1.0	2862.99902344	326085.3125	-8.19999980927	2382.39990234	0.0	-18.2999992371	-46.5999984741	742.0	497.0	0.0	19.0	28829.9003906	7663.89990234	0.0	2215.0	0.0	0.0	0.0	0.0	-2541891.75	-2541891.75	-2541891.75	-2541891.75	
1.0	2863.49902344	326091.3125	-11.1999998093	2371.39990234	0.0	-35.2999992371	-46.5999984741	739.0	457.0	0.0	21.0	29739.9003906	7547.89990234	0.0	2176.0	0.0	0.0	0.0	0.0	-2823869.75	-2823869.75	-2823869.75	-2823869.75	
1.0	2863.99926758	326134.3125	-9.19999980927	2381.39990234	0.0	-34.2999992371	-43.5999984741	721.0	468.0	0.0	20.0	29192.9003906	7807.89990234	0.0	2191.0	0.0	0.0	0.0	0.0	-2746598.75	-2746598.75	-2746598.75	-2746598.75	
1.0	2864.49975586	326178.3125	-11.1999998093	2388.39990234	0.0	-33.2999992371	-47.5999984741	719.0	477.0	0.0	30.0	29335.9003906	7734.89990234	0.0	2068.0	0.0	0.0	0.0	0.0	-3114760.75	-3114760.75	-3114760.75	-3114760.75	
1.0	2865.00048828	325947.3125	-14.1999998093	2392.39990234	0.0	-34.2999992371	-47.5999984741	750.0	447.0	0.0	18.0	29650.9003906	7625.89990234	0.0	2195.0	0.0	0.0	0.0	0.0	-2757194.75	-2757194.75	-2757194.75	-2757194.75	
1.0	2865.4987793	325837.3125	-10.1999998093	2376.39990234	0.0	-36.2999992371	-47.5999984741	733.0	405.0	0.0	20.0	29402.9003906	7605.89990234	0.0	2061.0	0.0	0.0	0.0	0.0	-3206752.75	-3206752.75	-3206752.75	-3206752.75	
1.0	2866.0	326103.3125	-10.1999998093	2377.39990234	0.0	-36.2999992371	-36.5999984741	757.0	477.0	0.0	24.0	29426.9003906	7734.89990234	0.0	2068.0	0.0	0.0	0.0	0.0	-2968951.75	-2968951.75	-2968951.75	-2968951.75	
1.0	2866.4987793	325961.3125	-10.1999998093	2390.39990234	0.0	-38.2999992371	-36.5999984741	784.0	468.0	0.0	26.0	29395.9003906	7703.89990234	0.0	2182.0	0.0	0.0	0.0	0.0	-2536508.75	-2536508.75	-2536508.75	-2536508.75	
1.0	2867.00048828	325952.3125	-7.19999980927	2395.39990234	0.0	-36.2999992371	-38.5999984741	691.0	428.0	0.0	16.0	29275.9003906	7587.89990234	0.0	2144.0	0.0	0.0	0.0	0.0	-2840798.75	-2840798.75	-2840798.75	-2840798.75	
1.0	2867.5	325945.3125	-11.1999998093	2398.39990234	0.0	-35.2999992371	-33.5999984741	681.0	431.0	0.0	19.0	29356.9003906	7654.89990234	0.0	2264.0	0.0	0.0	0.0	0.0	-3064634.75	-3064634.75	-3064634.75	-3064634.75	
1.0	2867.99951172	325816.3125	-10.1999998093	2394.39990234	0.0	-37.2999992371	-44.5999984741	686.0	448.0	0.0	21.0	29335.9003906	7670.89990234	0.0	2185.0	0.0	0.0	0.0	0.0	-2727768.75	-2727768.75	-2727768.75	-2727768.75	
1.0	2868.49951172	326068.3125	-12.1999998093	2393.39990234	0.0	-36.2999992371	-52.5999984741	752.0	449.0	0.0	24.0	29213.9003906	7627.89990234	0.0	2158.0	0.0	0.0	0.0	0.0	-2921242.75	-2921242.75	-2921242.75	-2921242.75	
1.0	2868.99951172	326090.3125	-10.1999998093	2403.39990234	0.0	-38.2999992371	-52.5999984741	687.0	455.0	0.0	21.0	29143.9003906	7554.89990234	0.0	2231.0	0.0	0.0	0.0	0.0	-3086153.75	-3086153.75	-3086153.75	-3086153.75	
1.0	2869.5	325889.3125	-11.1999998093	2410.39990234	0.0	-38.2999992371	-34.5999984741	737.0	456.0	0.0	27.0	29129.9003906	7587.89990234	0.0	2209.0	0.0	0.0	0.0	0.0	-2960641.75	-2960641.75	-2960641.75	-2960641.75	
1.0	2870.00048828	326014.3125	-6.19999980927	2402.39990234	0.0	-37.2999992371	-30.6000003815	708.0	446.0	0.0	23.0	29093.9003906	7482.89990234	0.0	2278.0	0.0	0.0	0.0	0.0	-3522275.75	-3522275.75	-3522275.75	-3522275.75	
1.0	2870.99975586	326114.3125	-5.19999980927	2408.39990234	0.0	-35.2999992371	-33.5999984741	785.0	469.0	0.0	16.0	29218.9003906	7586.89990234	0.0	2242.0	0.0	0.0	0.0	0.0	-2755514.75	-2755514.75	-2755514.75	-2755514.75	
1.0	2872.00024414	326061.3125	-8.19999980927	2398.39990234	0.0	-33.2999992371	-31.6000003815	723.0	517.0	0.0	27.0	28948.9003906	7764.89990234	0.0	2319.0	0.0	0.0	0.0	0.0	-2482985.75	-2482985.75	-2482985.75	-2482985.75	
1.0	2872.99902344	326219.3125	-11.1999998093	2413.39990234	0.0	-35.2999992371	-31.6000003815	813.0	472.0	0.0	28.0	29752.9003906	7715.89990234	0.0	2257.0	0.0	0.0	0.0	0.0	-2513267.75	-2513267.75	-2513267.75	-2513267.75	
1.0	2873.9987793	326233.3125	-9.19999980927	2426.39990234	0.0	-35.2999992371	-32.5999984741	766.0	487.0	0.0	13.0	29359.9003906	7963.89990234	0.0	2189.0	0.0	0.0	0.0	0.0	-2914808.75	-2914808.75	-2914808.75	-2914808.75	
1.0	2874.99951172	326161.3125	-9.19999980927	2392.39990234	0.0	-30.2999992371	-33.5999984741	832.0	543.0	0.0	23.0	29528.9003906	7720.89990234	0.0	2204.0	0.0	0.0	0.0	0.0	-3154422.75	-3154422.75	-3154422.75	-3154422.75	
1.0	2876.0012207	326070.3125	-10.1999998093	2397.39990234	0.0	-27.2999992371	-30.6000003815	795.0	534.0	0.0	20.0	29521.9003906	7781.89990234	0.0	2297.0	0.0	0.0	0.0	0.0	-2594230.75	-2594230.75	-2594230.75	-2594230.75	
1.0	2876.9987793	326128.3125	-10.1999998093	2404.39990234	0.0	-26.2999992371	-35.5999984741	816.0	504.0	0.0	19.0	29599.9003906	7650.89990234	0.0	2137.0	0.0	0.0	0.0	0.0	-2794410.75	-2794410.75	-2794410.75	-2794410.75	
1.0	2878.0	326266.3125	-9.19999980927	2414.39990234	0.0	-30.2999992371	-32.5999984741	805.0	588.0	0.0	22.0	29339.9003906	7906.89990234	0.0	2138.0	0.0	0.0	0.0	0.0	-2986295.75	-2986295.75	-2986295.75	-2986295.75	
1.0	2878.99951172	326191.3125	-8.19999980927	2419.39990234	0.0	-32.2999992371	-30.6000003815	839.0	527.0	0.0	27.0	29666.9003906	7900.89990234	0.0	2322.0	0.0	0.0	0.0	0.0	-3346855.75	-3346855.75	-3346855.75	-3346855.75	
1.0	2880.0	326210.3125	-11.1999998093	2388.39990234	0.0	-29.2999992371	-30.6000003815	863.0	563.0	0.0	20.0	30235.9003906	7867.89990234	0.0	2259.0	0.0	0.0	0.0	0.0	-2810063.75	-2810063.75	-2810063.75	-2810063.75	
1.0	2880.9987793	326067.3125	-6.19999980927	2426.39990234	0.0	-30.2999992371	-29.6000003815	820.0	562.0	0.0	12.0	28992.9003906	7828.89990234	0.0	2117.0	0.0	0.0	0.0	0.0	-4035036.75	-4035036.75	-4035036.75	-4035036.75	
1.0	2882.0012207	326255.3125	-9.19999980927	2426.39990234	0.0	-22.2999992371	-29.6000003815	813.0	535.0	0.0	15.0	29547.9003906	7831.89990234	0.0	2246.0	0.0	0.0	0.0	0.0	-3396507.75	-3396507.75	-3396507.75	-3396507.75	
1.0	2882.99951172	326195.3125	-6.19999980927	2407.39990234	0.0	-22.2999992371	-32.5999984741	896.0	564.0	0.0	20.0	30450.9003906	7780.89990234	0.0	2247.0	0.0	0.0	0.0	0.0	-2785211.75	-2785211.75	-2785211.75	-2785211.75	
1.0	2884.0012207	326180.3125	-7.19999980927	2412.39990234	0.0	-23.2999992371	-29.6000003815	855.0	576.0	0.0	17.0	30510.9003906	7915.89990234	0.0	2214.0	0.0	0.0	0.0	0.0	-2944168.75	-2944168.75	-2944168.75	-2944168.75	
1.0	2884.9987793	326368.3125	-7.19999980927	2421.39990234	0.0	-22.2999992371	-30.6000003815	873.0	570.0	0.0	18.0	30416.9003906	7914.89990234	0.0	2238.0	0.0	0.0	0.0	0.0	-2934352.75	-2934352.75	-2934352.75	-2934352.75	
1.0	2886.0	326167.3125	-11.1999998093	2401.39990234	0.0	-23.2999992371	-32.5999984741	885.0	539.0	0.0	16.0	30113.9003906	7950.89990234	0.0	2285.0	0.0	0.0	0.0	0.0	-2818420.75	-2818420.75	-2818420.75	-2818420.75	
1.0	2886.99951172	326217.3125	-8.19999980927	2404.39990234	0.0	-22.2999992371	-27.6000003815	819.0	508.0	0.0	18.0	30149.9003906	7892.89990234	0.0	2283.0	0.0	0.0	0.0	0.0	-2741723.75	-2741723.75	-2741723.75	-2741723.75	
1.0	2890.0012207	326103.3125	-5.19999980927	2433.39990234	0.0	-22.2999992371	-36.5999984741	876.0	555.0	0.0	22.0	30003.9003906	7955.89990234	0.0	2250.0	0.0	0.0	0.0	0.0	-2891215.75	-2891215.75	-2891215.75	-2891215.75	
1.0	2893.0012207	326147.3125	-9.19999980927	2440.39990234	0.0	-19.2999992371	-26.6000003815	809.0	512.0	0.0	16.0	29559.9003906	7861.89990234	0.0	2099.0	0.0	0.0	0.0	0.0	-3089191.75	-3089191.75	-3089191.75	-3089191.75	
1.0	2895.99926758	326377.3125	-6.19999980927	2433.39990234	0.0	-18.2999992371	-23.6000003815	758.0	493.0	0.0	18.0	30167.9003906	7707.89990234	0.0	2305.0	0.0	0.0	0.0	0.0	-3125884.75	-3125884.75	-3125884.75	-3125884.75	
1.0	2899.00097656	326392.3125	-10.1999998093	2424.39990234	0.0	-18.2999992371	-29.6000003815	752.0	499.0	0.0	18.0	30220.9003906	7812.89990234	0.0	2350.0	0.0	0.0	0.0	0.0	-2874813.75	-2874813.75	-2874813.75	-2874813.75	
1.0	2902.00073242	326555.3125	-10.1999998093	2457.39990234	0.0	-27.2999992371	-28.6000003815	790.0	493.0	0.0	17.0	30805.9003906	7734.89990234	0.0	2318.0	0.0	0.0	0.0	0.0	-3086357.75	-3086357.75	-3086357.75	-3086357.75	
1.0	2905.0012207	326662.3125	-6.19999980927	2433.39990234	0.0	-24.2999992371	-27.6000003815	691.0	465.0	0.0	31.0	30116.9003906	7914.89990234	0.0	2292.0	0.0	0.0	0.0	0.0	-2829204.75	-2829204.75	-2829204.75	-2829204.75	
