SSRL   MicroEXAFS Data Collector 2.0 
Thu Jul 04 18:07:32 2019
PTS:	205	COLS:	24
alexbox-4ch-xspress.det
RuL3_edge_cell.rgn
SSRL BEAMLINE
COMMENTS





S1VGAP: 0.800000	S1HGAP: 2.500000	TABLEHORZ: 5.000000	SAMPLEV: 42.000000	CALVERT: 4.100521	BPVRT: 46.052197	M1VERT: 6.983426	SAMPLEHOLD: 25.998010	S1HTRAN: 4.481500	

Weights:
 1.000	1.000	1.000	1.000	1.000	1.000	1.000	1.000	1.000	1.000	1.000	1.000	1.000	1.000	1.000	1.000	1.000	1.000	1.000	1.000	1.000	1.000	
Offsets:
 207.7	877.2	4819.6	0.0	125.3	562.6	0.0	0.0	0.0	0.0	0.1	2.1	0.0	1.0	0.0	0.0	0.0	0.0	79705487.8	79705487.8	79705487.8	79705487.8	
Data:
Real Time Clock
Requested Energy
I0   
I1   
I2   
I3   
MPFB1   
MPFB2   
FF1   
FF2   
FF3   
FF4   
ICR1   
ICR2   
ICR3   
ICR4   
SCA2.1   
SCA2.2   
SCA2.3   
SCA2.4   
TIME1   
TIME2   
TIME3   
TIME4   

1.0	2810.00097656	325614.3125	-5.19999980927	2304.39990234	0.0	-14.3000001907	-35.5999984741	307.0	62.0	0.0	19.0	27032.9003906	6505.89990234	0.0	1941.0	0.0	0.0	0.0	0.0	-3001210.75	-3001210.75	-3001210.75	-3001210.75	
1.0	2810.99975586	325579.3125	-11.1999998093	2302.39990234	0.0	-6.30000019073	-35.5999984741	328.0	57.0	0.0	23.0	27302.9003906	6421.89990234	0.0	2019.0	0.0	0.0	0.0	0.0	-3252631.75	-3252631.75	-3252631.75	-3252631.75	
1.0	2811.99951172	325614.3125	-15.1999998093	2299.39990234	0.0	-7.30000019073	-36.5999984741	336.0	60.0	0.0	22.0	27171.9003906	6572.89990234	0.0	2042.0	0.0	0.0	0.0	0.0	-2697308.75	-2697308.75	-2697308.75	-2697308.75	
1.0	2813.00024414	325615.3125	-9.19999980927	2286.39990234	0.0	1.70000004768	-36.5999984741	323.0	51.0	0.0	23.0	27411.9003906	6370.89990234	0.0	2153.0	0.0	0.0	0.0	0.0	-2936257.75	-2936257.75	-2936257.75	-2936257.75	
1.0	2813.99951172	325754.3125	-6.19999980927	2291.39990234	0.0	0.699999988079	-36.5999984741	320.0	64.0	0.0	24.0	27121.9003906	6553.89990234	0.0	2026.0	0.0	0.0	0.0	0.0	-3022016.75	-3022016.75	-3022016.75	-3022016.75	
1.0	2815.0	325725.3125	-4.19999980927	2311.39990234	0.0	2.70000004768	-33.5999984741	313.0	65.0	0.0	22.0	27104.9003906	6351.89990234	0.0	2052.0	0.0	0.0	0.0	0.0	-3743472.75	-3743472.75	-3743472.75	-3743472.75	
1.0	2815.99902344	325661.3125	-6.19999980927	2303.39990234	0.0	-5.30000019073	-33.5999984741	318.0	62.0	0.0	30.0	27358.9003906	6537.89990234	0.0	1968.0	0.0	0.0	0.0	0.0	-2705500.75	-2705500.75	-2705500.75	-2705500.75	
1.0	2816.99902344	325768.3125	-2.20000004768	2307.39990234	0.0	-8.30000019073	-34.5999984741	355.0	65.0	0.0	36.0	27195.9003906	6577.89990234	0.0	2006.0	0.0	0.0	0.0	0.0	-2639415.75	-2639415.75	-2639415.75	-2639415.75	
1.0	2818.0	325759.3125	-8.19999980927	2315.39990234	0.0	-7.30000019073	-35.5999984741	322.0	59.0	0.0	25.0	27405.9003906	6454.89990234	0.0	2060.0	0.0	0.0	0.0	0.0	-2846956.75	-2846956.75	-2846956.75	-2846956.75	
1.0	2818.99975586	325962.3125	-7.19999980927	2320.39990234	0.0	-10.3000001907	-34.5999984741	324.0	74.0	0.0	29.0	26942.9003906	6599.89990234	0.0	2131.0	0.0	0.0	0.0	0.0	-2827553.75	-2827553.75	-2827553.75	-2827553.75	
1.0	2820.00048828	325636.3125	-27.2000007629	2300.39990234	0.0	-27.2999992371	-36.5999984741	304.0	64.0	0.0	26.0	27192.9003906	6699.89990234	0.0	2019.0	0.0	0.0	0.0	0.0	-2686196.75	-2686196.75	-2686196.75	-2686196.75	
1.0	2820.99975586	325940.3125	-10.1999998093	2303.39990234	0.0	-27.2999992371	-38.5999984741	318.0	61.0	0.0	19.0	27117.9003906	6484.89990234	0.0	2145.0	0.0	0.0	0.0	0.0	-2979319.75	-2979319.75	-2979319.75	-2979319.75	
1.0	2822.0	325746.3125	-12.1999998093	2333.39990234	0.0	-26.2999992371	-38.5999984741	332.0	56.0	0.0	18.0	27452.9003906	6573.89990234	0.0	1990.0	0.0	0.0	0.0	0.0	-2578296.75	-2578296.75	-2578296.75	-2578296.75	
1.0	2822.9987793	325552.3125	-15.1999998093	2321.39990234	0.0	-27.2999992371	-48.5999984741	321.0	62.0	0.0	24.0	27195.9003906	6488.89990234	0.0	2050.0	0.0	0.0	0.0	0.0	-2987426.75	-2987426.75	-2987426.75	-2987426.75	
1.0	2824.0012207	325702.3125	-9.19999980927	2315.39990234	0.0	-26.2999992371	-46.5999984741	342.0	87.0	0.0	22.0	26792.9003906	6700.89990234	0.0	2103.0	0.0	0.0	0.0	0.0	-3322972.75	-3322972.75	-3322972.75	-3322972.75	
1.0	2824.99951172	325339.3125	-30.2000007629	2341.39990234	0.0	-29.2999992371	-35.5999984741	357.0	85.0	0.0	22.0	27660.9003906	6475.89990234	0.0	1985.0	0.0	0.0	0.0	0.0	-2874422.75	-2874422.75	-2874422.75	-2874422.75	
1.0	2825.99902344	325363.3125	-28.2000007629	2317.39990234	0.0	-27.2999992371	-34.5999984741	391.0	87.0	0.0	33.0	27896.9003906	6833.89990234	0.0	2019.0	0.0	0.0	0.0	0.0	-2714368.75	-2714368.75	-2714368.75	-2714368.75	
1.0	2826.99951172	325583.3125	-43.2000007629	2333.39990234	0.0	-31.2999992371	-35.5999984741	356.0	81.0	0.0	19.0	27790.9003906	6446.89990234	0.0	1986.0	0.0	0.0	0.0	0.0	-3270107.75	-3270107.75	-3270107.75	-3270107.75	
1.0	2828.0012207	325207.3125	-23.2000007629	2331.39990234	0.0	-27.2999992371	-39.5999984741	352.0	93.0	0.0	23.0	26886.9003906	6635.89990234	0.0	1992.0	0.0	0.0	0.0	0.0	-3283687.75	-3283687.75	-3283687.75	-3283687.75	
1.0	2829.0012207	325347.3125	-22.2000007629	2320.39990234	0.0	-28.2999992371	-37.5999984741	352.0	95.0	0.0	27.0	27911.9003906	6745.89990234	0.0	2001.0	0.0	0.0	0.0	0.0	-3280801.75	-3280801.75	-3280801.75	-3280801.75	
1.0	2829.99975586	325385.3125	-26.2000007629	2323.39990234	0.0	-32.2999992371	-38.5999984741	356.0	120.0	0.0	22.0	27788.9003906	6734.89990234	0.0	2026.0	0.0	0.0	0.0	0.0	-2607804.75	-2607804.75	-2607804.75	-2607804.75	
1.0	2830.99951172	325532.3125	-24.2000007629	2298.39990234	0.0	-30.2999992371	-40.5999984741	375.0	113.0	0.0	23.0	27857.9003906	6731.89990234	0.0	1986.0	0.0	0.0	0.0	0.0	-2782885.75	-2782885.75	-2782885.75	-2782885.75	
1.0	2832.00024414	325597.3125	-30.2000007629	2323.39990234	0.0	-33.2999992371	-39.5999984741	379.0	110.0	0.0	27.0	27762.9003906	6748.89990234	0.0	2013.0	0.0	0.0	0.0	0.0	-2991108.75	-2991108.75	-2991108.75	-2991108.75	
1.0	2832.99926758	325707.3125	-25.2000007629	2317.39990234	0.0	-30.2999992371	-39.5999984741	372.0	115.0	0.0	28.0	27721.9003906	6694.89990234	0.0	2080.0	0.0	0.0	0.0	0.0	-3189894.75	-3189894.75	-3189894.75	-3189894.75	
1.0	2833.99951172	325972.3125	-26.2000007629	2350.39990234	0.0	-28.2999992371	-33.5999984741	394.0	120.0	0.0	26.0	27703.9003906	6760.89990234	0.0	2087.0	0.0	0.0	0.0	0.0	-3140497.75	-3140497.75	-3140497.75	-3140497.75	
1.0	2835.00073242	326078.3125	-23.2000007629	2346.39990234	0.0	-35.2999992371	-37.5999984741	375.0	150.0	0.0	19.0	27792.9003906	6823.89990234	0.0	2073.0	0.0	0.0	0.0	0.0	-3203928.75	-3203928.75	-3203928.75	-3203928.75	
1.0	2836.00073242	325697.3125	-28.2000007629	2335.39990234	0.0	-38.2999992371	-53.5999984741	435.0	177.0	0.0	25.0	28388.9003906	6830.89990234	0.0	2150.0	0.0	0.0	0.0	0.0	-2691929.75	-2691929.75	-2691929.75	-2691929.75	
1.0	2836.40039062	325892.3125	-25.2000007629	2346.39990234	0.0	-39.2999992371	-54.5999984741	479.0	201.0	0.0	18.0	27741.9003906	6837.89990234	0.0	2063.0	0.0	0.0	0.0	0.0	-3736148.75	-3736148.75	-3736148.75	-3736148.75	
1.0	2836.55053711	325997.3125	-22.2000007629	2337.39990234	0.0	-39.2999992371	-54.5999984741	526.0	200.0	0.0	22.0	28458.9003906	6827.89990234	0.0	2121.0	0.0	0.0	0.0	0.0	-3144179.75	-3144179.75	-3144179.75	-3144179.75	
1.0	2836.70092773	325821.3125	-24.2000007629	2346.39990234	0.0	-36.2999992371	-56.5999984741	488.0	222.0	0.0	29.0	27770.9003906	6855.89990234	0.0	2147.0	0.0	0.0	0.0	0.0	-2532378.75	-2532378.75	-2532378.75	-2532378.75	
1.0	2836.85107422	325847.3125	-25.2000007629	2341.39990234	0.0	-36.2999992371	-54.5999984741	465.0	257.0	0.0	17.0	27460.9003906	7100.89990234	0.0	2065.0	0.0	0.0	0.0	0.0	-2757338.75	-2757338.75	-2757338.75	-2757338.75	
1.0	2836.9987793	325981.3125	-17.2000007629	2361.39990234	0.0	-39.2999992371	-56.5999984741	497.0	238.0	0.0	36.0	28041.9003906	7006.89990234	0.0	2153.0	0.0	0.0	0.0	0.0	-3282421.75	-3282421.75	-3282421.75	-3282421.75	
1.0	2837.14916992	325879.3125	-27.2000007629	2339.39990234	0.0	-39.2999992371	-54.5999984741	515.0	272.0	0.0	23.0	28952.9003906	7033.89990234	0.0	2069.0	0.0	0.0	0.0	0.0	-2557336.75	-2557336.75	-2557336.75	-2557336.75	
1.0	2837.29956055	325658.3125	-24.2000007629	2335.39990234	0.0	-39.2999992371	-55.5999984741	510.0	303.0	0.0	21.0	27534.9003906	7052.89990234	0.0	2101.0	0.0	0.0	0.0	0.0	-2782250.75	-2782250.75	-2782250.75	-2782250.75	
1.0	2837.44995117	325621.3125	-24.2000007629	2354.39990234	0.0	-39.2999992371	-47.5999984741	564.0	304.0	0.0	23.0	27649.9003906	6973.89990234	0.0	2120.0	0.0	0.0	0.0	0.0	-3263244.75	-3263244.75	-3263244.75	-3263244.75	
1.0	2837.6003418	325831.3125	-21.2000007629	2357.39990234	0.0	-37.2999992371	-34.5999984741	561.0	315.0	0.0	22.0	27661.9003906	6933.89990234	0.0	2042.0	0.0	0.0	0.0	0.0	-3029028.75	-3029028.75	-3029028.75	-3029028.75	
1.0	2837.75073242	325618.3125	-23.2000007629	2334.39990234	0.0	-39.2999992371	-42.5999984741	615.0	335.0	0.0	25.0	28079.9003906	7076.89990234	0.0	2057.0	0.0	0.0	0.0	0.0	-2630132.75	-2630132.75	-2630132.75	-2630132.75	
1.0	2837.90136719	325662.3125	-21.2000007629	2365.39990234	0.0	-37.2999992371	-46.5999984741	599.0	313.0	0.0	25.0	27550.9003906	7141.89990234	0.0	2064.0	0.0	0.0	0.0	0.0	-3063351.75	-3063351.75	-3063351.75	-3063351.75	
1.0	2838.04907227	325708.3125	-22.2000007629	2334.39990234	0.0	-37.2999992371	-46.5999984741	692.0	364.0	0.0	16.0	28039.9003906	7115.89990234	0.0	2093.0	0.0	0.0	0.0	0.0	-3177472.75	-3177472.75	-3177472.75	-3177472.75	
1.0	2838.19970703	325724.3125	-25.2000007629	2347.39990234	0.0	-39.2999992371	-45.5999984741	725.0	400.0	0.0	21.0	28406.9003906	7268.89990234	0.0	2033.0	0.0	0.0	0.0	0.0	-3100934.75	-3100934.75	-3100934.75	-3100934.75	
1.0	2838.35009766	325510.3125	-25.2000007629	2371.39990234	0.0	-38.2999992371	-44.5999984741	749.0	443.0	0.0	24.0	27797.9003906	7217.89990234	0.0	2095.0	0.0	0.0	0.0	0.0	-2475458.75	-2475458.75	-2475458.75	-2475458.75	
1.0	2838.50073242	325623.3125	-24.2000007629	2331.39990234	0.0	-36.2999992371	-50.5999984741	731.0	472.0	0.0	22.0	27807.9003906	7219.89990234	0.0	1986.0	0.0	0.0	0.0	0.0	-2945603.75	-2945603.75	-2945603.75	-2945603.75	
1.0	2838.64868164	325510.3125	-30.2000007629	2348.39990234	0.0	-40.2999992371	-51.5999984741	819.0	533.0	0.0	24.0	28373.9003906	7367.89990234	0.0	2056.0	0.0	0.0	0.0	0.0	-2767635.75	-2767635.75	-2767635.75	-2767635.75	
1.0	2838.79931641	325612.3125	-25.2000007629	2335.39990234	0.0	-40.2999992371	-51.5999984741	897.0	576.0	0.0	25.0	28532.9003906	7468.89990234	0.0	2075.0	0.0	0.0	0.0	0.0	-2733883.75	-2733883.75	-2733883.75	-2733883.75	
1.0	2838.94995117	325639.3125	-28.2000007629	2345.39990234	0.0	-39.2999992371	-51.5999984741	932.0	658.0	0.0	25.0	27906.9003906	7730.89990234	0.0	2040.0	0.0	0.0	0.0	0.0	-3171282.75	-3171282.75	-3171282.75	-3171282.75	
1.0	2839.10058594	325474.3125	-29.2000007629	2334.39990234	0.0	-38.2999992371	-48.5999984741	1070.0	757.0	0.0	35.0	28189.9003906	7789.89990234	0.0	2096.0	0.0	0.0	0.0	0.0	-3331454.75	-3331454.75	-3331454.75	-3331454.75	
1.0	2839.2487793	325459.3125	-25.2000007629	2324.39990234	0.0	-37.2999992371	-51.5999984741	1208.0	847.0	0.0	21.0	28397.9003906	7799.89990234	0.0	2050.0	0.0	0.0	0.0	0.0	-3096681.75	-3096681.75	-3096681.75	-3096681.75	
1.0	2839.39941406	325625.3125	-33.2000007629	2360.39990234	0.0	-37.2999992371	-49.5999984741	1365.0	959.0	0.0	20.0	28445.9003906	8042.89990234	0.0	2095.0	0.0	0.0	0.0	0.0	-2774716.75	-2774716.75	-2774716.75	-2774716.75	
1.0	2839.55004883	325464.3125	-31.2000007629	2326.39990234	0.0	-42.2999992371	-50.5999984741	1448.0	1097.0	0.0	25.0	28689.9003906	8318.90039062	0.0	2058.0	0.0	0.0	0.0	0.0	-2875654.75	-2875654.75	-2875654.75	-2875654.75	
1.0	2839.70092773	325357.3125	-33.2000007629	2343.39990234	0.0	-52.2999992371	-51.5999984741	1536.0	1212.0	0.0	20.0	27771.9003906	8640.90039062	0.0	2142.0	0.0	0.0	0.0	0.0	-2654369.75	-2654369.75	-2654369.75	-2654369.75	
1.0	2839.84912109	325577.3125	-37.2000007629	2343.39990234	0.0	-54.2999992371	-52.5999984741	1815.0	1430.0	0.0	25.0	28855.9003906	8780.90039062	0.0	2051.0	0.0	0.0	0.0	0.0	-2994739.75	-2994739.75	-2994739.75	-2994739.75	
1.0	2840.0	325459.3125	-37.2000007629	2352.39990234	0.0	-52.2999992371	-64.5999984741	2010.0	1515.0	0.0	32.0	28257.9003906	9037.90039062	0.0	1969.0	0.0	0.0	0.0	0.0	-3783243.75	-3783243.75	-3783243.75	-3783243.75	
1.0	2840.15063477	325364.3125	-31.2000007629	2343.39990234	0.0	-66.3000030518	-56.5999984741	2299.0	1773.0	0.0	26.0	29367.9003906	9406.90039062	0.0	2138.0	0.0	0.0	0.0	0.0	-3078648.75	-3078648.75	-3078648.75	-3078648.75	
1.0	2840.29907227	325179.3125	-36.2000007629	2346.39990234	0.0	-64.3000030518	-52.5999984741	2458.0	2086.0	0.0	22.0	29169.9003906	9868.90039062	0.0	2087.0	0.0	0.0	0.0	0.0	-2570281.75	-2570281.75	-2570281.75	-2570281.75	
1.0	2840.44970703	325329.3125	-40.2000007629	2331.39990234	0.0	-48.2999992371	-49.5999984741	2799.0	2195.0	0.0	17.0	29154.9003906	10022.9003906	0.0	2065.0	0.0	0.0	0.0	0.0	-3253285.75	-3253285.75	-3253285.75	-3253285.75	
1.0	2840.60058594	325319.3125	-34.2000007629	2343.39990234	0.0	-44.2999992371	-46.5999984741	2850.0	2365.0	0.0	25.0	29333.9003906	10608.9003906	0.0	2126.0	0.0	0.0	0.0	0.0	-2539121.75	-2539121.75	-2539121.75	-2539121.75	
1.0	2840.74902344	325319.3125	-32.2000007629	2339.39990234	0.0	-42.2999992371	-40.5999984741	2974.0	2548.0	0.0	26.0	29489.9003906	10771.9003906	0.0	2106.0	0.0	0.0	0.0	0.0	-2815682.75	-2815682.75	-2815682.75	-2815682.75	
1.0	2840.89990234	325321.3125	-37.2000007629	2345.39990234	0.0	-41.2999992371	-39.5999984741	3004.0	2469.0	0.0	24.0	29346.9003906	10680.9003906	0.0	2005.0	0.0	0.0	0.0	0.0	-3271900.75	-3271900.75	-3271900.75	-3271900.75	
1.0	2841.05102539	325190.3125	-35.2000007629	2340.39990234	0.0	-43.2999992371	-35.5999984741	3088.0	2441.0	0.0	20.0	29917.9003906	10430.9003906	0.0	2078.0	0.0	0.0	0.0	0.0	-3294452.75	-3294452.75	-3294452.75	-3294452.75	
1.0	2841.19921875	325189.3125	-35.2000007629	2330.39990234	0.0	-56.2999992371	-35.5999984741	3133.0	2454.0	0.0	21.0	29893.9003906	10582.9003906	0.0	2046.0	0.0	0.0	0.0	0.0	-2811814.75	-2811814.75	-2811814.75	-2811814.75	
1.0	2841.3503418	325218.3125	-36.2000007629	2338.39990234	0.0	-53.2999992371	-31.6000003815	2831.0	2440.0	0.0	17.0	29286.9003906	10654.9003906	0.0	2079.0	0.0	0.0	0.0	0.0	-2875795.75	-2875795.75	-2875795.75	-2875795.75	
1.0	2841.4987793	325124.3125	-36.2000007629	2337.39990234	0.0	-54.2999992371	-31.6000003815	2802.0	2234.0	0.0	24.0	29466.9003906	10148.9003906	0.0	2092.0	0.0	0.0	0.0	0.0	-2833878.75	-2833878.75	-2833878.75	-2833878.75	
1.0	2841.64990234	325010.3125	-36.2000007629	2342.39990234	0.0	-46.2999992371	-32.5999984741	2591.0	1952.0	0.0	26.0	29015.9003906	9743.90039062	0.0	2151.0	0.0	0.0	0.0	0.0	-3287303.75	-3287303.75	-3287303.75	-3287303.75	
1.0	2841.80078125	325090.3125	-36.2000007629	2333.39990234	0.0	-43.2999992371	-35.5999984741	2431.0	1982.0	0.0	27.0	29320.9003906	9758.90039062	0.0	1981.0	0.0	0.0	0.0	0.0	-2863190.75	-2863190.75	-2863190.75	-2863190.75	
1.0	2841.94946289	325100.3125	-39.2000007629	2335.39990234	0.0	-28.2999992371	-31.6000003815	2322.0	1852.0	0.0	24.0	29037.9003906	9592.90039062	0.0	2164.0	0.0	0.0	0.0	0.0	-2665509.75	-2665509.75	-2665509.75	-2665509.75	
1.0	2842.10058594	325278.3125	-35.2000007629	2330.39990234	0.0	-26.2999992371	-31.6000003815	2114.0	1592.0	0.0	21.0	29380.9003906	9278.90039062	0.0	2144.0	0.0	0.0	0.0	0.0	-2950823.75	-2950823.75	-2950823.75	-2950823.75	
1.0	2842.24902344	325167.3125	-35.2000007629	2344.39990234	0.0	-27.2999992371	-32.5999984741	1926.0	1482.0	0.0	30.0	28208.9003906	8964.90039062	0.0	2133.0	0.0	0.0	0.0	0.0	-3053262.75	-3053262.75	-3053262.75	-3053262.75	
1.0	2842.40014648	324872.3125	-34.2000007629	2319.39990234	0.0	-26.2999992371	-29.6000003815	1797.0	1356.0	0.0	13.0	29302.9003906	8666.90039062	0.0	2073.0	0.0	0.0	0.0	0.0	-2523201.75	-2523201.75	-2523201.75	-2523201.75	
1.0	2842.54882812	324981.3125	-30.2000007629	2369.39990234	0.0	-24.2999992371	-28.6000003815	1659.0	1337.0	0.0	23.0	28170.9003906	8783.90039062	0.0	2131.0	0.0	0.0	0.0	0.0	-2719971.75	-2719971.75	-2719971.75	-2719971.75	
1.0	2842.69995117	324885.3125	-33.2000007629	2329.39990234	0.0	-26.2999992371	-28.6000003815	1659.0	1217.0	0.0	23.0	28671.9003906	8578.90039062	0.0	2094.0	0.0	0.0	0.0	0.0	-2926962.75	-2926962.75	-2926962.75	-2926962.75	
1.0	2842.84863281	325019.3125	-34.2000007629	2370.39990234	0.0	-26.2999992371	-34.5999984741	1573.0	1183.0	0.0	24.0	28665.9003906	8441.90039062	0.0	2168.0	0.0	0.0	0.0	0.0	-2785051.75	-2785051.75	-2785051.75	-2785051.75	
1.0	2843.0	324823.3125	-31.2000007629	2359.39990234	0.0	-36.2999992371	-44.5999984741	1497.0	1114.0	0.0	26.0	28393.9003906	8190.89990234	0.0	2176.0	0.0	0.0	0.0	0.0	-2997465.75	-2997465.75	-2997465.75	-2997465.75	
1.0	2843.15136719	324846.3125	-30.2000007629	2334.39990234	0.0	-40.2999992371	-48.5999984741	1413.0	1041.0	0.0	21.0	28223.9003906	8276.90039062	0.0	2130.0	0.0	0.0	0.0	0.0	-2712745.75	-2712745.75	-2712745.75	-2712745.75	
1.0	2843.30004883	324933.3125	-35.2000007629	2347.39990234	0.0	-40.2999992371	-50.5999984741	1438.0	1069.0	0.0	28.0	27877.9003906	8421.90039062	0.0	2019.0	0.0	0.0	0.0	0.0	-2806843.75	-2806843.75	-2806843.75	-2806843.75	
1.0	2843.44873047	324905.3125	-36.2000007629	2338.39990234	0.0	-52.2999992371	-48.5999984741	1395.0	1007.0	0.0	32.0	28065.9003906	8214.90039062	0.0	2185.0	0.0	0.0	0.0	0.0	-3035377.75	-3035377.75	-3035377.75	-3035377.75	
1.0	2843.60009766	324961.3125	-36.2000007629	2329.39990234	0.0	-55.2999992371	-48.5999984741	1492.0	1070.0	0.0	18.0	28401.9003906	8409.90039062	0.0	2048.0	0.0	0.0	0.0	0.0	-2749939.75	-2749939.75	-2749939.75	-2749939.75	
1.0	2843.74902344	324719.3125	-34.2000007629	2341.39990234	0.0	-54.2999992371	-46.5999984741	1473.0	1065.0	0.0	26.0	28845.9003906	8225.90039062	0.0	2090.0	0.0	0.0	0.0	0.0	-2764425.75	-2764425.75	-2764425.75	-2764425.75	
1.0	2843.90039062	324938.3125	-35.2000007629	2328.39990234	0.0	-54.2999992371	-61.5999984741	1431.0	1103.0	0.0	26.0	28444.9003906	8548.90039062	0.0	2104.0	0.0	0.0	0.0	0.0	-2927992.75	-2927992.75	-2927992.75	-2927992.75	
1.0	2844.04907227	324833.3125	-32.2000007629	2342.39990234	0.0	-50.2999992371	-50.5999984741	1398.0	1016.0	0.0	15.0	28260.9003906	8284.90039062	0.0	2088.0	0.0	0.0	0.0	0.0	-3346961.75	-3346961.75	-3346961.75	-3346961.75	
1.0	2844.20068359	324825.3125	-35.2000007629	2361.39990234	0.0	-55.2999992371	-47.5999984741	1450.0	1038.0	0.0	25.0	29223.9003906	8073.89990234	0.0	2065.0	0.0	0.0	0.0	0.0	-2559535.75	-2559535.75	-2559535.75	-2559535.75	
1.0	2844.34936523	324679.3125	-37.2000007629	2341.39990234	0.0	-43.2999992371	-62.5999984741	1331.0	987.0	0.0	28.0	28641.9003906	8250.90039062	0.0	2166.0	0.0	0.0	0.0	0.0	-2979255.75	-2979255.75	-2979255.75	-2979255.75	
1.0	2844.50097656	324827.3125	-35.2000007629	2360.39990234	0.0	-42.2999992371	-59.5999984741	1298.0	948.0	0.0	19.0	28188.9003906	8108.89990234	0.0	2069.0	0.0	0.0	0.0	0.0	-3316895.75	-3316895.75	-3316895.75	-3316895.75	
1.0	2844.64990234	324758.3125	-37.2000007629	2331.39990234	0.0	-46.2999992371	-54.5999984741	1305.0	888.0	0.0	23.0	28199.9003906	8186.89990234	0.0	2143.0	0.0	0.0	0.0	0.0	-2547889.75	-2547889.75	-2547889.75	-2547889.75	
1.0	2844.79882812	324760.3125	-39.2000007629	2359.39990234	0.0	-42.2999992371	-56.5999984741	1261.0	841.0	0.0	19.0	28695.9003906	8030.89990234	0.0	2136.0	0.0	0.0	0.0	0.0	-2646374.75	-2646374.75	-2646374.75	-2646374.75	
1.0	2844.95043945	324726.3125	-33.2000007629	2343.39990234	0.0	-43.2999992371	-52.5999984741	1170.0	773.0	0.0	27.0	28499.9003906	7869.89990234	0.0	2121.0	0.0	0.0	0.0	0.0	-3129117.75	-3129117.75	-3129117.75	-3129117.75	
1.0	2845.09936523	324726.3125	-41.2000007629	2342.39990234	0.0	-43.2999992371	-51.5999984741	1104.0	750.0	0.0	22.0	28528.9003906	7977.89990234	0.0	2094.0	0.0	0.0	0.0	0.0	-2971110.75	-2971110.75	-2971110.75	-2971110.75	
1.0	2845.25097656	324742.3125	-39.2000007629	2350.39990234	0.0	-43.2999992371	-50.5999984741	1090.0	705.0	0.0	13.0	28503.9003906	7759.89990234	0.0	2087.0	0.0	0.0	0.0	0.0	-2604359.75	-2604359.75	-2604359.75	-2604359.75	
1.0	2845.40014648	324772.3125	-34.2000007629	2337.39990234	0.0	-40.2999992371	-51.5999984741	1011.0	675.0	0.0	21.0	28369.9003906	7683.89990234	0.0	2154.0	0.0	0.0	0.0	0.0	-3070993.75	-3070993.75	-3070993.75	-3070993.75	
1.0	2845.54907227	324505.3125	-38.2000007629	2356.39990234	0.0	-40.2999992371	-54.5999984741	996.0	644.0	0.0	29.0	28261.9003906	7388.89990234	0.0	2032.0	0.0	0.0	0.0	0.0	-3058164.75	-3058164.75	-3058164.75	-3058164.75	
1.0	2845.70092773	324651.3125	-39.2000007629	2369.39990234	0.0	-40.2999992371	-53.5999984741	938.0	613.0	0.0	21.0	28020.9003906	7717.89990234	0.0	2057.0	0.0	0.0	0.0	0.0	-2800641.75	-2800641.75	-2800641.75	-2800641.75	
1.0	2845.85009766	324690.3125	-35.2000007629	2365.39990234	0.0	-36.2999992371	-51.5999984741	876.0	595.0	0.0	33.0	28113.9003906	7579.89990234	0.0	2120.0	0.0	0.0	0.0	0.0	-3395538.75	-3395538.75	-3395538.75	-3395538.75	
1.0	2845.99902344	324536.3125	-35.2000007629	2347.39990234	0.0	-40.2999992371	-37.5999984741	831.0	568.0	0.0	19.0	28140.9003906	7547.89990234	0.0	2099.0	0.0	0.0	0.0	0.0	-2844131.75	-2844131.75	-2844131.75	-2844131.75	
1.0	2846.15087891	324598.3125	-38.2000007629	2351.39990234	0.0	-36.2999992371	-34.5999984741	832.0	556.0	0.0	21.0	28546.9003906	7590.89990234	0.0	2138.0	0.0	0.0	0.0	0.0	-2535884.75	-2535884.75	-2535884.75	-2535884.75	
1.0	2846.30004883	324672.3125	-35.2000007629	2338.39990234	0.0	-34.2999992371	-37.5999984741	837.0	549.0	0.0	29.0	28803.9003906	7470.89990234	0.0	2073.0	0.0	0.0	0.0	0.0	-3259168.75	-3259168.75	-3259168.75	-3259168.75	
1.0	2846.44921875	324690.3125	-42.2000007629	2380.39990234	0.0	-32.2999992371	-36.5999984741	855.0	506.0	0.0	17.0	28519.9003906	7424.89990234	0.0	1998.0	0.0	0.0	0.0	0.0	-3076909.75	-3076909.75	-3076909.75	-3076909.75	
1.0	2846.60107422	324613.3125	-37.2000007629	2346.39990234	0.0	-33.2999992371	-37.5999984741	775.0	520.0	0.0	35.0	28290.9003906	7450.89990234	0.0	2192.0	0.0	0.0	0.0	0.0	-2786730.75	-2786730.75	-2786730.75	-2786730.75	
1.0	2846.75024414	324637.3125	-38.2000007629	2346.39990234	0.0	-31.2999992371	-35.5999984741	800.0	496.0	0.0	24.0	28695.9003906	7258.89990234	0.0	2058.0	0.0	0.0	0.0	0.0	-2520805.75	-2520805.75	-2520805.75	-2520805.75	
1.0	2846.8996582	324675.3125	-40.2000007629	2354.39990234	0.0	-29.2999992371	-37.5999984741	778.0	459.0	0.0	15.0	28509.9003906	7465.89990234	0.0	2111.0	0.0	0.0	0.0	0.0	-2755972.75	-2755972.75	-2755972.75	-2755972.75	
1.0	2847.04907227	324506.3125	-36.2000007629	2372.39990234	0.0	-28.2999992371	-36.5999984741	719.0	471.0	0.0	23.0	27971.9003906	7447.89990234	0.0	2096.0	0.0	0.0	0.0	0.0	-2839591.75	-2839591.75	-2839591.75	-2839591.75	
1.0	2847.20092773	324539.3125	-56.2000007629	2351.39990234	0.0	-28.2999992371	-44.5999984741	768.0	494.0	0.0	24.0	28606.9003906	7243.89990234	0.0	2090.0	0.0	0.0	0.0	0.0	-2919863.75	-2919863.75	-2919863.75	-2919863.75	
1.0	2847.3503418	324527.3125	-34.2000007629	2366.39990234	0.0	-32.2999992371	-44.5999984741	792.0	447.0	0.0	20.0	28832.9003906	7427.89990234	0.0	2136.0	0.0	0.0	0.0	0.0	-2524262.75	-2524262.75	-2524262.75	-2524262.75	
1.0	2847.49951172	324438.3125	-35.2000007629	2363.39990234	0.0	-32.2999992371	-42.5999984741	740.0	414.0	0.0	28.0	27916.9003906	7375.89990234	0.0	2028.0	0.0	0.0	0.0	0.0	-3118061.75	-3118061.75	-3118061.75	-3118061.75	
1.0	2847.64892578	324446.3125	-43.2000007629	2354.39990234	0.0	-31.2999992371	-43.5999984741	772.0	444.0	0.0	23.0	28165.9003906	7188.89990234	0.0	2119.0	0.0	0.0	0.0	0.0	-3420432.75	-3420432.75	-3420432.75	-3420432.75	
1.0	2847.80102539	324413.3125	-34.2000007629	2346.39990234	0.0	-30.2999992371	-42.5999984741	739.0	402.0	0.0	23.0	28528.9003906	7217.89990234	0.0	2153.0	0.0	0.0	0.0	0.0	-3146931.75	-3146931.75	-3146931.75	-3146931.75	
1.0	2847.95043945	324450.3125	-36.2000007629	2345.39990234	0.0	-29.2999992371	-43.5999984741	730.0	425.0	0.0	23.0	28469.9003906	7314.89990234	0.0	2030.0	0.0	0.0	0.0	0.0	-2591666.75	-2591666.75	-2591666.75	-2591666.75	
1.0	2848.09985352	324247.3125	-32.2000007629	2359.39990234	0.0	-29.2999992371	-43.5999984741	733.0	451.0	0.0	19.0	27751.9003906	7343.89990234	0.0	2155.0	0.0	0.0	0.0	0.0	-2925721.75	-2925721.75	-2925721.75	-2925721.75	
1.0	2848.24951172	323949.3125	-36.2000007629	2346.39990234	0.0	-31.2999992371	-45.5999984741	704.0	450.0	0.0	14.0	28019.9003906	7502.89990234	0.0	2064.0	0.0	0.0	0.0	0.0	-3006310.75	-3006310.75	-3006310.75	-3006310.75	
1.0	2848.39892578	324257.3125	-37.2000007629	2358.39990234	0.0	-30.2999992371	-47.5999984741	743.0	440.0	0.0	28.0	29212.9003906	7311.89990234	0.0	2183.0	0.0	0.0	0.0	0.0	-2660717.75	-2660717.75	-2660717.75	-2660717.75	
1.0	2848.55102539	324286.3125	-37.2000007629	2337.39990234	0.0	-30.2999992371	-48.5999984741	775.0	419.0	0.0	31.0	28288.9003906	7470.89990234	0.0	2177.0	0.0	0.0	0.0	0.0	-2689911.75	-2689911.75	-2689911.75	-2689911.75	
1.0	2848.70068359	324125.3125	-35.2000007629	2350.39990234	0.0	-32.2999992371	-46.5999984741	761.0	445.0	0.0	25.0	27839.9003906	7599.89990234	0.0	2112.0	0.0	0.0	0.0	0.0	-2516619.75	-2516619.75	-2516619.75	-2516619.75	
1.0	2848.85009766	324494.3125	-33.2000007629	2359.39990234	0.0	-32.2999992371	-42.5999984741	711.0	427.0	0.0	25.0	28129.9003906	7388.89990234	0.0	2130.0	0.0	0.0	0.0	0.0	-3287511.75	-3287511.75	-3287511.75	-3287511.75	
1.0	2848.99975586	324241.3125	-39.2000007629	2346.39990234	0.0	-33.2999992371	-41.5999984741	736.0	455.0	0.0	19.0	28124.9003906	7358.89990234	0.0	1966.0	0.0	0.0	0.0	0.0	-3249986.75	-3249986.75	-3249986.75	-3249986.75	
1.0	2849.14941406	324490.3125	-31.2000007629	2351.39990234	0.0	-37.2999992371	-38.5999984741	695.0	463.0	0.0	27.0	28455.9003906	7316.89990234	0.0	2116.0	0.0	0.0	0.0	0.0	-2731824.75	-2731824.75	-2731824.75	-2731824.75	
1.0	2849.29907227	324388.3125	-41.2000007629	2343.39990234	0.0	-39.2999992371	-39.5999984741	795.0	455.0	0.0	24.0	28503.9003906	7190.89990234	0.0	2086.0	0.0	0.0	0.0	0.0	-3105791.75	-3105791.75	-3105791.75	-3105791.75	
1.0	2849.44873047	323970.3125	-38.2000007629	2353.39990234	0.0	-38.2999992371	-39.5999984741	799.0	481.0	0.0	19.0	28037.9003906	7381.89990234	0.0	2109.0	0.0	0.0	0.0	0.0	-2536693.75	-2536693.75	-2536693.75	-2536693.75	
1.0	2849.60107422	324174.3125	-34.2000007629	2372.39990234	0.0	-36.2999992371	-41.5999984741	770.0	465.0	0.0	23.0	28289.9003906	7240.89990234	0.0	2112.0	0.0	0.0	0.0	0.0	-3119782.75	-3119782.75	-3119782.75	-3119782.75	
1.0	2849.75073242	324157.3125	-36.2000007629	2354.39990234	0.0	-37.2999992371	-37.5999984741	786.0	449.0	0.0	25.0	28508.9003906	7465.89990234	0.0	2091.0	0.0	0.0	0.0	0.0	-3251522.75	-3251522.75	-3251522.75	-3251522.75	
1.0	2849.90063477	324141.3125	-36.2000007629	2344.39990234	0.0	-38.2999992371	-35.5999984741	761.0	518.0	0.0	21.0	28693.9003906	7334.89990234	0.0	2133.0	0.0	0.0	0.0	0.0	-2961077.75	-2961077.75	-2961077.75	-2961077.75	
1.0	2850.05029297	324122.3125	-37.2000007629	2364.39990234	0.0	-38.2999992371	-34.5999984741	767.0	500.0	0.0	24.0	28510.9003906	7396.89990234	0.0	2139.0	0.0	0.0	0.0	0.0	-2936981.75	-2936981.75	-2936981.75	-2936981.75	
1.0	2850.20019531	324030.3125	-27.2000007629	2348.39990234	0.0	-35.2999992371	-38.5999984741	753.0	434.0	0.0	22.0	28658.9003906	7360.89990234	0.0	2074.0	0.0	0.0	0.0	0.0	-3064749.75	-3064749.75	-3064749.75	-3064749.75	
1.0	2850.34985352	324207.3125	-26.2000007629	2341.39990234	0.0	-37.2999992371	-37.5999984741	724.0	496.0	0.0	24.0	28047.9003906	7321.89990234	0.0	2170.0	0.0	0.0	0.0	0.0	-3822305.75	-3822305.75	-3822305.75	-3822305.75	
1.0	2850.49975586	324101.3125	-21.2000007629	2324.39990234	0.0	-35.2999992371	-37.5999984741	790.0	463.0	0.0	19.0	28576.9003906	7534.89990234	0.0	2057.0	0.0	0.0	0.0	0.0	-2603427.75	-2603427.75	-2603427.75	-2603427.75	
1.0	2850.6496582	324206.3125	-12.1999998093	2369.39990234	0.0	-36.2999992371	-37.5999984741	814.0	519.0	0.0	13.0	28607.9003906	7404.89990234	0.0	2063.0	0.0	0.0	0.0	0.0	-3282958.75	-3282958.75	-3282958.75	-3282958.75	
1.0	2850.79956055	324060.3125	-11.1999998093	2349.39990234	0.0	-49.2999992371	-40.5999984741	759.0	497.0	0.0	30.0	28569.9003906	7375.89990234	0.0	2117.0	0.0	0.0	0.0	0.0	-2545261.75	-2545261.75	-2545261.75	-2545261.75	
1.0	2850.94946289	323947.3125	-8.19999980927	2340.39990234	0.0	-45.2999992371	-39.5999984741	819.0	445.0	0.0	26.0	29005.9003906	7274.89990234	0.0	2149.0	0.0	0.0	0.0	0.0	-2827821.75	-2827821.75	-2827821.75	-2827821.75	
1.0	2851.09936523	323967.3125	-10.1999998093	2350.39990234	0.0	-40.2999992371	-38.5999984741	801.0	462.0	0.0	30.0	28033.9003906	7453.89990234	0.0	2081.0	0.0	0.0	0.0	0.0	-3127952.75	-3127952.75	-3127952.75	-3127952.75	
1.0	2851.24926758	323989.3125	-1.20000004768	2359.39990234	0.0	-40.2999992371	-38.5999984741	767.0	471.0	0.0	22.0	28167.9003906	7486.89990234	0.0	2209.0	0.0	0.0	0.0	0.0	-2812460.75	-2812460.75	-2812460.75	-2812460.75	
1.0	2851.39941406	323859.3125	-19.2000007629	2344.39990234	0.0	-40.2999992371	-38.5999984741	747.0	491.0	0.0	30.0	28703.9003906	7442.89990234	0.0	2180.0	0.0	0.0	0.0	0.0	-2876733.75	-2876733.75	-2876733.75	-2876733.75	
1.0	2851.54931641	324056.3125	-23.2000007629	2357.39990234	0.0	-40.2999992371	-54.5999984741	720.0	463.0	0.0	23.0	27998.9003906	7514.89990234	0.0	2113.0	0.0	0.0	0.0	0.0	-3030848.75	-3030848.75	-3030848.75	-3030848.75	
1.0	2851.69946289	324179.3125	-18.2000007629	2360.39990234	0.0	-40.2999992371	-55.5999984741	812.0	458.0	0.0	31.0	28625.9003906	7489.89990234	0.0	2147.0	0.0	0.0	0.0	0.0	-2669803.75	-2669803.75	-2669803.75	-2669803.75	
1.0	2851.84936523	323992.3125	-18.2000007629	2338.39990234	0.0	-38.2999992371	-67.5999984741	827.0	455.0	0.0	22.0	28830.9003906	7465.89990234	0.0	2154.0	0.0	0.0	0.0	0.0	-2589118.75	-2589118.75	-2589118.75	-2589118.75	
1.0	2851.99951172	323997.3125	-22.2000007629	2352.39990234	0.0	-40.2999992371	-72.5999984741	784.0	470.0	0.0	8.0	28552.9003906	7524.89990234	0.0	2090.0	0.0	0.0	0.0	0.0	-2809453.75	-2809453.75	-2809453.75	-2809453.75	
1.0	2852.1496582	323905.3125	-21.2000007629	2341.39990234	0.0	-40.2999992371	-70.5999984741	734.0	465.0	0.0	21.0	28446.9003906	7428.89990234	0.0	2122.0	0.0	0.0	0.0	0.0	-3733203.75	-3733203.75	-3733203.75	-3733203.75	
1.0	2852.29956055	323861.3125	-28.2000007629	2345.39990234	0.0	-38.2999992371	-68.5999984741	776.0	419.0	0.0	21.0	29106.9003906	7231.89990234	0.0	2081.0	0.0	0.0	0.0	0.0	-3256449.75	-3256449.75	-3256449.75	-3256449.75	
1.0	2852.44970703	323870.3125	-24.2000007629	2351.39990234	0.0	-36.2999992371	-71.5999984741	804.0	449.0	0.0	21.0	29106.9003906	7587.89990234	0.0	2127.0	0.0	0.0	0.0	0.0	-2563524.75	-2563524.75	-2563524.75	-2563524.75	
1.0	2852.60009766	324204.3125	-26.2000007629	2345.39990234	0.0	-40.2999992371	-71.5999984741	726.0	427.0	0.0	25.0	28396.9003906	7493.89990234	0.0	2180.0	0.0	0.0	0.0	0.0	-2883874.75	-2883874.75	-2883874.75	-2883874.75	
1.0	2852.75024414	325518.3125	-27.2000007629	2365.39990234	0.0	-40.2999992371	-70.5999984741	710.0	453.0	0.0	24.0	28392.9003906	7350.89990234	0.0	2086.0	0.0	0.0	0.0	0.0	-3304706.75	-3304706.75	-3304706.75	-3304706.75	
1.0	2852.90039062	326580.3125	-25.2000007629	2382.39990234	0.0	-40.2999992371	-68.5999984741	742.0	476.0	0.0	27.0	28477.9003906	7532.89990234	0.0	2127.0	0.0	0.0	0.0	0.0	-2975237.75	-2975237.75	-2975237.75	-2975237.75	
1.0	2853.05053711	327762.3125	-28.2000007629	2370.39990234	0.0	-40.2999992371	-70.5999984741	744.0	494.0	0.0	18.0	28778.9003906	7439.89990234	0.0	2043.0	0.0	0.0	0.0	0.0	-3042836.75	-3042836.75	-3042836.75	-3042836.75	
1.0	2853.20092773	328096.3125	-24.2000007629	2366.39990234	0.0	-40.2999992371	-70.5999984741	717.0	466.0	0.0	25.0	29203.9003906	7582.89990234	0.0	2077.0	0.0	0.0	0.0	0.0	-2627282.75	-2627282.75	-2627282.75	-2627282.75	
1.0	2853.35107422	328101.3125	-29.2000007629	2396.39990234	0.0	-36.2999992371	-69.5999984741	730.0	432.0	0.0	24.0	29284.9003906	7400.89990234	0.0	2096.0	0.0	0.0	0.0	0.0	-2846821.75	-2846821.75	-2846821.75	-2846821.75	
1.0	2853.4987793	328025.3125	-29.2000007629	2365.39990234	0.0	-35.2999992371	-69.5999984741	767.0	447.0	0.0	21.0	29111.9003906	7520.89990234	0.0	2112.0	0.0	0.0	0.0	0.0	-3187557.75	-3187557.75	-3187557.75	-3187557.75	
1.0	2853.64916992	327988.3125	-28.2000007629	2369.39990234	0.0	-31.2999992371	-69.5999984741	730.0	434.0	0.0	27.0	28784.9003906	7604.89990234	0.0	2164.0	0.0	0.0	0.0	0.0	-2647625.75	-2647625.75	-2647625.75	-2647625.75	
1.0	2853.79956055	327976.3125	-27.2000007629	2378.39990234	0.0	-25.2999992371	-64.5999984741	748.0	444.0	0.0	18.0	28985.9003906	7526.89990234	0.0	2159.0	0.0	0.0	0.0	0.0	-2667546.75	-2667546.75	-2667546.75	-2667546.75	
1.0	2853.94995117	328017.3125	-32.2000007629	2361.39990234	0.0	-28.2999992371	-53.5999984741	705.0	401.0	0.0	26.0	28773.9003906	7406.89990234	0.0	2099.0	0.0	0.0	0.0	0.0	-2886398.75	-2886398.75	-2886398.75	-2886398.75	
1.0	2854.1003418	327982.3125	-27.2000007629	2379.39990234	0.0	-27.2999992371	-52.5999984741	698.0	457.0	0.0	20.0	28923.9003906	7483.89990234	0.0	2130.0	0.0	0.0	0.0	0.0	-2986570.75	-2986570.75	-2986570.75	-2986570.75	
1.0	2854.25073242	327936.3125	-30.2000007629	2381.39990234	0.0	-27.2999992371	-53.5999984741	736.0	424.0	0.0	18.0	28890.9003906	7628.89990234	0.0	2125.0	0.0	0.0	0.0	0.0	-2640556.75	-2640556.75	-2640556.75	-2640556.75	
1.0	2854.40112305	327960.3125	-28.2000007629	2385.39990234	0.0	-29.2999992371	-51.5999984741	742.0	415.0	0.0	32.0	28494.9003906	7447.89990234	0.0	2203.0	0.0	0.0	0.0	0.0	-3126613.75	-3126613.75	-3126613.75	-3126613.75	
1.0	2854.54907227	327956.3125	-30.2000007629	2384.39990234	0.0	-24.2999992371	-40.5999984741	685.0	443.0	0.0	25.0	28891.9003906	7409.89990234	0.0	2160.0	0.0	0.0	0.0	0.0	-2852624.75	-2852624.75	-2852624.75	-2852624.75	
1.0	2854.69946289	328054.3125	-29.2000007629	2403.39990234	0.0	-22.2999992371	-46.5999984741	710.0	427.0	0.0	29.0	29062.9003906	7520.89990234	0.0	2106.0	0.0	0.0	0.0	0.0	-2634909.75	-2634909.75	-2634909.75	-2634909.75	
1.0	2854.85009766	327923.3125	-29.2000007629	2395.39990234	0.0	-10.3000001907	-47.5999984741	700.0	399.0	0.0	26.0	28864.9003906	7480.89990234	0.0	2149.0	0.0	0.0	0.0	0.0	-2952070.75	-2952070.75	-2952070.75	-2952070.75	
1.0	2855.00048828	327808.3125	-28.2000007629	2384.39990234	0.0	-9.30000019073	-48.5999984741	737.0	414.0	0.0	19.0	28813.9003906	7417.89990234	0.0	2208.0	0.0	0.0	0.0	0.0	-2636900.75	-2636900.75	-2636900.75	-2636900.75	
1.0	2855.49902344	327854.3125	-27.2000007629	2391.39990234	0.0	-19.2999992371	-52.5999984741	765.0	439.0	0.0	28.0	28760.9003906	7390.89990234	0.0	2167.0	0.0	0.0	0.0	0.0	-3537026.75	-3537026.75	-3537026.75	-3537026.75	
1.0	2856.00048828	327951.3125	-26.2000007629	2394.39990234	0.0	-22.2999992371	-64.5999984741	722.0	400.0	0.0	14.0	28468.9003906	7491.89990234	0.0	2180.0	0.0	0.0	0.0	0.0	-3105246.75	-3105246.75	-3105246.75	-3105246.75	
1.0	2856.49926758	327681.3125	-27.2000007629	2414.39990234	0.0	-23.2999992371	-63.5999984741	771.0	456.0	0.0	20.0	29398.9003906	7579.89990234	0.0	2170.0	0.0	0.0	0.0	0.0	-2609442.75	-2609442.75	-2609442.75	-2609442.75	
1.0	2857.0012207	327843.3125	-29.2000007629	2397.39990234	0.0	-38.2999992371	-51.5999984741	750.0	418.0	0.0	22.0	29701.9003906	7427.89990234	0.0	2142.0	0.0	0.0	0.0	0.0	-2985875.75	-2985875.75	-2985875.75	-2985875.75	
1.0	2857.50073242	327845.3125	-25.2000007629	2387.39990234	0.0	-37.2999992371	-43.5999984741	772.0	479.0	0.0	22.0	29483.9003906	7315.89990234	0.0	2034.0	0.0	0.0	0.0	0.0	-3112732.75	-3112732.75	-3112732.75	-3112732.75	
1.0	2858.00048828	327871.3125	-27.2000007629	2410.39990234	0.0	-39.2999992371	-44.5999984741	745.0	442.0	0.0	23.0	29240.9003906	7512.89990234	0.0	2200.0	0.0	0.0	0.0	0.0	-3320577.75	-3320577.75	-3320577.75	-3320577.75	
1.0	2858.50048828	327871.3125	-27.2000007629	2404.39990234	0.0	-32.2999992371	-46.5999984741	712.0	474.0	0.0	16.0	29449.9003906	7415.89990234	0.0	2086.0	0.0	0.0	0.0	0.0	-2986150.75	-2986150.75	-2986150.75	-2986150.75	
1.0	2859.00073242	327730.3125	-24.2000007629	2395.39990234	0.0	-23.2999992371	-44.5999984741	743.0	445.0	0.0	16.0	28489.9003906	7634.89990234	0.0	2208.0	0.0	0.0	0.0	0.0	-3128821.75	-3128821.75	-3128821.75	-3128821.75	
1.0	2859.4987793	327913.3125	-26.2000007629	2397.39990234	0.0	-33.2999992371	-42.5999984741	751.0	442.0	0.0	21.0	28646.9003906	7708.89990234	0.0	2257.0	0.0	0.0	0.0	0.0	-2568004.75	-2568004.75	-2568004.75	-2568004.75	
1.0	2859.99951172	327909.3125	-29.2000007629	2396.39990234	0.0	-31.2999992371	-43.5999984741	746.0	478.0	0.0	22.0	28995.9003906	7619.89990234	0.0	2233.0	0.0	0.0	0.0	0.0	-2823381.75	-2823381.75	-2823381.75	-2823381.75	
1.0	2860.50048828	328002.3125	-30.2000007629	2414.39990234	0.0	-32.2999992371	-43.5999984741	773.0	472.0	0.0	23.0	28767.9003906	7552.89990234	0.0	2074.0	0.0	0.0	0.0	0.0	-3870939.75	-3870939.75	-3870939.75	-3870939.75	
1.0	2860.99926758	327912.3125	-27.2000007629	2397.39990234	0.0	-33.2999992371	-43.5999984741	755.0	470.0	0.0	20.0	29126.9003906	7486.89990234	0.0	2161.0	0.0	0.0	0.0	0.0	-2983093.75	-2983093.75	-2983093.75	-2983093.75	
1.0	2861.50073242	327898.3125	-28.2000007629	2416.39990234	0.0	-32.2999992371	-41.5999984741	818.0	480.0	0.0	26.0	29370.9003906	7600.89990234	0.0	2211.0	0.0	0.0	0.0	0.0	-3217701.75	-3217701.75	-3217701.75	-3217701.75	
1.0	2862.0	327846.3125	-27.2000007629	2402.39990234	0.0	-31.2999992371	-40.5999984741	771.0	456.0	0.0	19.0	29228.9003906	7636.89990234	0.0	2208.0	0.0	0.0	0.0	0.0	-2784942.75	-2784942.75	-2784942.75	-2784942.75	
1.0	2862.49926758	327887.3125	-29.2000007629	2394.39990234	0.0	-22.2999992371	-40.5999984741	704.0	469.0	0.0	17.0	28841.9003906	7810.89990234	0.0	2213.0	0.0	0.0	0.0	0.0	-2563647.75	-2563647.75	-2563647.75	-2563647.75	
1.0	2862.99902344	327973.3125	-29.2000007629	2411.39990234	0.0	-22.2999992371	-42.5999984741	761.0	462.0	0.0	20.0	28413.9003906	7593.89990234	0.0	2150.0	0.0	0.0	0.0	0.0	-3916143.75	-3916143.75	-3916143.75	-3916143.75	
1.0	2863.49902344	327704.3125	-30.2000007629	2406.39990234	0.0	-19.2999992371	-46.5999984741	793.0	476.0	0.0	25.0	29007.9003906	7614.89990234	0.0	2090.0	0.0	0.0	0.0	0.0	-3126947.75	-3126947.75	-3126947.75	-3126947.75	
1.0	2863.99926758	327824.3125	-32.2000007629	2430.39990234	0.0	-15.3000001907	-51.5999984741	734.0	440.0	0.0	25.0	29131.9003906	7715.89990234	0.0	2195.0	0.0	0.0	0.0	0.0	-2905217.75	-2905217.75	-2905217.75	-2905217.75	
1.0	2864.49975586	328100.3125	-29.2000007629	2409.39990234	0.0	-5.30000019073	-50.5999984741	806.0	464.0	0.0	31.0	29562.9003906	7648.89990234	0.0	2209.0	0.0	0.0	0.0	0.0	-2939062.75	-2939062.75	-2939062.75	-2939062.75	
1.0	2865.00048828	327883.3125	-32.2000007629	2424.39990234	0.0	-5.30000019073	-44.5999984741	734.0	465.0	0.0	18.0	29827.9003906	7478.89990234	0.0	2249.0	0.0	0.0	0.0	0.0	-2684176.75	-2684176.75	-2684176.75	-2684176.75	
1.0	2865.4987793	327691.3125	-29.2000007629	2426.39990234	0.0	-9.30000019073	-28.6000003815	720.0	450.0	0.0	20.0	28999.9003906	7403.89990234	0.0	2208.0	0.0	0.0	0.0	0.0	-3036594.75	-3036594.75	-3036594.75	-3036594.75	
1.0	2866.0	327637.3125	-28.2000007629	2398.39990234	0.0	-6.30000019073	-29.6000003815	754.0	434.0	0.0	25.0	29712.9003906	7503.89990234	0.0	2152.0	0.0	0.0	0.0	0.0	-2764896.75	-2764896.75	-2764896.75	-2764896.75	
1.0	2866.4987793	327731.3125	-13.1999998093	2404.39990234	0.0	-7.30000019073	-31.6000003815	701.0	445.0	0.0	15.0	29015.9003906	7504.89990234	0.0	2233.0	0.0	0.0	0.0	0.0	-3237524.75	-3237524.75	-3237524.75	-3237524.75	
1.0	2867.00048828	327945.3125	-17.2000007629	2415.39990234	0.0	-7.30000019073	-30.6000003815	745.0	437.0	0.0	21.0	29277.9003906	7549.89990234	0.0	2268.0	0.0	0.0	0.0	0.0	-3219115.75	-3219115.75	-3219115.75	-3219115.75	
1.0	2867.5	327865.3125	-17.2000007629	2398.39990234	0.0	-7.30000019073	-29.6000003815	701.0	435.0	0.0	14.0	29477.9003906	7750.89990234	0.0	2221.0	0.0	0.0	0.0	0.0	-2567490.75	-2567490.75	-2567490.75	-2567490.75	
1.0	2867.99951172	327879.3125	-20.2000007629	2411.39990234	0.0	-8.30000019073	-30.6000003815	667.0	415.0	0.0	19.0	29512.9003906	7688.89990234	0.0	2135.0	0.0	0.0	0.0	0.0	-2944750.75	-2944750.75	-2944750.75	-2944750.75	
1.0	2868.49951172	327974.3125	-20.2000007629	2419.39990234	0.0	-6.30000019073	-30.6000003815	725.0	443.0	0.0	15.0	29580.9003906	7519.89990234	0.0	2198.0	0.0	0.0	0.0	0.0	-3160876.75	-3160876.75	-3160876.75	-3160876.75	
1.0	2868.99951172	328045.3125	-17.2000007629	2418.39990234	0.0	-8.30000019073	-32.5999984741	773.0	431.0	0.0	31.0	29334.9003906	7654.89990234	0.0	2256.0	0.0	0.0	0.0	0.0	-2662212.75	-2662212.75	-2662212.75	-2662212.75	
1.0	2869.5	327743.3125	-17.2000007629	2404.39990234	0.0	-6.30000019073	-32.5999984741	721.0	433.0	0.0	22.0	29672.9003906	7583.89990234	0.0	2314.0	0.0	0.0	0.0	0.0	-2709355.75	-2709355.75	-2709355.75	-2709355.75	
1.0	2870.00048828	327868.3125	-15.1999998093	2418.39990234	0.0	-7.30000019073	-36.5999984741	742.0	457.0	0.0	20.0	29452.9003906	7660.89990234	0.0	2146.0	0.0	0.0	0.0	0.0	-2680198.75	-2680198.75	-2680198.75	-2680198.75	
1.0	2870.99975586	327748.3125	-15.1999998093	2438.39990234	0.0	-10.3000001907	-44.5999984741	736.0	439.0	0.0	26.0	28651.9003906	7700.89990234	0.0	2099.0	0.0	0.0	0.0	0.0	-3352794.75	-3352794.75	-3352794.75	-3352794.75	
1.0	2872.00024414	327869.3125	-14.1999998093	2412.39990234	0.0	-9.30000019073	-45.5999984741	727.0	494.0	0.0	20.0	29732.9003906	7559.89990234	0.0	2178.0	0.0	0.0	0.0	0.0	-3086756.75	-3086756.75	-3086756.75	-3086756.75	
1.0	2872.99902344	327789.3125	-18.2000007629	2421.39990234	0.0	-6.30000019073	-43.5999984741	750.0	476.0	0.0	24.0	29019.9003906	7703.89990234	0.0	2255.0	0.0	0.0	0.0	0.0	-3335913.75	-3335913.75	-3335913.75	-3335913.75	
1.0	2873.9987793	327985.3125	-16.2000007629	2424.39990234	0.0	-8.30000019073	-53.5999984741	729.0	447.0	0.0	17.0	29289.9003906	7789.89990234	0.0	2232.0	0.0	0.0	0.0	0.0	-2773978.75	-2773978.75	-2773978.75	-2773978.75	
1.0	2874.99951172	327949.3125	-18.2000007629	2426.39990234	0.0	-6.30000019073	-43.5999984741	752.0	448.0	0.0	10.0	28956.9003906	7698.89990234	0.0	2133.0	0.0	0.0	0.0	0.0	-3805405.75	-3805405.75	-3805405.75	-3805405.75	
1.0	2876.0012207	327902.3125	-20.2000007629	2427.39990234	0.0	-11.3000001907	-43.5999984741	739.0	535.0	0.0	23.0	29800.9003906	7788.89990234	0.0	2334.0	0.0	0.0	0.0	0.0	-2595675.75	-2595675.75	-2595675.75	-2595675.75	
1.0	2876.9987793	328053.3125	-17.2000007629	2431.39990234	0.0	-5.30000019073	-52.5999984741	794.0	478.0	0.0	25.0	29681.9003906	7683.89990234	0.0	2239.0	0.0	0.0	0.0	0.0	-2810729.75	-2810729.75	-2810729.75	-2810729.75	
1.0	2878.0	327886.3125	-21.2000007629	2413.39990234	0.0	-8.30000019073	-45.5999984741	773.0	512.0	0.0	17.0	29567.9003906	7873.89990234	0.0	2270.0	0.0	0.0	0.0	0.0	-2905608.75	-2905608.75	-2905608.75	-2905608.75	
1.0	2878.99951172	327912.3125	-20.2000007629	2439.39990234	0.0	-8.30000019073	-43.5999984741	829.0	546.0	0.0	17.0	29442.9003906	7844.89990234	0.0	2303.0	0.0	0.0	0.0	0.0	-2903171.75	-2903171.75	-2903171.75	-2903171.75	
1.0	2880.0	328192.3125	-20.2000007629	2445.39990234	0.0	-10.3000001907	-44.5999984741	868.0	508.0	0.0	15.0	29254.9003906	7797.89990234	0.0	2302.0	0.0	0.0	0.0	0.0	-3238491.75	-3238491.75	-3238491.75	-3238491.75	
1.0	2880.9987793	327890.3125	-18.2000007629	2436.39990234	0.0	-11.3000001907	-43.5999984741	821.0	519.0	0.0	26.0	29202.9003906	7796.89990234	0.0	2274.0	0.0	0.0	0.0	0.0	-2950211.75	-2950211.75	-2950211.75	-2950211.75	
1.0	2882.0012207	328109.3125	-19.2000007629	2461.39990234	0.0	-8.30000019073	-43.5999984741	861.0	562.0	0.0	22.0	29740.9003906	7968.89990234	0.0	2233.0	0.0	0.0	0.0	0.0	-3021823.75	-3021823.75	-3021823.75	-3021823.75	
1.0	2882.99951172	328118.3125	-16.2000007629	2449.39990234	0.0	-6.30000019073	-45.5999984741	799.0	536.0	0.0	21.0	29663.9003906	7966.89990234	0.0	2303.0	0.0	0.0	0.0	0.0	-2749847.75	-2749847.75	-2749847.75	-2749847.75	
1.0	2884.0012207	327825.3125	-21.2000007629	2464.39990234	0.0	-4.30000019073	-46.5999984741	880.0	538.0	0.0	24.0	29243.9003906	7867.89990234	0.0	2237.0	0.0	0.0	0.0	0.0	-3246610.75	-3246610.75	-3246610.75	-3246610.75	
1.0	2884.9987793	328008.3125	-20.2000007629	2438.39990234	0.0	-8.30000019073	-46.5999984741	828.0	554.0	0.0	23.0	29379.9003906	8045.89990234	0.0	2206.0	0.0	0.0	0.0	0.0	-3040932.75	-3040932.75	-3040932.75	-3040932.75	
1.0	2886.0	327994.3125	-21.2000007629	2444.39990234	0.0	-14.3000001907	-45.5999984741	822.0	563.0	0.0	29.0	29843.9003906	7834.89990234	0.0	2371.0	0.0	0.0	0.0	0.0	-2606910.75	-2606910.75	-2606910.75	-2606910.75	
1.0	2886.99951172	327976.3125	-17.2000007629	2452.39990234	0.0	-25.2999992371	-46.5999984741	827.0	538.0	0.0	15.0	30377.9003906	7833.89990234	0.0	2309.0	0.0	0.0	0.0	0.0	-2737708.75	-2737708.75	-2737708.75	-2737708.75	
1.0	2890.0012207	328137.3125	-17.2000007629	2433.39990234	0.0	-35.2999992371	-48.5999984741	842.0	504.0	0.0	26.0	30386.9003906	7896.89990234	0.0	2221.0	0.0	0.0	0.0	0.0	-3046780.75	-3046780.75	-3046780.75	-3046780.75	
1.0	2893.0012207	328207.3125	-18.2000007629	2457.39990234	0.0	-41.2999992371	-45.5999984741	837.0	469.0	0.0	23.0	29931.9003906	7885.89990234	0.0	2277.0	0.0	0.0	0.0	0.0	-2621791.75	-2621791.75	-2621791.75	-2621791.75	
1.0	2895.99926758	328413.3125	-19.2000007629	2468.39990234	0.0	-39.2999992371	-47.5999984741	747.0	496.0	0.0	20.0	30288.9003906	7915.89990234	0.0	2347.0	0.0	0.0	0.0	0.0	-2916048.75	-2916048.75	-2916048.75	-2916048.75	
1.0	2899.00097656	328285.3125	-17.2000007629	2459.39990234	0.0	-29.2999992371	-48.5999984741	743.0	498.0	0.0	26.0	30121.9003906	7982.89990234	0.0	2135.0	0.0	0.0	0.0	0.0	-2876443.75	-2876443.75	-2876443.75	-2876443.75	
1.0	2902.00073242	328294.3125	-19.2000007629	2472.39990234	0.0	-26.2999992371	-47.5999984741	750.0	507.0	0.0	23.0	30340.9003906	7881.89990234	0.0	2254.0	0.0	0.0	0.0	0.0	-3186719.75	-3186719.75	-3186719.75	-3186719.75	
1.0	2905.0012207	328670.3125	-19.2000007629	2471.39990234	0.0	-22.2999992371	-48.5999984741	793.0	498.0	0.0	13.0	30248.9003906	8125.89990234	0.0	2248.0	0.0	0.0	0.0	0.0	-2729188.75	-2729188.75	-2729188.75	-2729188.75	
