SSRL   MicroEXAFS Data Collector 2.0 
Wed Jul 03 14:24:34 2019
PTS:	171	COLS:	24
alexbox-4ch-xspress.det
RuL3_edge_cell.rgn
SSRL BEAMLINE
COMMENTS





S1VGAP: 0.800000	S1HGAP: 1.000000	TABLEHORZ: 7.000000	SAMPLEV: 41.503226	CALVERT: 4.100521	BPVRT: 46.657988	M1VERT: 6.971044	SAMPLEHOLD: 25.998010	S1HTRAN: 4.775000	

Weights:
 1.000	1.000	1.000	1.000	1.000	1.000	1.000	1.000	1.000	1.000	1.000	1.000	1.000	1.000	1.000	1.000	1.000	1.000	1.000	1.000	1.000	1.000	
Offsets:
 480.9	1036.6	3120.0	0.0	112.4	585.7	0.0	0.0	0.0	0.0	0.2	1.3	0.0	1.5	0.0	0.0	0.0	0.0	79708896.9	79708896.9	79708896.9	79708896.9	
Data:
Real Time Clock
Requested Energy
I0   
I1   
I2   
I3   
MPFB1   
MPFB2   
FF1   
FF2   
FF3   
FF4   
ICR1   
ICR2   
ICR3   
ICR4   
SCA2.1   
SCA2.2   
SCA2.3   
SCA2.4   
TIME1   
TIME2   
TIME3   
TIME4   

1.0	2810.00097656	403853.09375	-99.5999984741	6656.0	0.0	8.60000038147	-8.69999980927	129.0	54.0	0.0	5.0	13935.7998047	5016.70019531	0.0	559.5	0.0	0.0	0.0	0.0	-2897459.0	-2897459.0	-2897459.0	-2897459.0	
1.0	2810.99975586	404108.09375	-96.5999984741	6641.0	0.0	6.59999990463	-7.69999980927	136.0	70.0	0.0	10.0	13944.7998047	5145.70019531	0.0	619.5	0.0	0.0	0.0	0.0	-2618532.0	-2618532.0	-2618532.0	-2618532.0	
1.0	2811.99951172	403602.09375	-98.5999984741	6645.0	0.0	7.59999990463	-6.69999980927	96.0	82.0	0.0	6.0	13370.7998047	5125.70019531	0.0	603.5	0.0	0.0	0.0	0.0	-3140169.0	-3140169.0	-3140169.0	-3140169.0	
1.0	2813.00024414	403670.09375	-99.5999984741	6643.0	0.0	8.60000038147	-10.6999998093	114.0	74.0	0.0	3.0	13208.7998047	5142.70019531	0.0	566.5	0.0	0.0	0.0	0.0	-3540467.0	-3540467.0	-3540467.0	-3540467.0	
1.0	2813.99951172	403500.09375	-109.599998474	6645.0	0.0	13.6000003815	-5.69999980927	135.0	69.0	0.0	9.0	13353.7998047	5218.70019531	0.0	631.5	0.0	0.0	0.0	0.0	-2883777.0	-2883777.0	-2883777.0	-2883777.0	
1.0	2815.0	403680.09375	-111.599998474	6647.0	0.0	10.6000003815	-7.69999980927	111.0	51.0	0.0	4.0	13175.7998047	5147.70019531	0.0	620.5	0.0	0.0	0.0	0.0	-3204585.0	-3204585.0	-3204585.0	-3204585.0	
1.0	2815.99902344	403134.09375	-113.599998474	6650.0	0.0	17.6000003815	-7.69999980927	108.0	65.0	0.0	9.0	13588.7998047	5139.70019531	0.0	644.5	0.0	0.0	0.0	0.0	-2804074.0	-2804074.0	-2804074.0	-2804074.0	
1.0	2816.99902344	403009.09375	-107.599998474	6648.0	0.0	22.6000003815	-6.69999980927	131.0	57.0	0.0	6.0	13617.7998047	5127.70019531	0.0	634.5	0.0	0.0	0.0	0.0	-3108764.0	-3108764.0	-3108764.0	-3108764.0	
1.0	2818.0	403012.09375	-112.599998474	6637.0	0.0	30.6000003815	-8.69999980927	121.0	83.0	0.0	5.0	13770.7998047	5135.70019531	0.0	611.5	0.0	0.0	0.0	0.0	-2879009.0	-2879009.0	-2879009.0	-2879009.0	
1.0	2818.99975586	403000.09375	-113.599998474	6650.0	0.0	31.6000003815	-10.6999998093	118.0	75.0	0.0	0.0	13435.7998047	5142.70019531	0.0	569.5	0.0	0.0	0.0	0.0	-3267688.0	-3267688.0	-3267688.0	-3267688.0	
1.0	2820.00048828	402913.09375	-126.599998474	6657.0	0.0	29.6000003815	-9.69999980927	134.0	63.0	0.0	8.0	13285.7998047	5197.70019531	0.0	606.5	0.0	0.0	0.0	0.0	-3631969.0	-3631969.0	-3631969.0	-3631969.0	
1.0	2820.99975586	402666.09375	-111.599998474	6633.0	0.0	20.6000003815	-8.69999980927	122.0	83.0	0.0	5.0	13686.7998047	5240.70019531	0.0	626.5	0.0	0.0	0.0	0.0	-3128469.0	-3128469.0	-3128469.0	-3128469.0	
1.0	2822.0	402480.09375	-107.599998474	6647.0	0.0	19.6000003815	-9.69999980927	118.0	84.0	0.0	10.0	13192.7998047	5313.70019531	0.0	601.5	0.0	0.0	0.0	0.0	-3026445.0	-3026445.0	-3026445.0	-3026445.0	
1.0	2822.9987793	402318.09375	-110.599998474	6644.0	0.0	21.6000003815	-13.6999998093	113.0	75.0	0.0	7.0	13660.7998047	5059.70019531	0.0	585.5	0.0	0.0	0.0	0.0	-3253047.0	-3253047.0	-3253047.0	-3253047.0	
1.0	2824.0012207	401782.09375	-105.599998474	6647.0	0.0	20.6000003815	-8.69999980927	119.0	92.0	0.0	8.0	13604.7998047	5189.70019531	0.0	596.5	0.0	0.0	0.0	0.0	-2890155.0	-2890155.0	-2890155.0	-2890155.0	
1.0	2824.99951172	401632.09375	-108.599998474	6652.0	0.0	22.6000003815	-8.69999980927	95.0	92.0	0.0	8.0	13316.7998047	5227.70019531	0.0	597.5	0.0	0.0	0.0	0.0	-3290388.0	-3290388.0	-3290388.0	-3290388.0	
1.0	2825.99902344	401562.09375	-107.599998474	6648.0	0.0	19.6000003815	-9.69999980927	102.0	81.0	0.0	7.0	13523.7998047	5236.70019531	0.0	646.5	0.0	0.0	0.0	0.0	-2891885.0	-2891885.0	-2891885.0	-2891885.0	
1.0	2826.99951172	401323.09375	-110.599998474	6638.0	0.0	21.6000003815	-7.69999980927	148.0	101.0	0.0	6.0	13723.7998047	5206.70019531	0.0	536.5	0.0	0.0	0.0	0.0	-2810756.0	-2810756.0	-2810756.0	-2810756.0	
1.0	2828.0012207	401167.09375	-112.599998474	6644.0	0.0	23.6000003815	-8.69999980927	137.0	105.0	0.0	5.0	13618.7998047	5280.70019531	0.0	594.5	0.0	0.0	0.0	0.0	-2871613.0	-2871613.0	-2871613.0	-2871613.0	
1.0	2829.0012207	400939.09375	-108.599998474	6656.0	0.0	22.6000003815	-7.69999980927	126.0	91.0	0.0	3.0	13814.7998047	5172.70019531	0.0	640.5	0.0	0.0	0.0	0.0	-3279138.0	-3279138.0	-3279138.0	-3279138.0	
1.0	2829.99975586	401060.09375	-111.599998474	6648.0	0.0	20.6000003815	-9.69999980927	130.0	115.0	0.0	9.0	13871.7998047	5294.70019531	0.0	610.5	0.0	0.0	0.0	0.0	-3136714.0	-3136714.0	-3136714.0	-3136714.0	
1.0	2830.99951172	401097.09375	-108.599998474	6640.0	0.0	22.6000003815	-6.69999980927	124.0	111.0	0.0	9.0	13642.7998047	5329.70019531	0.0	612.5	0.0	0.0	0.0	0.0	-2834595.0	-2834595.0	-2834595.0	-2834595.0	
1.0	2832.00024414	400994.09375	-106.599998474	6655.0	0.0	23.6000003815	-6.69999980927	123.0	99.0	0.0	8.0	13703.7998047	5327.70019531	0.0	628.5	0.0	0.0	0.0	0.0	-3121704.0	-3121704.0	-3121704.0	-3121704.0	
1.0	2832.99926758	400907.09375	-108.599998474	6650.0	0.0	21.6000003815	-16.7000007629	139.0	102.0	0.0	7.0	13652.7998047	5258.70019531	0.0	631.5	0.0	0.0	0.0	0.0	-2722119.0	-2722119.0	-2722119.0	-2722119.0	
1.0	2833.99951172	400881.09375	-110.599998474	6650.0	0.0	23.6000003815	-5.69999980927	161.0	142.0	0.0	6.0	14045.7998047	5545.70019531	0.0	657.5	0.0	0.0	0.0	0.0	-2919337.0	-2919337.0	-2919337.0	-2919337.0	
1.0	2835.00073242	400865.09375	-109.599998474	6641.0	0.0	23.6000003815	-3.70000004768	146.0	155.0	0.0	9.0	13779.7998047	5247.70019531	0.0	628.5	0.0	0.0	0.0	0.0	-3142329.0	-3142329.0	-3142329.0	-3142329.0	
1.0	2836.00073242	400599.09375	-111.599998474	6653.0	0.0	22.6000003815	-15.6999998093	235.0	217.0	0.0	3.0	13878.7998047	5467.70019531	0.0	617.5	0.0	0.0	0.0	0.0	-2717804.0	-2717804.0	-2717804.0	-2717804.0	
1.0	2836.40039062	400810.09375	-110.599998474	6657.0	0.0	23.6000003815	-5.69999980927	261.0	239.0	0.0	6.0	13825.7998047	5447.70019531	0.0	666.5	0.0	0.0	0.0	0.0	-2908771.0	-2908771.0	-2908771.0	-2908771.0	
1.0	2836.55053711	400620.09375	-107.599998474	6658.0	0.0	24.6000003815	-3.70000004768	264.0	304.0	0.0	7.0	14125.7998047	5629.70019531	0.0	623.5	0.0	0.0	0.0	0.0	-2554814.0	-2554814.0	-2554814.0	-2554814.0	
1.0	2836.70092773	400892.09375	-112.599998474	6641.0	0.0	22.6000003815	-12.6999998093	277.0	289.0	0.0	13.0	13904.7998047	5499.70019531	0.0	627.5	0.0	0.0	0.0	0.0	-3265733.0	-3265733.0	-3265733.0	-3265733.0	
1.0	2836.85107422	400600.09375	-111.599998474	6648.0	0.0	23.6000003815	-15.6999998093	283.0	314.0	0.0	5.0	13954.7998047	5352.70019531	0.0	670.5	0.0	0.0	0.0	0.0	-3945250.0	-3945250.0	-3945250.0	-3945250.0	
1.0	2836.9987793	400329.09375	-109.599998474	6663.0	0.0	22.6000003815	-18.7000007629	315.0	342.0	0.0	7.0	14174.7998047	5546.70019531	0.0	610.5	0.0	0.0	0.0	0.0	-2710169.0	-2710169.0	-2710169.0	-2710169.0	
1.0	2837.14916992	400122.09375	-130.600006104	6652.0	0.0	21.6000003815	-17.7000007629	322.0	420.0	0.0	2.0	14125.7998047	5589.70019531	0.0	624.5	0.0	0.0	0.0	0.0	-2906160.0	-2906160.0	-2906160.0	-2906160.0	
1.0	2837.29956055	400293.09375	-107.599998474	6654.0	0.0	22.6000003815	-16.7000007629	368.0	488.0	0.0	4.0	14157.7998047	5744.70019531	0.0	615.5	0.0	0.0	0.0	0.0	-3070415.0	-3070415.0	-3070415.0	-3070415.0	
1.0	2837.44995117	400624.09375	-108.599998474	6650.0	0.0	15.6000003815	-13.6999998093	383.0	505.0	0.0	5.0	14157.7998047	5633.70019531	0.0	594.5	0.0	0.0	0.0	0.0	-3202555.0	-3202555.0	-3202555.0	-3202555.0	
1.0	2837.6003418	400205.09375	-110.599998474	6647.0	0.0	4.59999990463	0.300000011921	433.0	563.0	0.0	3.0	13949.7998047	5784.70019531	0.0	574.5	0.0	0.0	0.0	0.0	-3275801.0	-3275801.0	-3275801.0	-3275801.0	
1.0	2837.75073242	401738.09375	-106.599998474	6655.0	0.0	19.6000003815	-1.70000004768	462.0	607.0	0.0	5.0	13867.7998047	6056.70019531	0.0	647.5	0.0	0.0	0.0	0.0	-2897569.0	-2897569.0	-2897569.0	-2897569.0	
1.0	2837.90136719	402485.09375	-106.599998474	6659.0	0.0	22.6000003815	-0.699999988079	512.0	708.0	0.0	11.0	14394.7998047	5987.70019531	0.0	609.5	0.0	0.0	0.0	0.0	-2574106.0	-2574106.0	-2574106.0	-2574106.0	
1.0	2838.04907227	403938.09375	-106.599998474	6661.0	0.0	24.6000003815	-0.699999988079	533.0	686.0	0.0	8.0	14471.7998047	6143.70019531	0.0	604.5	0.0	0.0	0.0	0.0	-2695082.0	-2695082.0	-2695082.0	-2695082.0	
1.0	2838.19970703	405182.09375	-109.599998474	6665.0	0.0	22.6000003815	-0.699999988079	571.0	722.0	0.0	7.0	14173.7998047	6173.70019531	0.0	648.5	0.0	0.0	0.0	0.0	-3116074.0	-3116074.0	-3116074.0	-3116074.0	
1.0	2838.35009766	405336.09375	-106.599998474	6647.0	0.0	24.6000003815	-1.70000004768	490.0	709.0	0.0	11.0	14285.7998047	6088.70019531	0.0	645.5	0.0	0.0	0.0	0.0	-2842137.0	-2842137.0	-2842137.0	-2842137.0	
1.0	2838.50073242	405348.09375	-109.599998474	6668.0	0.0	20.6000003815	-1.70000004768	528.0	663.0	0.0	5.0	13720.7998047	6092.70019531	0.0	611.5	0.0	0.0	0.0	0.0	-3311494.0	-3311494.0	-3311494.0	-3311494.0	
1.0	2838.64868164	405268.09375	-106.599998474	6662.0	0.0	20.6000003815	-2.70000004768	520.0	692.0	0.0	9.0	14143.7998047	6057.70019531	0.0	587.5	0.0	0.0	0.0	0.0	-3652814.0	-3652814.0	-3652814.0	-3652814.0	
1.0	2838.79931641	405158.09375	-108.599998474	6657.0	0.0	20.6000003815	-6.69999980927	493.0	655.0	0.0	4.0	14127.7998047	5994.70019531	0.0	613.5	0.0	0.0	0.0	0.0	-3330152.0	-3330152.0	-3330152.0	-3330152.0	
1.0	2838.94995117	405155.09375	-109.599998474	6644.0	0.0	17.6000003815	-5.69999980927	485.0	638.0	0.0	4.0	14343.7998047	5954.70019531	0.0	564.5	0.0	0.0	0.0	0.0	-3240299.0	-3240299.0	-3240299.0	-3240299.0	
1.0	2839.10058594	405250.09375	-105.599998474	6653.0	0.0	18.6000003815	0.300000011921	486.0	665.0	0.0	8.0	14562.7998047	6153.70019531	0.0	606.5	0.0	0.0	0.0	0.0	-2853861.0	-2853861.0	-2853861.0	-2853861.0	
1.0	2839.2487793	404896.09375	-101.599998474	6652.0	0.0	15.6000003815	7.30000019073	484.0	641.0	0.0	12.0	14481.7998047	6040.70019531	0.0	640.5	0.0	0.0	0.0	0.0	-2700845.0	-2700845.0	-2700845.0	-2700845.0	
1.0	2839.39941406	405128.09375	-101.599998474	6662.0	0.0	11.6000003815	11.3000001907	470.0	624.0	0.0	15.0	14246.7998047	6045.70019531	0.0	586.5	0.0	0.0	0.0	0.0	-3298908.0	-3298908.0	-3298908.0	-3298908.0	
1.0	2839.55004883	404932.09375	-99.5999984741	6651.0	0.0	8.60000038147	8.30000019073	507.0	697.0	0.0	9.0	14302.7998047	6144.70019531	0.0	597.5	0.0	0.0	0.0	0.0	-3292406.0	-3292406.0	-3292406.0	-3292406.0	
1.0	2839.70092773	404748.09375	-100.599998474	6653.0	0.0	10.6000003815	10.3000001907	513.0	767.0	0.0	4.0	14669.7998047	6117.70019531	0.0	571.5	0.0	0.0	0.0	0.0	-2986874.0	-2986874.0	-2986874.0	-2986874.0	
1.0	2839.84912109	404699.09375	-99.5999984741	6662.0	0.0	11.6000003815	8.30000019073	523.0	772.0	0.0	6.0	14165.7998047	6157.70019531	0.0	697.5	0.0	0.0	0.0	0.0	-3230483.0	-3230483.0	-3230483.0	-3230483.0	
1.0	2840.0	404718.09375	-99.5999984741	6650.0	0.0	12.6000003815	9.30000019073	617.0	894.0	0.0	11.0	14267.7998047	6331.70019531	0.0	596.5	0.0	0.0	0.0	0.0	-2972366.0	-2972366.0	-2972366.0	-2972366.0	
1.0	2840.15063477	404737.09375	-103.599998474	6650.0	0.0	10.6000003815	13.3000001907	638.0	940.0	0.0	5.0	14100.7998047	6403.70019531	0.0	624.5	0.0	0.0	0.0	0.0	-2608319.0	-2608319.0	-2608319.0	-2608319.0	
1.0	2840.29907227	404868.09375	-99.5999984741	6651.0	0.0	8.60000038147	11.3000001907	732.0	1021.0	0.0	10.0	14286.7998047	6569.70019531	0.0	591.5	0.0	0.0	0.0	0.0	-2948757.0	-2948757.0	-2948757.0	-2948757.0	
1.0	2840.44970703	404256.09375	-97.5999984741	6650.0	0.0	7.59999990463	1.29999995232	734.0	1164.0	0.0	9.0	14183.7998047	6663.70019531	0.0	637.5	0.0	0.0	0.0	0.0	-3322091.0	-3322091.0	-3322091.0	-3322091.0	
1.0	2840.60058594	404384.09375	-100.599998474	6653.0	0.0	9.60000038147	-0.699999988079	870.0	1268.0	0.0	5.0	14795.7998047	6761.70019531	0.0	637.5	0.0	0.0	0.0	0.0	-3257221.0	-3257221.0	-3257221.0	-3257221.0	
1.0	2840.74902344	404687.09375	-98.5999984741	6649.0	0.0	10.6000003815	-3.70000004768	970.0	1467.0	0.0	8.0	14654.7998047	7009.70019531	0.0	630.5	0.0	0.0	0.0	0.0	-2741449.0	-2741449.0	-2741449.0	-2741449.0	
1.0	2840.89990234	404398.09375	-94.5999984741	6650.0	0.0	-2.40000009537	-2.70000004768	1023.0	1583.0	0.0	9.0	14724.7998047	6984.70019531	0.0	642.5	0.0	0.0	0.0	0.0	-3130954.0	-3130954.0	-3130954.0	-3130954.0	
1.0	2841.05102539	404149.09375	-98.5999984741	6655.0	0.0	-8.39999961853	-0.699999988079	1157.0	1712.0	0.0	9.0	15052.7998047	7270.70019531	0.0	645.5	0.0	0.0	0.0	0.0	-3138673.0	-3138673.0	-3138673.0	-3138673.0	
1.0	2841.19921875	404240.09375	-98.5999984741	6658.0	0.0	-9.39999961853	-0.699999988079	1188.0	1865.0	0.0	7.0	14534.7998047	7497.70019531	0.0	665.5	0.0	0.0	0.0	0.0	-3084965.0	-3084965.0	-3084965.0	-3084965.0	
1.0	2841.3503418	404252.09375	-96.5999984741	6660.0	0.0	-7.40000009537	3.29999995232	1283.0	1898.0	0.0	13.0	15046.7998047	7532.70019531	0.0	628.5	0.0	0.0	0.0	0.0	-2609684.0	-2609684.0	-2609684.0	-2609684.0	
1.0	2841.4987793	404035.09375	-99.5999984741	6651.0	0.0	-5.40000009537	1.29999995232	1214.0	2091.0	0.0	7.0	14417.7998047	7771.70019531	0.0	632.5	0.0	0.0	0.0	0.0	-2999516.0	-2999516.0	-2999516.0	-2999516.0	
1.0	2841.64990234	403819.09375	-97.5999984741	6659.0	0.0	-8.39999961853	-0.699999988079	1330.0	2134.0	0.0	6.0	14785.7998047	7709.70019531	0.0	636.5	0.0	0.0	0.0	0.0	-3234446.0	-3234446.0	-3234446.0	-3234446.0	
1.0	2841.80078125	403756.09375	-101.599998474	6645.0	0.0	-8.39999961853	1.29999995232	1302.0	2134.0	0.0	12.0	14857.7998047	7842.70019531	0.0	651.5	0.0	0.0	0.0	0.0	-2856039.0	-2856039.0	-2856039.0	-2856039.0	
1.0	2841.94946289	404109.09375	-98.5999984741	6646.0	0.0	-4.40000009537	0.300000011921	1333.0	1977.0	0.0	8.0	15114.7998047	7660.70019531	0.0	638.5	0.0	0.0	0.0	0.0	-2710862.0	-2710862.0	-2710862.0	-2710862.0	
1.0	2842.10058594	404015.09375	-101.599998474	6658.0	0.0	-5.40000009537	0.300000011921	1261.0	2045.0	0.0	8.0	15041.7998047	7786.70019531	0.0	623.5	0.0	0.0	0.0	0.0	-2734117.0	-2734117.0	-2734117.0	-2734117.0	
1.0	2842.24902344	404086.09375	-100.599998474	6654.0	0.0	-2.40000009537	1.29999995232	1216.0	1832.0	0.0	6.0	14590.7998047	7507.70019531	0.0	589.5	0.0	0.0	0.0	0.0	-2840901.0	-2840901.0	-2840901.0	-2840901.0	
1.0	2842.40014648	403965.09375	-101.599998474	6643.0	0.0	-5.40000009537	-0.699999988079	1142.0	1753.0	0.0	10.0	14973.7998047	7314.70019531	0.0	689.5	0.0	0.0	0.0	0.0	-3260758.0	-3260758.0	-3260758.0	-3260758.0	
1.0	2842.54882812	403848.09375	-100.599998474	6647.0	0.0	-3.40000009537	-1.70000004768	1104.0	1621.0	0.0	11.0	14634.7998047	7127.70019531	0.0	552.5	0.0	0.0	0.0	0.0	-2688304.0	-2688304.0	-2688304.0	-2688304.0	
1.0	2842.69995117	403871.09375	-98.5999984741	6655.0	0.0	-3.40000009537	1.29999995232	993.0	1475.0	0.0	6.0	14415.7998047	6985.70019531	0.0	667.5	0.0	0.0	0.0	0.0	-3076698.0	-3076698.0	-3076698.0	-3076698.0	
1.0	2842.84863281	403644.09375	-98.5999984741	6654.0	0.0	-5.40000009537	0.300000011921	989.0	1341.0	0.0	2.0	14459.7998047	6899.70019531	0.0	590.5	0.0	0.0	0.0	0.0	-2803052.0	-2803052.0	-2803052.0	-2803052.0	
1.0	2843.0	403611.09375	-97.5999984741	6660.0	0.0	-7.40000009537	-0.699999988079	850.0	1316.0	0.0	7.0	14475.7998047	6782.70019531	0.0	582.5	0.0	0.0	0.0	0.0	-2873467.0	-2873467.0	-2873467.0	-2873467.0	
1.0	2843.15136719	403577.09375	-97.5999984741	6660.0	0.0	-5.40000009537	2.29999995232	823.0	1191.0	0.0	5.0	14853.7998047	6686.70019531	0.0	617.5	0.0	0.0	0.0	0.0	-3318873.0	-3318873.0	-3318873.0	-3318873.0	
1.0	2843.30004883	403610.09375	-103.599998474	6647.0	0.0	12.6000003815	3.29999995232	721.0	1100.0	0.0	4.0	14795.7998047	6464.70019531	0.0	627.5	0.0	0.0	0.0	0.0	-2876227.0	-2876227.0	-2876227.0	-2876227.0	
1.0	2843.44873047	403491.09375	-116.599998474	6653.0	0.0	9.60000038147	0.300000011921	713.0	1046.0	0.0	7.0	14398.7998047	6496.70019531	0.0	623.5	0.0	0.0	0.0	0.0	-2664644.0	-2664644.0	-2664644.0	-2664644.0	
1.0	2843.60009766	403424.09375	-100.599998474	6654.0	0.0	10.6000003815	0.300000011921	712.0	951.0	0.0	9.0	14549.7998047	6433.70019531	0.0	593.5	0.0	0.0	0.0	0.0	-3245841.0	-3245841.0	-3245841.0	-3245841.0	
1.0	2843.74902344	403516.09375	-99.5999984741	6655.0	0.0	10.6000003815	1.29999995232	620.0	919.0	0.0	3.0	14274.7998047	6372.70019531	0.0	654.5	0.0	0.0	0.0	0.0	-2770207.0	-2770207.0	-2770207.0	-2770207.0	
1.0	2843.90039062	403321.09375	-101.599998474	6655.0	0.0	10.6000003815	3.29999995232	552.0	863.0	0.0	5.0	13986.7998047	6412.70019531	0.0	668.5	0.0	0.0	0.0	0.0	-3086625.0	-3086625.0	-3086625.0	-3086625.0	
1.0	2844.04907227	403539.09375	-102.599998474	6656.0	0.0	6.59999990463	-1.70000004768	529.0	855.0	0.0	12.0	14282.7998047	6316.70019531	0.0	634.5	0.0	0.0	0.0	0.0	-2755450.0	-2755450.0	-2755450.0	-2755450.0	
1.0	2844.20068359	403319.09375	-100.599998474	6640.0	0.0	9.60000038147	-0.699999988079	585.0	735.0	0.0	4.0	14591.7998047	6196.70019531	0.0	631.5	0.0	0.0	0.0	0.0	-3176142.0	-3176142.0	-3176142.0	-3176142.0	
1.0	2844.34936523	403275.09375	-97.5999984741	6650.0	0.0	11.6000003815	-11.6999998093	554.0	718.0	0.0	8.0	14620.7998047	6148.70019531	0.0	668.5	0.0	0.0	0.0	0.0	-3174111.0	-3174111.0	-3174111.0	-3174111.0	
1.0	2844.50097656	403266.09375	-98.5999984741	6647.0	0.0	8.60000038147	-22.7000007629	525.0	655.0	0.0	6.0	14399.7998047	6062.70019531	0.0	608.5	0.0	0.0	0.0	0.0	-3258514.0	-3258514.0	-3258514.0	-3258514.0	
1.0	2844.64990234	403361.09375	-95.5999984741	6641.0	0.0	7.59999990463	-21.7000007629	524.0	650.0	0.0	4.0	14135.7998047	6020.70019531	0.0	579.5	0.0	0.0	0.0	0.0	-3197075.0	-3197075.0	-3197075.0	-3197075.0	
1.0	2844.79882812	402997.09375	-103.599998474	6653.0	0.0	6.59999990463	-19.7000007629	530.0	662.0	0.0	5.0	14567.7998047	6053.70019531	0.0	625.5	0.0	0.0	0.0	0.0	-2938644.0	-2938644.0	-2938644.0	-2938644.0	
1.0	2844.95043945	402988.09375	-98.5999984741	6654.0	0.0	4.59999990463	-18.7000007629	481.0	576.0	0.0	1.0	14324.7998047	6018.70019531	0.0	656.5	0.0	0.0	0.0	0.0	-3488893.0	-3488893.0	-3488893.0	-3488893.0	
1.0	2845.09936523	403218.09375	-99.5999984741	6654.0	0.0	9.60000038147	-20.7000007629	464.0	667.0	0.0	8.0	14379.7998047	6152.70019531	0.0	648.5	0.0	0.0	0.0	0.0	-3198663.0	-3198663.0	-3198663.0	-3198663.0	
1.0	2845.25097656	403142.09375	-97.5999984741	6648.0	0.0	-0.40000000596	-21.7000007629	513.0	662.0	0.0	7.0	14832.7998047	5901.70019531	0.0	650.5	0.0	0.0	0.0	0.0	-2642755.0	-2642755.0	-2642755.0	-2642755.0	
1.0	2845.40014648	403369.09375	-99.5999984741	6644.0	0.0	-9.39999961853	-21.7000007629	471.0	654.0	0.0	6.0	14311.7998047	5953.70019531	0.0	655.5	0.0	0.0	0.0	0.0	-2951529.0	-2951529.0	-2951529.0	-2951529.0	
1.0	2845.54907227	403138.09375	-97.5999984741	6652.0	0.0	-8.39999961853	-22.7000007629	468.0	609.0	0.0	7.0	14709.7998047	5987.70019531	0.0	609.5	0.0	0.0	0.0	0.0	-2612619.0	-2612619.0	-2612619.0	-2612619.0	
1.0	2845.70092773	402901.09375	-95.5999984741	6658.0	0.0	-6.40000009537	-10.6999998093	446.0	630.0	0.0	7.0	14157.7998047	6007.70019531	0.0	641.5	0.0	0.0	0.0	0.0	-3259320.0	-3259320.0	-3259320.0	-3259320.0	
1.0	2845.85009766	402726.09375	-94.5999984741	6650.0	0.0	-6.40000009537	-6.69999980927	501.0	611.0	0.0	4.0	14764.7998047	6049.70019531	0.0	675.5	0.0	0.0	0.0	0.0	-2918188.0	-2918188.0	-2918188.0	-2918188.0	
1.0	2845.99902344	402879.09375	-98.5999984741	6651.0	0.0	-5.40000009537	-6.69999980927	470.0	575.0	0.0	13.0	14238.7998047	5953.70019531	0.0	595.5	0.0	0.0	0.0	0.0	-3242890.0	-3242890.0	-3242890.0	-3242890.0	
1.0	2846.15087891	402964.09375	-95.5999984741	6655.0	0.0	-13.3999996185	-7.69999980927	474.0	608.0	0.0	8.0	14485.7998047	6065.70019531	0.0	570.5	0.0	0.0	0.0	0.0	-3154395.0	-3154395.0	-3154395.0	-3154395.0	
1.0	2846.30004883	402664.09375	-96.5999984741	6648.0	0.0	-9.39999961853	-7.69999980927	474.0	563.0	0.0	7.0	14600.7998047	6073.70019531	0.0	697.5	0.0	0.0	0.0	0.0	-2638960.0	-2638960.0	-2638960.0	-2638960.0	
1.0	2846.44921875	402743.09375	-97.5999984741	6645.0	0.0	-4.40000009537	-6.69999980927	424.0	606.0	0.0	7.0	14449.7998047	5963.70019531	0.0	642.5	0.0	0.0	0.0	0.0	-3172680.0	-3172680.0	-3172680.0	-3172680.0	
1.0	2846.60107422	402809.09375	-95.5999984741	6674.0	0.0	2.59999990463	-7.69999980927	430.0	526.0	0.0	4.0	14365.7998047	5957.70019531	0.0	638.5	0.0	0.0	0.0	0.0	-3010496.0	-3010496.0	-3010496.0	-3010496.0	
1.0	2846.75024414	402621.09375	-93.5999984741	6656.0	0.0	2.59999990463	-7.69999980927	375.0	547.0	0.0	3.0	13864.7998047	5973.70019531	0.0	583.5	0.0	0.0	0.0	0.0	-3269760.0	-3269760.0	-3269760.0	-3269760.0	
1.0	2846.8996582	402550.09375	-96.5999984741	6649.0	0.0	4.59999990463	-6.69999980927	408.0	515.0	0.0	6.0	14179.7998047	5798.70019531	0.0	664.5	0.0	0.0	0.0	0.0	-2873134.0	-2873134.0	-2873134.0	-2873134.0	
1.0	2847.04907227	402694.09375	-93.5999984741	6655.0	0.0	3.59999990463	-2.70000004768	404.0	495.0	0.0	4.0	14538.7998047	5859.70019531	0.0	631.5	0.0	0.0	0.0	0.0	-2485858.0	-2485858.0	-2485858.0	-2485858.0	
1.0	2847.20092773	402464.09375	-94.5999984741	6642.0	0.0	3.59999990463	-3.70000004768	380.0	474.0	0.0	6.0	14052.7998047	5731.70019531	0.0	627.5	0.0	0.0	0.0	0.0	-3115791.0	-3115791.0	-3115791.0	-3115791.0	
1.0	2847.3503418	402431.09375	-95.5999984741	6654.0	0.0	2.59999990463	-4.69999980927	390.0	444.0	0.0	7.0	14386.7998047	5784.70019531	0.0	639.5	0.0	0.0	0.0	0.0	-3001866.0	-3001866.0	-3001866.0	-3001866.0	
1.0	2847.49951172	402338.09375	-94.5999984741	6655.0	0.0	-9.39999961853	-4.69999980927	337.0	504.0	0.0	5.0	14054.7998047	5890.70019531	0.0	624.5	0.0	0.0	0.0	0.0	-2945987.0	-2945987.0	-2945987.0	-2945987.0	
1.0	2847.64892578	402527.09375	-95.5999984741	6659.0	0.0	-27.3999996185	-7.69999980927	336.0	466.0	0.0	1.0	14187.7998047	5914.70019531	0.0	589.5	0.0	0.0	0.0	0.0	-3190643.0	-3190643.0	-3190643.0	-3190643.0	
1.0	2847.80102539	402391.09375	-91.5999984741	6659.0	0.0	-24.3999996185	-3.70000004768	338.0	441.0	0.0	3.0	14376.7998047	5807.70019531	0.0	585.5	0.0	0.0	0.0	0.0	-2739834.0	-2739834.0	-2739834.0	-2739834.0	
1.0	2847.95043945	402345.09375	-96.5999984741	6641.0	0.0	-24.3999996185	-3.70000004768	342.0	416.0	0.0	5.0	14487.7998047	5788.70019531	0.0	628.5	0.0	0.0	0.0	0.0	-3097475.0	-3097475.0	-3097475.0	-3097475.0	
1.0	2848.09985352	402326.09375	-116.599998474	6652.0	0.0	-21.3999996185	0.300000011921	342.0	436.0	0.0	11.0	14724.7998047	5786.70019531	0.0	622.5	0.0	0.0	0.0	0.0	-2704496.0	-2704496.0	-2704496.0	-2704496.0	
1.0	2848.24951172	402237.09375	-99.5999984741	6660.0	0.0	-21.3999996185	-1.70000004768	332.0	395.0	0.0	7.0	13940.7998047	5769.70019531	0.0	637.5	0.0	0.0	0.0	0.0	-2922054.0	-2922054.0	-2922054.0	-2922054.0	
1.0	2848.39892578	402199.09375	-95.5999984741	6643.0	0.0	-19.3999996185	0.300000011921	309.0	340.0	0.0	6.0	14441.7998047	5583.70019531	0.0	639.5	0.0	0.0	0.0	0.0	-3149228.0	-3149228.0	-3149228.0	-3149228.0	
1.0	2848.55102539	402050.09375	-97.5999984741	6640.0	0.0	-6.40000009537	-1.70000004768	324.0	387.0	0.0	8.0	14240.7998047	5721.70019531	0.0	667.5	0.0	0.0	0.0	0.0	-2859423.0	-2859423.0	-2859423.0	-2859423.0	
1.0	2848.70068359	402031.09375	-99.5999984741	6653.0	0.0	-6.40000009537	-8.69999980927	309.0	408.0	0.0	4.0	14243.7998047	5948.70019531	0.0	594.5	0.0	0.0	0.0	0.0	-2592895.0	-2592895.0	-2592895.0	-2592895.0	
1.0	2848.85009766	401969.09375	-96.5999984741	6651.0	0.0	-4.40000009537	-17.7000007629	328.0	362.0	0.0	6.0	14122.7998047	5875.70019531	0.0	624.5	0.0	0.0	0.0	0.0	-2596382.0	-2596382.0	-2596382.0	-2596382.0	
1.0	2848.99975586	401870.09375	-97.5999984741	6631.0	0.0	-2.40000009537	-1.70000004768	270.0	370.0	0.0	3.0	14193.7998047	5852.70019531	0.0	579.5	0.0	0.0	0.0	0.0	-3121291.0	-3121291.0	-3121291.0	-3121291.0	
1.0	2849.14941406	401523.09375	-95.5999984741	6646.0	0.0	-7.40000009537	1.29999995232	340.0	384.0	0.0	8.0	14777.7998047	5772.70019531	0.0	626.5	0.0	0.0	0.0	0.0	-2628932.0	-2628932.0	-2628932.0	-2628932.0	
1.0	2849.29907227	401864.09375	-100.599998474	6657.0	0.0	-7.40000009537	2.29999995232	289.0	371.0	0.0	8.0	14234.7998047	5824.70019531	0.0	648.5	0.0	0.0	0.0	0.0	-3228441.0	-3228441.0	-3228441.0	-3228441.0	
1.0	2849.44873047	401806.09375	-99.5999984741	6651.0	0.0	-7.40000009537	-4.69999980927	309.0	426.0	0.0	8.0	14376.7998047	5875.70019531	0.0	644.5	0.0	0.0	0.0	0.0	-2551230.0	-2551230.0	-2551230.0	-2551230.0	
1.0	2849.60107422	401842.09375	-102.599998474	6655.0	0.0	-7.40000009537	-0.699999988079	290.0	377.0	0.0	8.0	14496.7998047	5758.70019531	0.0	655.5	0.0	0.0	0.0	0.0	-2844196.0	-2844196.0	-2844196.0	-2844196.0	
1.0	2849.75073242	401789.09375	-98.5999984741	6665.0	0.0	-8.39999961853	9.30000019073	260.0	373.0	0.0	6.0	14026.7998047	5836.70019531	0.0	667.5	0.0	0.0	0.0	0.0	-2553521.0	-2553521.0	-2553521.0	-2553521.0	
1.0	2849.90063477	401629.09375	-98.5999984741	6646.0	0.0	-6.40000009537	8.30000019073	308.0	369.0	0.0	3.0	14432.7998047	5841.70019531	0.0	632.5	0.0	0.0	0.0	0.0	-2926481.0	-2926481.0	-2926481.0	-2926481.0	
1.0	2850.0012207	401456.09375	-98.5999984741	6657.0	0.0	-2.40000009537	7.30000019073	307.0	381.0	0.0	7.0	14533.7998047	5752.70019531	0.0	602.5	0.0	0.0	0.0	0.0	-2901565.0	-2901565.0	-2901565.0	-2901565.0	
1.0	2850.60058594	401337.09375	-97.5999984741	6671.0	0.0	-0.40000000596	10.3000001907	319.0	392.0	0.0	9.0	14676.7998047	5779.70019531	0.0	606.5	0.0	0.0	0.0	0.0	-2623170.0	-2623170.0	-2623170.0	-2623170.0	
1.0	2851.20019531	401606.09375	-96.5999984741	6660.0	0.0	-7.40000009537	-0.699999988079	316.0	375.0	0.0	8.0	14328.7998047	5762.70019531	0.0	603.5	0.0	0.0	0.0	0.0	-2949256.0	-2949256.0	-2949256.0	-2949256.0	
1.0	2851.80029297	401322.09375	-93.5999984741	6646.0	0.0	-8.39999961853	4.30000019073	321.0	449.0	0.0	6.0	14051.7998047	5864.70019531	0.0	656.5	0.0	0.0	0.0	0.0	-2809608.0	-2809608.0	-2809608.0	-2809608.0	
1.0	2852.40063477	401404.09375	-110.599998474	6662.0	0.0	-9.39999961853	5.30000019073	314.0	403.0	0.0	5.0	14064.7998047	5882.70019531	0.0	644.5	0.0	0.0	0.0	0.0	-3337978.0	-3337978.0	-3337978.0	-3337978.0	
1.0	2852.9987793	401409.09375	-98.5999984741	6667.0	0.0	-9.39999961853	5.30000019073	330.0	393.0	0.0	12.0	14169.7998047	5815.70019531	0.0	658.5	0.0	0.0	0.0	0.0	-3228180.0	-3228180.0	-3228180.0	-3228180.0	
1.0	2853.59985352	401395.09375	-93.5999984741	6651.0	0.0	-11.3999996185	3.29999995232	315.0	398.0	0.0	6.0	14272.7998047	5947.70019531	0.0	624.5	0.0	0.0	0.0	0.0	-3298103.0	-3298103.0	-3298103.0	-3298103.0	
1.0	2854.19897461	401356.09375	-93.5999984741	6647.0	0.0	-9.39999961853	9.30000019073	298.0	351.0	0.0	6.0	14575.7998047	5787.70019531	0.0	584.5	0.0	0.0	0.0	0.0	-2525215.0	-2525215.0	-2525215.0	-2525215.0	
1.0	2854.80078125	401471.09375	-99.5999984741	6667.0	0.0	-4.40000009537	9.30000019073	325.0	407.0	0.0	6.0	14387.7998047	5900.70019531	0.0	613.5	0.0	0.0	0.0	0.0	-3038819.0	-3038819.0	-3038819.0	-3038819.0	
1.0	2855.40039062	401177.09375	-96.5999984741	6651.0	0.0	-6.40000009537	7.30000019073	303.0	354.0	0.0	4.0	14182.7998047	5929.70019531	0.0	595.5	0.0	0.0	0.0	0.0	-2639503.0	-2639503.0	-2639503.0	-2639503.0	
1.0	2856.00048828	401175.09375	-96.5999984741	6657.0	0.0	-12.3999996185	7.30000019073	273.0	341.0	0.0	11.0	14046.7998047	5762.70019531	0.0	636.5	0.0	0.0	0.0	0.0	-3193994.0	-3193994.0	-3193994.0	-3193994.0	
1.0	2856.60083008	401294.09375	-97.5999984741	6654.0	0.0	-14.3999996185	7.30000019073	304.0	361.0	0.0	7.0	14312.7998047	5798.70019531	0.0	643.5	0.0	0.0	0.0	0.0	-2519149.0	-2519149.0	-2519149.0	-2519149.0	
1.0	2857.19897461	400763.09375	-95.5999984741	6652.0	0.0	-14.3999996185	11.3000001907	320.0	346.0	0.0	14.0	14511.7998047	5718.70019531	0.0	641.5	0.0	0.0	0.0	0.0	-3321431.0	-3321431.0	-3321431.0	-3321431.0	
1.0	2857.80004883	400809.09375	-95.5999984741	6647.0	0.0	-13.3999996185	6.30000019073	321.0	375.0	0.0	7.0	14545.7998047	5864.70019531	0.0	614.5	0.0	0.0	0.0	0.0	-3018766.0	-3018766.0	-3018766.0	-3018766.0	
1.0	2858.39892578	400715.09375	-99.5999984741	6653.0	0.0	-14.3999996185	-3.70000004768	301.0	347.0	0.0	4.0	14352.7998047	5898.70019531	0.0	589.5	0.0	0.0	0.0	0.0	-2713822.0	-2713822.0	-2713822.0	-2713822.0	
1.0	2859.00073242	400833.09375	-96.5999984741	6654.0	0.0	-14.3999996185	-10.6999998093	307.0	404.0	0.0	10.0	14418.7998047	5895.70019531	0.0	650.5	0.0	0.0	0.0	0.0	-3251584.0	-3251584.0	-3251584.0	-3251584.0	
1.0	2859.6003418	400458.09375	-95.5999984741	6654.0	0.0	-13.3999996185	-12.6999998093	305.0	385.0	0.0	8.0	14358.7998047	5934.70019531	0.0	600.5	0.0	0.0	0.0	0.0	-3299472.0	-3299472.0	-3299472.0	-3299472.0	
1.0	2860.20043945	400446.09375	-101.599998474	6652.0	0.0	-12.3999996185	-13.6999998093	327.0	380.0	0.0	6.0	14513.7998047	5882.70019531	0.0	603.5	0.0	0.0	0.0	0.0	-2967544.0	-2967544.0	-2967544.0	-2967544.0	
1.0	2860.80078125	400164.09375	-99.5999984741	6654.0	0.0	-11.3999996185	-9.69999980927	306.0	371.0	0.0	13.0	14200.7998047	5806.70019531	0.0	645.5	0.0	0.0	0.0	0.0	-2998980.0	-2998980.0	-2998980.0	-2998980.0	
1.0	2861.39892578	400626.09375	-97.5999984741	6649.0	0.0	-14.3999996185	-6.69999980927	310.0	410.0	0.0	9.0	14478.7998047	5953.70019531	0.0	646.5	0.0	0.0	0.0	0.0	-2727697.0	-2727697.0	-2727697.0	-2727697.0	
1.0	2862.0	400181.09375	-98.5999984741	6648.0	0.0	-16.3999996185	-5.69999980927	309.0	415.0	0.0	11.0	14226.7998047	5923.70019531	0.0	622.5	0.0	0.0	0.0	0.0	-3047468.0	-3047468.0	-3047468.0	-3047468.0	
1.0	2862.59887695	400487.09375	-96.5999984741	6654.0	0.0	-15.3999996185	-4.69999980927	310.0	379.0	0.0	4.0	14776.7998047	5848.70019531	0.0	625.5	0.0	0.0	0.0	0.0	-2956471.0	-2956471.0	-2956471.0	-2956471.0	
1.0	2863.20068359	400192.09375	-99.5999984741	6656.0	0.0	-16.3999996185	-2.70000004768	326.0	414.0	0.0	3.0	14998.7998047	5992.70019531	0.0	633.5	0.0	0.0	0.0	0.0	-2681403.0	-2681403.0	-2681403.0	-2681403.0	
1.0	2863.80029297	400208.09375	-99.5999984741	6645.0	0.0	-14.3999996185	-6.69999980927	316.0	370.0	0.0	8.0	14417.7998047	5838.70019531	0.0	626.5	0.0	0.0	0.0	0.0	-2977293.0	-2977293.0	-2977293.0	-2977293.0	
1.0	2864.40014648	400042.09375	-96.5999984741	6666.0	0.0	-11.3999996185	-5.69999980927	296.0	387.0	0.0	4.0	14287.7998047	5726.70019531	0.0	648.5	0.0	0.0	0.0	0.0	-3014720.0	-3014720.0	-3014720.0	-3014720.0	
1.0	2865.00048828	399891.09375	-98.5999984741	6669.0	0.0	-14.3999996185	-3.70000004768	320.0	385.0	0.0	11.0	14718.7998047	5897.70019531	0.0	617.5	0.0	0.0	0.0	0.0	-3036590.0	-3036590.0	-3036590.0	-3036590.0	
1.0	2865.60107422	400021.09375	-95.5999984741	6684.0	0.0	-15.3999996185	-3.70000004768	291.0	396.0	0.0	7.0	14351.7998047	5976.70019531	0.0	612.5	0.0	0.0	0.0	0.0	-2554314.0	-2554314.0	-2554314.0	-2554314.0	
1.0	2866.19946289	400142.09375	-99.5999984741	6651.0	0.0	-18.3999996185	-1.70000004768	324.0	411.0	0.0	6.0	14809.7998047	5963.70019531	0.0	620.5	0.0	0.0	0.0	0.0	-3028529.0	-3028529.0	-3028529.0	-3028529.0	
1.0	2866.80078125	400019.09375	-97.5999984741	6662.0	0.0	-17.3999996185	-0.699999988079	317.0	372.0	0.0	6.0	14417.7998047	5850.70019531	0.0	646.5	0.0	0.0	0.0	0.0	-3253244.0	-3253244.0	-3253244.0	-3253244.0	
1.0	2867.40014648	399782.09375	-96.5999984741	6645.0	0.0	-13.3999996185	-1.70000004768	302.0	355.0	0.0	8.0	14767.7998047	5805.70019531	0.0	688.5	0.0	0.0	0.0	0.0	-3272357.0	-3272357.0	-3272357.0	-3272357.0	
1.0	2867.99951172	399845.09375	-98.5999984741	6662.0	0.0	-14.3999996185	0.300000011921	272.0	368.0	0.0	7.0	14498.7998047	5934.70019531	0.0	650.5	0.0	0.0	0.0	0.0	-2743300.0	-2743300.0	-2743300.0	-2743300.0	
1.0	2868.59936523	399781.09375	-96.5999984741	6666.0	0.0	-13.3999996185	-4.69999980927	298.0	381.0	0.0	11.0	14255.7998047	5971.70019531	0.0	642.5	0.0	0.0	0.0	0.0	-2664238.0	-2664238.0	-2664238.0	-2664238.0	
1.0	2869.19970703	399503.09375	-91.5999984741	6641.0	0.0	-12.3999996185	-2.70000004768	302.0	389.0	0.0	4.0	14575.7998047	5822.70019531	0.0	666.5	0.0	0.0	0.0	0.0	-3225909.0	-3225909.0	-3225909.0	-3225909.0	
1.0	2869.80029297	399295.09375	-80.5999984741	6652.0	0.0	-9.39999961853	-5.69999980927	305.0	388.0	0.0	5.0	14512.7998047	5926.70019531	0.0	649.5	0.0	0.0	0.0	0.0	-3036249.0	-3036249.0	-3036249.0	-3036249.0	
1.0	2870.00048828	399238.09375	-82.5999984741	6664.0	0.0	-9.39999961853	-19.7000007629	315.0	392.0	0.0	6.0	14686.7998047	6031.70019531	0.0	648.5	0.0	0.0	0.0	0.0	-2803762.0	-2803762.0	-2803762.0	-2803762.0	
1.0	2871.5012207	399127.09375	-78.5999984741	6653.0	0.0	-11.3999996185	-15.6999998093	307.0	398.0	0.0	10.0	14671.7998047	6008.70019531	0.0	624.5	0.0	0.0	0.0	0.0	-2567378.0	-2567378.0	-2567378.0	-2567378.0	
1.0	2872.99902344	398739.09375	-75.5999984741	6646.0	0.0	-12.3999996185	-0.699999988079	307.0	390.0	0.0	3.0	14493.7998047	5951.70019531	0.0	624.5	0.0	0.0	0.0	0.0	-2994080.0	-2994080.0	-2994080.0	-2994080.0	
1.0	2874.49902344	398766.09375	-76.5999984741	6651.0	0.0	-11.3999996185	4.30000019073	308.0	394.0	0.0	7.0	14612.7998047	5923.70019531	0.0	632.5	0.0	0.0	0.0	0.0	-2902868.0	-2902868.0	-2902868.0	-2902868.0	
1.0	2876.0012207	398569.09375	-82.5999984741	6650.0	0.0	-11.3999996185	2.29999995232	323.0	405.0	0.0	6.0	14469.7998047	5951.70019531	0.0	646.5	0.0	0.0	0.0	0.0	-3176875.0	-3176875.0	-3176875.0	-3176875.0	
1.0	2877.50048828	398496.09375	-81.5999984741	6664.0	0.0	-10.3999996185	2.29999995232	350.0	470.0	0.0	6.0	14080.7998047	6213.70019531	0.0	677.5	0.0	0.0	0.0	0.0	-2804070.0	-2804070.0	-2804070.0	-2804070.0	
1.0	2878.99951172	398223.09375	-82.5999984741	6642.0	0.0	-12.3999996185	3.29999995232	334.0	441.0	0.0	9.0	14831.7998047	5880.70019531	0.0	659.5	0.0	0.0	0.0	0.0	-3301788.0	-3301788.0	-3301788.0	-3301788.0	
1.0	2880.50048828	398004.09375	-86.5999984741	6660.0	0.0	-7.40000009537	-2.70000004768	350.0	422.0	0.0	5.0	14633.7998047	5921.70019531	0.0	625.5	0.0	0.0	0.0	0.0	-3193752.0	-3193752.0	-3193752.0	-3193752.0	
1.0	2882.0012207	397757.09375	-83.5999984741	6643.0	0.0	-8.39999961853	-11.6999998093	350.0	466.0	0.0	4.0	14707.7998047	5986.70019531	0.0	629.5	0.0	0.0	0.0	0.0	-3238891.0	-3238891.0	-3238891.0	-3238891.0	
1.0	2883.4987793	397348.09375	-79.5999984741	6646.0	0.0	7.59999990463	-9.69999980927	380.0	470.0	0.0	9.0	14587.7998047	5982.70019531	0.0	670.5	0.0	0.0	0.0	0.0	-2873270.0	-2873270.0	-2873270.0	-2873270.0	
1.0	2884.9987793	397360.09375	-85.5999984741	6652.0	0.0	4.59999990463	-9.69999980927	383.0	466.0	0.0	10.0	14926.7998047	5965.70019531	0.0	648.5	0.0	0.0	0.0	0.0	-3043864.0	-3043864.0	-3043864.0	-3043864.0	
1.0	2886.50097656	397341.09375	-99.5999984741	6666.0	0.0	7.59999990463	-9.69999980927	370.0	472.0	0.0	9.0	14913.7998047	6051.70019531	0.0	638.5	0.0	0.0	0.0	0.0	-2888879.0	-2888879.0	-2888879.0	-2888879.0	
1.0	2886.99951172	397454.09375	-98.5999984741	6657.0	0.0	4.59999990463	-10.6999998093	358.0	431.0	0.0	3.0	14720.7998047	6040.70019531	0.0	665.5	0.0	0.0	0.0	0.0	-2553940.0	-2553940.0	-2553940.0	-2553940.0	
1.0	2890.0012207	396845.09375	-102.599998474	6661.0	0.0	-12.3999996185	-10.6999998093	355.0	445.0	0.0	5.0	15042.7998047	6030.70019531	0.0	612.5	0.0	0.0	0.0	0.0	-3138334.0	-3138334.0	-3138334.0	-3138334.0	
1.0	2893.0012207	396796.09375	-101.599998474	6656.0	0.0	-11.3999996185	7.30000019073	323.0	436.0	0.0	11.0	15004.7998047	6173.70019531	0.0	690.5	0.0	0.0	0.0	0.0	-3221710.0	-3221710.0	-3221710.0	-3221710.0	
1.0	2895.99926758	396382.09375	-100.599998474	6670.0	0.0	-11.3999996185	9.30000019073	311.0	453.0	0.0	6.0	15014.7998047	6208.70019531	0.0	653.5	0.0	0.0	0.0	0.0	-2539194.0	-2539194.0	-2539194.0	-2539194.0	
1.0	2899.00097656	395793.09375	-100.599998474	6672.0	0.0	-13.3999996185	10.3000001907	341.0	399.0	0.0	8.0	14996.7998047	6088.70019531	0.0	637.5	0.0	0.0	0.0	0.0	-3107312.0	-3107312.0	-3107312.0	-3107312.0	
1.0	2902.00073242	395474.09375	-97.5999984741	6668.0	0.0	-12.3999996185	10.3000001907	307.0	403.0	0.0	0.0	15427.7998047	6151.70019531	0.0	644.5	0.0	0.0	0.0	0.0	-2698033.0	-2698033.0	-2698033.0	-2698033.0	
1.0	2905.0012207	395427.09375	-100.599998474	6656.0	0.0	-13.3999996185	9.30000019073	288.0	385.0	0.0	7.0	15314.7998047	5899.70019531	0.0	672.5	0.0	0.0	0.0	0.0	-2884155.0	-2884155.0	-2884155.0	-2884155.0	
