SSRL   MicroEXAFS Data Collector 2.0 
Wed Jul 03 11:39:07 2019
PTS:	221	COLS:	24
alexbox-4ch-xspress.det
RuL3_edge_cell.rgn
SSRL BEAMLINE
COMMENTS





S1VGAP: 0.800000	S1HGAP: 0.400000	TABLEHORZ: 6.000000	SAMPLEV: 41.503226	CALVERT: 4.100521	BPVRT: 46.657988	M1VERT: 6.971044	SAMPLEHOLD: 25.998010	S1HTRAN: 4.775000	

Weights:
 1.000	1.000	1.000	1.000	1.000	1.000	1.000	1.000	1.000	1.000	1.000	1.000	1.000	1.000	1.000	1.000	1.000	1.000	1.000	1.000	1.000	1.000	
Offsets:
 480.9	1036.6	3120.0	0.0	112.4	585.7	0.0	0.0	0.0	0.0	0.2	1.3	0.0	1.5	0.0	0.0	0.0	0.0	79708896.9	79708896.9	79708896.9	79708896.9	
Data:
Real Time Clock
Requested Energy
I0   
I1   
I2   
I3   
MPFB1   
MPFB2   
FF1   
FF2   
FF3   
FF4   
ICR1   
ICR2   
ICR3   
ICR4   
SCA2.1   
SCA2.2   
SCA2.3   
SCA2.4   
TIME1   
TIME2   
TIME3   
TIME4   

1.0	2810.00097656	161737.09375	-104.599998474	6103.0	0.0	-0.40000000596	12.3000001907	50.0	35.0	0.0	7.0	4812.79980469	1821.69995117	0.0	233.5	0.0	0.0	0.0	0.0	-3311111.0	-3311111.0	-3311111.0	-3311111.0	
1.0	2810.99975586	161619.09375	-102.599998474	6103.0	0.0	-12.3999996185	13.3000001907	55.0	41.0	0.0	2.0	4762.79980469	1808.69995117	0.0	266.5	0.0	0.0	0.0	0.0	-3261327.0	-3261327.0	-3261327.0	-3261327.0	
1.0	2811.99951172	161637.09375	-103.599998474	6098.0	0.0	-11.3999996185	16.2999992371	45.0	36.0	0.0	2.0	4635.79980469	1851.69995117	0.0	252.5	0.0	0.0	0.0	0.0	-3266975.0	-3266975.0	-3266975.0	-3266975.0	
1.0	2813.00024414	161510.09375	-106.599998474	6103.0	0.0	-11.3999996185	12.3000001907	51.0	29.0	0.0	1.0	4899.79980469	1755.69995117	0.0	250.5	0.0	0.0	0.0	0.0	-2975974.0	-2975974.0	-2975974.0	-2975974.0	
1.0	2813.99951172	161427.09375	-102.599998474	6107.0	0.0	-9.39999961853	13.3000001907	57.0	35.0	0.0	1.0	4695.79980469	1848.69995117	0.0	238.5	0.0	0.0	0.0	0.0	-3042825.0	-3042825.0	-3042825.0	-3042825.0	
1.0	2815.0	161462.09375	-102.599998474	6107.0	0.0	-9.39999961853	15.3000001907	56.0	31.0	0.0	2.0	4980.79980469	1810.69995117	0.0	252.5	0.0	0.0	0.0	0.0	-2884192.0	-2884192.0	-2884192.0	-2884192.0	
1.0	2815.99902344	161311.09375	-101.599998474	6099.0	0.0	3.59999990463	11.3000001907	55.0	42.0	0.0	3.0	4775.79980469	1857.69995117	0.0	251.5	0.0	0.0	0.0	0.0	-2986922.0	-2986922.0	-2986922.0	-2986922.0	
1.0	2816.99902344	161419.09375	-104.599998474	6107.0	0.0	2.59999990463	12.3000001907	61.0	42.0	0.0	6.0	4959.79980469	1871.69995117	0.0	263.5	0.0	0.0	0.0	0.0	-2684457.0	-2684457.0	-2684457.0	-2684457.0	
1.0	2818.0	161220.09375	-104.599998474	6105.0	0.0	0.600000023842	12.3000001907	46.0	30.0	0.0	1.0	4897.79980469	1863.69995117	0.0	228.5	0.0	0.0	0.0	0.0	-3247314.0	-3247314.0	-3247314.0	-3247314.0	
1.0	2818.99975586	161221.09375	-103.599998474	6101.0	0.0	2.59999990463	16.2999992371	46.0	22.0	0.0	0.0	4939.79980469	1780.69995117	0.0	258.5	0.0	0.0	0.0	0.0	-2893329.0	-2893329.0	-2893329.0	-2893329.0	
1.0	2820.00048828	161144.09375	-101.599998474	6106.0	0.0	-16.3999996185	13.3000001907	64.0	35.0	0.0	1.0	4802.79980469	1875.69995117	0.0	254.5	0.0	0.0	0.0	0.0	-3074154.0	-3074154.0	-3074154.0	-3074154.0	
1.0	2820.99975586	161041.09375	-100.599998474	6110.0	0.0	-13.3999996185	15.3000001907	56.0	33.0	0.0	3.0	4885.79980469	1874.69995117	0.0	246.5	0.0	0.0	0.0	0.0	-2707351.0	-2707351.0	-2707351.0	-2707351.0	
1.0	2822.0	160924.09375	-99.5999984741	6105.0	0.0	-15.3999996185	15.3000001907	45.0	45.0	0.0	2.0	4846.79980469	1931.69995117	0.0	226.5	0.0	0.0	0.0	0.0	-2532267.0	-2532267.0	-2532267.0	-2532267.0	
1.0	2822.9987793	160984.09375	-102.599998474	6105.0	0.0	-12.3999996185	15.3000001907	61.0	56.0	0.0	3.0	5068.79980469	1906.69995117	0.0	236.5	0.0	0.0	0.0	0.0	-2724381.0	-2724381.0	-2724381.0	-2724381.0	
1.0	2824.0012207	160844.09375	-100.599998474	6091.0	0.0	-11.3999996185	16.2999992371	75.0	43.0	0.0	0.0	4836.79980469	1927.69995117	0.0	233.5	0.0	0.0	0.0	0.0	-2743169.0	-2743169.0	-2743169.0	-2743169.0	
1.0	2824.99951172	160665.09375	-98.5999984741	6101.0	0.0	-13.3999996185	15.3000001907	69.0	37.0	0.0	2.0	4982.79980469	1871.69995117	0.0	246.5	0.0	0.0	0.0	0.0	-3217631.0	-3217631.0	-3217631.0	-3217631.0	
1.0	2825.99902344	160643.09375	-98.5999984741	6113.0	0.0	-14.3999996185	14.3000001907	50.0	52.0	0.0	3.0	4808.79980469	1890.69995117	0.0	246.5	0.0	0.0	0.0	0.0	-2906190.0	-2906190.0	-2906190.0	-2906190.0	
1.0	2826.99951172	160425.09375	-99.5999984741	6101.0	0.0	-14.3999996185	16.2999992371	67.0	44.0	0.0	2.0	4828.79980469	1977.69995117	0.0	260.5	0.0	0.0	0.0	0.0	-2844646.0	-2844646.0	-2844646.0	-2844646.0	
1.0	2828.0012207	160535.09375	-100.599998474	6088.0	0.0	-15.3999996185	16.2999992371	57.0	41.0	0.0	2.0	4886.79980469	1895.69995117	0.0	245.5	0.0	0.0	0.0	0.0	-2702657.0	-2702657.0	-2702657.0	-2702657.0	
1.0	2829.0012207	160405.09375	-99.5999984741	6100.0	0.0	-10.3999996185	17.2999992371	58.0	50.0	0.0	1.0	4896.79980469	1863.69995117	0.0	266.5	0.0	0.0	0.0	0.0	-3167640.0	-3167640.0	-3167640.0	-3167640.0	
1.0	2829.99975586	160402.09375	-102.599998474	6099.0	0.0	-13.3999996185	16.2999992371	81.0	51.0	0.0	3.0	4970.79980469	1951.69995117	0.0	272.5	0.0	0.0	0.0	0.0	-2740760.0	-2740760.0	-2740760.0	-2740760.0	
1.0	2830.99951172	160358.09375	-98.5999984741	6111.0	0.0	-12.3999996185	15.3000001907	59.0	67.0	0.0	5.0	4932.79980469	1905.69995117	0.0	279.5	0.0	0.0	0.0	0.0	-3174140.0	-3174140.0	-3174140.0	-3174140.0	
1.0	2832.00024414	160308.09375	-102.599998474	6115.0	0.0	-12.3999996185	14.3000001907	61.0	77.0	0.0	5.0	4748.79980469	1974.69995117	0.0	245.5	0.0	0.0	0.0	0.0	-2968795.0	-2968795.0	-2968795.0	-2968795.0	
1.0	2832.99926758	160312.09375	-99.5999984741	6104.0	0.0	-14.3999996185	15.3000001907	78.0	84.0	0.0	3.0	4974.79980469	2027.69995117	0.0	241.5	0.0	0.0	0.0	0.0	-2648770.0	-2648770.0	-2648770.0	-2648770.0	
1.0	2833.99951172	160400.09375	-101.599998474	6091.0	0.0	-18.3999996185	15.3000001907	92.0	90.0	0.0	2.0	4962.79980469	2076.69995117	0.0	258.5	0.0	0.0	0.0	0.0	-3242528.0	-3242528.0	-3242528.0	-3242528.0	
1.0	2835.00073242	160351.09375	-101.599998474	6097.0	0.0	-26.3999996185	15.3000001907	111.0	105.0	0.0	1.0	4964.79980469	2004.69995117	0.0	250.5	0.0	0.0	0.0	0.0	-3109548.0	-3109548.0	-3109548.0	-3109548.0	
1.0	2836.00073242	160359.09375	-106.599998474	6108.0	0.0	-27.3999996185	16.2999992371	128.0	130.0	0.0	1.0	4944.79980469	1947.69995117	0.0	271.5	0.0	0.0	0.0	0.0	-3064743.0	-3064743.0	-3064743.0	-3064743.0	
1.0	2836.40039062	160274.09375	-103.599998474	6112.0	0.0	-30.3999996185	18.2999992371	124.0	174.0	0.0	2.0	5146.79980469	2086.69995117	0.0	238.5	0.0	0.0	0.0	0.0	-2802878.0	-2802878.0	-2802878.0	-2802878.0	
1.0	2836.55053711	160216.09375	-101.599998474	6098.0	0.0	-21.3999996185	14.3000001907	126.0	187.0	0.0	3.0	4959.79980469	2097.69995117	0.0	242.5	0.0	0.0	0.0	0.0	-2513279.0	-2513279.0	-2513279.0	-2513279.0	
1.0	2836.70092773	160181.09375	-106.599998474	6114.0	0.0	-16.3999996185	18.2999992371	148.0	183.0	0.0	1.0	5104.79980469	2075.69995117	0.0	266.5	0.0	0.0	0.0	0.0	-3111841.0	-3111841.0	-3111841.0	-3111841.0	
1.0	2836.85107422	160179.09375	-107.599998474	6110.0	0.0	-14.3999996185	17.2999992371	182.0	199.0	0.0	0.0	5484.79980469	2053.69995117	0.0	265.5	0.0	0.0	0.0	0.0	-2828926.0	-2828926.0	-2828926.0	-2828926.0	
1.0	2836.9987793	160082.09375	-103.599998474	6106.0	0.0	-14.3999996185	16.2999992371	161.0	217.0	0.0	1.0	4963.79980469	2088.69995117	0.0	277.5	0.0	0.0	0.0	0.0	-3168627.0	-3168627.0	-3168627.0	-3168627.0	
1.0	2837.14916992	160175.09375	-102.599998474	6112.0	0.0	-15.3999996185	16.2999992371	158.0	217.0	0.0	1.0	5043.79980469	2080.69995117	0.0	265.5	0.0	0.0	0.0	0.0	-3485610.0	-3485610.0	-3485610.0	-3485610.0	
1.0	2837.29956055	160179.09375	-102.599998474	6112.0	0.0	-16.3999996185	18.2999992371	181.0	237.0	0.0	5.0	5046.79980469	2122.69995117	0.0	250.5	0.0	0.0	0.0	0.0	-2533110.0	-2533110.0	-2533110.0	-2533110.0	
1.0	2837.44995117	160244.09375	-100.599998474	6110.0	0.0	-14.3999996185	18.2999992371	183.0	243.0	0.0	3.0	4963.79980469	2154.69995117	0.0	264.5	0.0	0.0	0.0	0.0	-2914308.0	-2914308.0	-2914308.0	-2914308.0	
1.0	2837.6003418	160121.09375	-102.599998474	6106.0	0.0	-14.3999996185	16.2999992371	166.0	276.0	0.0	3.0	4909.79980469	2170.69995117	0.0	247.5	0.0	0.0	0.0	0.0	-3656995.0	-3656995.0	-3656995.0	-3656995.0	
1.0	2837.75073242	160107.09375	-104.599998474	6101.0	0.0	-12.3999996185	17.2999992371	208.0	301.0	0.0	5.0	4994.79980469	2271.69995117	0.0	257.5	0.0	0.0	0.0	0.0	-2892852.0	-2892852.0	-2892852.0	-2892852.0	
1.0	2837.90136719	160081.09375	-103.599998474	6110.0	0.0	-12.3999996185	17.2999992371	195.0	307.0	0.0	3.0	5050.79980469	2236.69995117	0.0	227.5	0.0	0.0	0.0	0.0	-2731782.0	-2731782.0	-2731782.0	-2731782.0	
1.0	2838.04907227	160113.09375	-104.599998474	6111.0	0.0	-11.3999996185	17.2999992371	214.0	305.0	0.0	4.0	4964.79980469	2179.69995117	0.0	244.5	0.0	0.0	0.0	0.0	-2896010.0	-2896010.0	-2896010.0	-2896010.0	
1.0	2838.19970703	160103.09375	-104.599998474	6101.0	0.0	-9.39999961853	16.2999992371	217.0	372.0	0.0	1.0	5116.79980469	2272.69995117	0.0	264.5	0.0	0.0	0.0	0.0	-2758743.0	-2758743.0	-2758743.0	-2758743.0	
1.0	2838.35009766	160029.09375	-100.599998474	6107.0	0.0	-9.39999961853	18.2999992371	242.0	395.0	0.0	5.0	5088.79980469	2299.69995117	0.0	275.5	0.0	0.0	0.0	0.0	-3251261.0	-3251261.0	-3251261.0	-3251261.0	
1.0	2838.50073242	160156.09375	-102.599998474	6105.0	0.0	-11.3999996185	21.2999992371	260.0	426.0	0.0	8.0	4903.79980469	2399.69995117	0.0	270.5	0.0	0.0	0.0	0.0	-3753248.0	-3753248.0	-3753248.0	-3753248.0	
1.0	2838.64868164	160088.09375	-103.599998474	6112.0	0.0	-4.40000009537	18.2999992371	341.0	492.0	0.0	3.0	5308.79980469	2330.69995117	0.0	248.5	0.0	0.0	0.0	0.0	-3213646.0	-3213646.0	-3213646.0	-3213646.0	
1.0	2838.79931641	159996.09375	-102.599998474	6109.0	0.0	-4.40000009537	17.2999992371	363.0	541.0	0.0	2.0	5048.79980469	2402.69995117	0.0	268.5	0.0	0.0	0.0	0.0	-2907068.0	-2907068.0	-2907068.0	-2907068.0	
1.0	2838.94995117	160019.09375	-103.599998474	6105.0	0.0	-4.40000009537	15.3000001907	349.0	576.0	0.0	7.0	4918.79980469	2463.69995117	0.0	267.5	0.0	0.0	0.0	0.0	-3456851.0	-3456851.0	-3456851.0	-3456851.0	
1.0	2839.10058594	160014.09375	-104.599998474	6115.0	0.0	-1.39999997616	13.3000001907	392.0	647.0	0.0	1.0	4976.79980469	2646.69995117	0.0	217.5	0.0	0.0	0.0	0.0	-3359386.0	-3359386.0	-3359386.0	-3359386.0	
1.0	2839.2487793	160046.09375	-97.5999984741	6106.0	0.0	-0.40000000596	17.2999992371	505.0	797.0	0.0	3.0	5469.79980469	2807.69995117	0.0	237.5	0.0	0.0	0.0	0.0	-3287797.0	-3287797.0	-3287797.0	-3287797.0	
1.0	2839.39941406	159976.09375	-98.5999984741	6098.0	0.0	-1.39999997616	19.2999992371	551.0	854.0	0.0	1.0	5435.79980469	2862.69995117	0.0	234.5	0.0	0.0	0.0	0.0	-3999408.0	-3999408.0	-3999408.0	-3999408.0	
1.0	2839.55004883	160049.09375	-96.5999984741	6102.0	0.0	-2.40000009537	19.2999992371	663.0	1004.0	0.0	1.0	5555.79980469	3020.69995117	0.0	279.5	0.0	0.0	0.0	0.0	-2973665.0	-2973665.0	-2973665.0	-2973665.0	
1.0	2839.70092773	159806.09375	-99.5999984741	6096.0	0.0	-1.39999997616	18.2999992371	680.0	1153.0	0.0	0.0	5531.79980469	3296.69995117	0.0	225.5	0.0	0.0	0.0	0.0	-2555061.0	-2555061.0	-2555061.0	-2555061.0	
1.0	2839.84912109	160063.09375	-99.5999984741	6105.0	0.0	-0.40000000596	17.2999992371	760.0	1274.0	0.0	4.0	5404.79980469	3320.69995117	0.0	240.5	0.0	0.0	0.0	0.0	-2547374.0	-2547374.0	-2547374.0	-2547374.0	
1.0	2840.0	159959.09375	-95.5999984741	6103.0	0.0	18.6000003815	18.2999992371	869.0	1477.0	0.0	2.0	5536.79980469	3604.69995117	0.0	244.5	0.0	0.0	0.0	0.0	-2945213.0	-2945213.0	-2945213.0	-2945213.0	
1.0	2840.15063477	159886.09375	-94.5999984741	6104.0	0.0	21.6000003815	21.2999992371	943.0	1678.0	0.0	4.0	5504.79980469	3809.69995117	0.0	261.5	0.0	0.0	0.0	0.0	-2679399.0	-2679399.0	-2679399.0	-2679399.0	
1.0	2840.29907227	159834.09375	-96.5999984741	6108.0	0.0	21.6000003815	23.2999992371	1073.0	1789.0	0.0	4.0	5546.79980469	3996.69995117	0.0	228.5	0.0	0.0	0.0	0.0	-4045618.0	-4045618.0	-4045618.0	-4045618.0	
1.0	2840.44970703	159848.09375	-97.5999984741	6099.0	0.0	19.6000003815	21.2999992371	1179.0	2135.0	0.0	2.0	5795.79980469	4407.70019531	0.0	228.5	0.0	0.0	0.0	0.0	-2601357.0	-2601357.0	-2601357.0	-2601357.0	
1.0	2840.60058594	159848.09375	-100.599998474	6109.0	0.0	19.6000003815	21.2999992371	1279.0	2362.0	0.0	8.0	5724.79980469	4597.70019531	0.0	256.5	0.0	0.0	0.0	0.0	-2974171.0	-2974171.0	-2974171.0	-2974171.0	
1.0	2840.74902344	159839.09375	-100.599998474	6099.0	0.0	21.6000003815	20.2999992371	1399.0	2390.0	0.0	3.0	6033.79980469	4607.70019531	0.0	236.5	0.0	0.0	0.0	0.0	-3547200.0	-3547200.0	-3547200.0	-3547200.0	
1.0	2840.89990234	159801.09375	-97.5999984741	6101.0	0.0	21.6000003815	18.2999992371	1522.0	2633.0	0.0	3.0	6256.79980469	4976.70019531	0.0	245.5	0.0	0.0	0.0	0.0	-3008486.0	-3008486.0	-3008486.0	-3008486.0	
1.0	2841.05102539	159810.09375	-101.599998474	6098.0	0.0	20.6000003815	19.2999992371	1473.0	2820.0	0.0	3.0	6133.79980469	5167.70019531	0.0	243.5	0.0	0.0	0.0	0.0	-3236877.0	-3236877.0	-3236877.0	-3236877.0	
1.0	2841.19921875	159733.09375	-98.5999984741	6095.0	0.0	20.6000003815	19.2999992371	1555.0	2795.0	0.0	2.0	6253.79980469	5056.70019531	0.0	284.5	0.0	0.0	0.0	0.0	-3191614.0	-3191614.0	-3191614.0	-3191614.0	
1.0	2841.3503418	159721.09375	-103.599998474	6096.0	0.0	18.6000003815	22.2999992371	1542.0	2738.0	0.0	3.0	6142.79980469	5087.70019531	0.0	238.5	0.0	0.0	0.0	0.0	-3061347.0	-3061347.0	-3061347.0	-3061347.0	
1.0	2841.4987793	159731.09375	-102.599998474	6092.0	0.0	18.6000003815	22.2999992371	1490.0	2682.0	0.0	2.0	6224.79980469	4962.70019531	0.0	259.5	0.0	0.0	0.0	0.0	-2585454.0	-2585454.0	-2585454.0	-2585454.0	
1.0	2841.64990234	159679.09375	-99.5999984741	6104.0	0.0	20.6000003815	20.2999992371	1426.0	2564.0	0.0	6.0	6114.79980469	4854.70019531	0.0	239.5	0.0	0.0	0.0	0.0	-2708899.0	-2708899.0	-2708899.0	-2708899.0	
1.0	2841.80078125	159690.09375	-99.5999984741	6091.0	0.0	20.6000003815	10.3000001907	1268.0	2384.0	0.0	5.0	5819.79980469	4607.70019531	0.0	228.5	0.0	0.0	0.0	0.0	-2764125.0	-2764125.0	-2764125.0	-2764125.0	
1.0	2841.94946289	159678.09375	-100.599998474	6095.0	0.0	13.6000003815	10.3000001907	1202.0	2037.0	0.0	2.0	5873.79980469	4236.70019531	0.0	241.5	0.0	0.0	0.0	0.0	-2667934.0	-2667934.0	-2667934.0	-2667934.0	
1.0	2842.10058594	159665.09375	-101.599998474	6112.0	0.0	15.6000003815	13.3000001907	1036.0	1915.0	0.0	1.0	5607.79980469	4060.69995117	0.0	242.5	0.0	0.0	0.0	0.0	-3154086.0	-3154086.0	-3154086.0	-3154086.0	
1.0	2842.24902344	159600.09375	-103.599998474	6098.0	0.0	13.6000003815	18.2999992371	1005.0	1651.0	0.0	4.0	5647.79980469	3804.69995117	0.0	238.5	0.0	0.0	0.0	0.0	-3289103.0	-3289103.0	-3289103.0	-3289103.0	
1.0	2842.40014648	159542.09375	-102.599998474	6104.0	0.0	5.59999990463	24.2999992371	934.0	1535.0	0.0	4.0	5512.79980469	3630.69995117	0.0	242.5	0.0	0.0	0.0	0.0	-2504907.0	-2504907.0	-2504907.0	-2504907.0	
1.0	2842.54882812	159557.09375	-96.5999984741	6102.0	0.0	5.59999990463	23.2999992371	813.0	1333.0	0.0	2.0	5361.79980469	3444.69995117	0.0	259.5	0.0	0.0	0.0	0.0	-3790740.0	-3790740.0	-3790740.0	-3790740.0	
1.0	2842.69995117	159591.09375	-98.5999984741	6097.0	0.0	15.6000003815	20.2999992371	768.0	1266.0	0.0	6.0	5659.79980469	3271.69995117	0.0	275.5	0.0	0.0	0.0	0.0	-2717202.0	-2717202.0	-2717202.0	-2717202.0	
1.0	2842.84863281	159581.09375	-101.599998474	6115.0	0.0	14.6000003815	17.2999992371	691.0	1097.0	0.0	3.0	5454.79980469	3103.69995117	0.0	237.5	0.0	0.0	0.0	0.0	-2709097.0	-2709097.0	-2709097.0	-2709097.0	
1.0	2843.0	159463.09375	-103.599998474	6105.0	0.0	13.6000003815	16.2999992371	651.0	998.0	0.0	1.0	5690.79980469	2986.69995117	0.0	271.5	0.0	0.0	0.0	0.0	-3930800.0	-3930800.0	-3930800.0	-3930800.0	
1.0	2843.15136719	159472.09375	-101.599998474	6101.0	0.0	12.6000003815	13.3000001907	621.0	935.0	0.0	0.0	5798.79980469	2994.69995117	0.0	270.5	0.0	0.0	0.0	0.0	-2921242.0	-2921242.0	-2921242.0	-2921242.0	
1.0	2843.30004883	159483.09375	-100.599998474	6100.0	0.0	12.6000003815	12.3000001907	595.0	906.0	0.0	1.0	5502.79980469	2941.69995117	0.0	271.5	0.0	0.0	0.0	0.0	-2695918.0	-2695918.0	-2695918.0	-2695918.0	
1.0	2843.44873047	159562.09375	-101.599998474	6099.0	0.0	13.6000003815	15.3000001907	545.0	897.0	0.0	0.0	5330.79980469	2935.69995117	0.0	267.5	0.0	0.0	0.0	0.0	-2679689.0	-2679689.0	-2679689.0	-2679689.0	
1.0	2843.60009766	159569.09375	-100.599998474	6105.0	0.0	2.59999990463	14.3000001907	475.0	860.0	0.0	7.0	5300.79980469	2895.69995117	0.0	262.5	0.0	0.0	0.0	0.0	-3140744.0	-3140744.0	-3140744.0	-3140744.0	
1.0	2843.74902344	159378.09375	-103.599998474	6111.0	0.0	-0.40000000596	16.2999992371	569.0	878.0	0.0	2.0	5524.79980469	2892.69995117	0.0	247.5	0.0	0.0	0.0	0.0	-2850141.0	-2850141.0	-2850141.0	-2850141.0	
1.0	2843.90039062	159599.09375	-102.599998474	6104.0	0.0	-2.40000009537	14.3000001907	531.0	858.0	0.0	0.0	5516.79980469	2825.69995117	0.0	253.5	0.0	0.0	0.0	0.0	-4080176.0	-4080176.0	-4080176.0	-4080176.0	
1.0	2844.04907227	159378.09375	-101.599998474	6110.0	0.0	-1.39999997616	14.3000001907	485.0	854.0	0.0	2.0	5374.79980469	2895.69995117	0.0	289.5	0.0	0.0	0.0	0.0	-3183479.0	-3183479.0	-3183479.0	-3183479.0	
1.0	2844.20068359	159401.09375	-99.5999984741	6115.0	0.0	-1.39999997616	-5.69999980927	497.0	797.0	0.0	4.0	5167.79980469	2800.69995117	0.0	245.5	0.0	0.0	0.0	0.0	-3183219.0	-3183219.0	-3183219.0	-3183219.0	
1.0	2844.34936523	159266.09375	-99.5999984741	6095.0	0.0	-2.40000009537	-4.69999980927	518.0	806.0	0.0	5.0	5552.79980469	2863.69995117	0.0	278.5	0.0	0.0	0.0	0.0	-2721007.0	-2721007.0	-2721007.0	-2721007.0	
1.0	2844.50097656	159402.09375	-101.599998474	6089.0	0.0	-1.39999997616	-6.69999980927	496.0	810.0	0.0	2.0	5650.79980469	2820.69995117	0.0	243.5	0.0	0.0	0.0	0.0	-2528969.0	-2528969.0	-2528969.0	-2528969.0	
1.0	2844.64990234	159246.09375	-103.599998474	6099.0	0.0	-0.40000000596	-3.70000004768	442.0	754.0	0.0	1.0	5266.79980469	2817.69995117	0.0	254.5	0.0	0.0	0.0	0.0	-3183387.0	-3183387.0	-3183387.0	-3183387.0	
1.0	2844.79882812	159302.09375	-105.599998474	6106.0	0.0	-3.40000009537	-8.69999980927	470.0	729.0	0.0	5.0	5219.79980469	2743.69995117	0.0	221.5	0.0	0.0	0.0	0.0	-3006411.0	-3006411.0	-3006411.0	-3006411.0	
1.0	2844.95043945	159227.09375	-103.599998474	6105.0	0.0	-4.40000009537	-16.7000007629	421.0	721.0	0.0	4.0	5235.79980469	2727.69995117	0.0	274.5	0.0	0.0	0.0	0.0	-2730966.0	-2730966.0	-2730966.0	-2730966.0	
1.0	2845.09936523	159206.09375	-102.599998474	6109.0	0.0	0.600000023842	-12.6999998093	405.0	717.0	0.0	3.0	5155.79980469	2618.69995117	0.0	254.5	0.0	0.0	0.0	0.0	-3174734.0	-3174734.0	-3174734.0	-3174734.0	
1.0	2845.25097656	159264.09375	-97.5999984741	6102.0	0.0	10.6000003815	-7.69999980927	432.0	649.0	0.0	4.0	5140.79980469	2648.69995117	0.0	255.5	0.0	0.0	0.0	0.0	-2837290.0	-2837290.0	-2837290.0	-2837290.0	
1.0	2845.40014648	159249.09375	-99.5999984741	6092.0	0.0	13.6000003815	-4.69999980927	384.0	637.0	0.0	3.0	5031.79980469	2632.69995117	0.0	238.5	0.0	0.0	0.0	0.0	-2780742.0	-2780742.0	-2780742.0	-2780742.0	
1.0	2845.54907227	159113.09375	-100.599998474	6102.0	0.0	15.6000003815	-6.69999980927	391.0	624.0	0.0	8.0	5137.79980469	2588.69995117	0.0	277.5	0.0	0.0	0.0	0.0	-3234445.0	-3234445.0	-3234445.0	-3234445.0	
1.0	2845.70092773	159212.09375	-102.599998474	6109.0	0.0	15.6000003815	-6.69999980927	351.0	582.0	0.0	0.0	4964.79980469	2625.69995117	0.0	252.5	0.0	0.0	0.0	0.0	-2991543.0	-2991543.0	-2991543.0	-2991543.0	
1.0	2845.85009766	159100.09375	-99.5999984741	6107.0	0.0	15.6000003815	-6.69999980927	367.0	543.0	0.0	1.0	5240.79980469	2559.69995117	0.0	231.5	0.0	0.0	0.0	0.0	-3371624.0	-3371624.0	-3371624.0	-3371624.0	
1.0	2845.99902344	159033.09375	-101.599998474	6102.0	0.0	16.6000003815	-7.69999980927	310.0	521.0	0.0	3.0	4885.79980469	2486.69995117	0.0	259.5	0.0	0.0	0.0	0.0	-3210133.0	-3210133.0	-3210133.0	-3210133.0	
1.0	2846.15087891	159084.09375	-101.599998474	6097.0	0.0	14.6000003815	-8.69999980927	351.0	547.0	0.0	0.0	5442.79980469	2530.69995117	0.0	261.5	0.0	0.0	0.0	0.0	-2904701.0	-2904701.0	-2904701.0	-2904701.0	
1.0	2846.30004883	158968.09375	-108.599998474	6099.0	0.0	13.6000003815	0.300000011921	323.0	521.0	0.0	4.0	5207.79980469	2520.69995117	0.0	253.5	0.0	0.0	0.0	0.0	-3318171.0	-3318171.0	-3318171.0	-3318171.0	
1.0	2846.44921875	159024.09375	-110.599998474	6103.0	0.0	15.6000003815	9.30000019073	346.0	494.0	0.0	3.0	5314.79980469	2388.69995117	0.0	250.5	0.0	0.0	0.0	0.0	-3468955.0	-3468955.0	-3468955.0	-3468955.0	
1.0	2846.60107422	159062.09375	-111.599998474	6107.0	0.0	14.6000003815	10.3000001907	309.0	494.0	0.0	5.0	5099.79980469	2444.69995117	0.0	213.5	0.0	0.0	0.0	0.0	-3219803.0	-3219803.0	-3219803.0	-3219803.0	
1.0	2846.75024414	158953.09375	-111.599998474	6100.0	0.0	15.6000003815	7.30000019073	255.0	495.0	0.0	4.0	5126.79980469	2408.69995117	0.0	260.5	0.0	0.0	0.0	0.0	-3131369.0	-3131369.0	-3131369.0	-3131369.0	
1.0	2846.8996582	158924.09375	-101.599998474	6101.0	0.0	19.6000003815	10.3000001907	300.0	461.0	0.0	2.0	5191.79980469	2361.69995117	0.0	258.5	0.0	0.0	0.0	0.0	-3657033.0	-3657033.0	-3657033.0	-3657033.0	
1.0	2847.04907227	159542.09375	-106.599998474	6102.0	0.0	24.6000003815	13.3000001907	328.0	446.0	0.0	2.0	5083.79980469	2355.69995117	0.0	272.5	0.0	0.0	0.0	0.0	-2933147.0	-2933147.0	-2933147.0	-2933147.0	
1.0	2847.20092773	160076.09375	-101.599998474	6094.0	0.0	22.6000003815	14.3000001907	296.0	480.0	0.0	2.0	5128.79980469	2384.69995117	0.0	269.5	0.0	0.0	0.0	0.0	-2595662.0	-2595662.0	-2595662.0	-2595662.0	
1.0	2847.3503418	160451.09375	-103.599998474	6107.0	0.0	24.6000003815	12.3000001907	304.0	446.0	0.0	3.0	5192.79980469	2383.69995117	0.0	247.5	0.0	0.0	0.0	0.0	-2573661.0	-2573661.0	-2573661.0	-2573661.0	
1.0	2847.49951172	161061.09375	-102.599998474	6101.0	0.0	25.6000003815	13.3000001907	289.0	446.0	0.0	4.0	5355.79980469	2414.69995117	0.0	289.5	0.0	0.0	0.0	0.0	-3593158.0	-3593158.0	-3593158.0	-3593158.0	
1.0	2847.64892578	160966.09375	-103.599998474	6101.0	0.0	25.6000003815	14.3000001907	275.0	471.0	0.0	1.0	4907.79980469	2425.69995117	0.0	257.5	0.0	0.0	0.0	0.0	-3173525.0	-3173525.0	-3173525.0	-3173525.0	
1.0	2847.80102539	160969.09375	-106.599998474	6103.0	0.0	22.6000003815	13.3000001907	303.0	477.0	0.0	5.0	5355.79980469	2404.69995117	0.0	263.5	0.0	0.0	0.0	0.0	-2986959.0	-2986959.0	-2986959.0	-2986959.0	
1.0	2847.95043945	160895.09375	-103.599998474	6108.0	0.0	23.6000003815	14.3000001907	271.0	448.0	0.0	2.0	5015.79980469	2406.69995117	0.0	259.5	0.0	0.0	0.0	0.0	-3449177.0	-3449177.0	-3449177.0	-3449177.0	
1.0	2848.09985352	160816.09375	-105.599998474	6100.0	0.0	13.6000003815	15.3000001907	304.0	422.0	0.0	5.0	5110.79980469	2377.69995117	0.0	266.5	0.0	0.0	0.0	0.0	-2910235.0	-2910235.0	-2910235.0	-2910235.0	
1.0	2848.24951172	160926.09375	-108.599998474	6105.0	0.0	12.6000003815	16.2999992371	279.0	466.0	0.0	1.0	5146.79980469	2423.69995117	0.0	256.5	0.0	0.0	0.0	0.0	-3105968.0	-3105968.0	-3105968.0	-3105968.0	
1.0	2848.39892578	160880.09375	-107.599998474	6100.0	0.0	12.6000003815	11.3000001907	305.0	447.0	0.0	3.0	5052.79980469	2422.69995117	0.0	261.5	0.0	0.0	0.0	0.0	-3776833.0	-3776833.0	-3776833.0	-3776833.0	
1.0	2848.55102539	160763.09375	-104.599998474	6104.0	0.0	5.59999990463	10.3000001907	294.0	461.0	0.0	3.0	5100.79980469	2385.69995117	0.0	241.5	0.0	0.0	0.0	0.0	-3286475.0	-3286475.0	-3286475.0	-3286475.0	
1.0	2848.70068359	160868.09375	-106.599998474	6105.0	0.0	-2.40000009537	13.3000001907	309.0	500.0	0.0	2.0	5418.79980469	2518.69995117	0.0	228.5	0.0	0.0	0.0	0.0	-2964312.0	-2964312.0	-2964312.0	-2964312.0	
1.0	2848.85009766	160851.09375	-105.599998474	6112.0	0.0	13.6000003815	12.3000001907	295.0	493.0	0.0	2.0	5002.79980469	2484.69995117	0.0	240.5	0.0	0.0	0.0	0.0	-3450688.0	-3450688.0	-3450688.0	-3450688.0	
1.0	2848.99975586	160742.09375	-106.599998474	6105.0	0.0	13.6000003815	12.3000001907	311.0	454.0	0.0	3.0	5213.79980469	2459.69995117	0.0	265.5	0.0	0.0	0.0	0.0	-2714451.0	-2714451.0	-2714451.0	-2714451.0	
1.0	2849.14941406	160835.09375	-107.599998474	6111.0	0.0	15.6000003815	7.30000019073	319.0	486.0	0.0	1.0	5556.79980469	2438.69995117	0.0	262.5	0.0	0.0	0.0	0.0	-3055796.0	-3055796.0	-3055796.0	-3055796.0	
1.0	2849.29907227	160841.09375	-107.599998474	6100.0	0.0	13.6000003815	6.30000019073	280.0	526.0	0.0	1.0	4843.79980469	2525.69995117	0.0	247.5	0.0	0.0	0.0	0.0	-3510013.0	-3510013.0	-3510013.0	-3510013.0	
1.0	2849.44873047	160735.09375	-109.599998474	6101.0	0.0	-1.39999997616	-3.70000004768	354.0	472.0	0.0	4.0	5452.79980469	2419.69995117	0.0	253.5	0.0	0.0	0.0	0.0	-2677723.0	-2677723.0	-2677723.0	-2677723.0	
1.0	2849.60107422	160677.09375	-105.599998474	6107.0	0.0	-2.40000009537	-4.69999980927	338.0	522.0	0.0	3.0	5085.79980469	2474.69995117	0.0	265.5	0.0	0.0	0.0	0.0	-2621869.0	-2621869.0	-2621869.0	-2621869.0	
1.0	2849.75073242	160594.09375	-105.599998474	6108.0	0.0	-1.39999997616	-1.70000004768	333.0	536.0	0.0	0.0	5131.79980469	2518.69995117	0.0	218.5	0.0	0.0	0.0	0.0	-2557097.0	-2557097.0	-2557097.0	-2557097.0	
1.0	2849.90063477	160585.09375	-101.599998474	6093.0	0.0	0.600000023842	11.3000001907	349.0	539.0	0.0	1.0	5258.79980469	2446.69995117	0.0	264.5	0.0	0.0	0.0	0.0	-2775992.0	-2775992.0	-2775992.0	-2775992.0	
1.0	2850.05029297	160697.09375	-102.599998474	6107.0	0.0	-0.40000000596	15.3000001907	350.0	538.0	0.0	0.0	5133.79980469	2517.69995117	0.0	251.5	0.0	0.0	0.0	0.0	-3132532.0	-3132532.0	-3132532.0	-3132532.0	
1.0	2850.20019531	160841.09375	-105.599998474	6098.0	0.0	-1.39999997616	13.3000001907	354.0	477.0	0.0	4.0	5467.79980469	2461.69995117	0.0	261.5	0.0	0.0	0.0	0.0	-3972659.0	-3972659.0	-3972659.0	-3972659.0	
1.0	2850.34985352	160717.09375	-103.599998474	6100.0	0.0	-6.40000009537	13.3000001907	308.0	504.0	0.0	0.0	5107.79980469	2534.69995117	0.0	291.5	0.0	0.0	0.0	0.0	-3075514.0	-3075514.0	-3075514.0	-3075514.0	
1.0	2850.49975586	160673.09375	-103.599998474	6125.0	0.0	-10.3999996185	10.3000001907	345.0	489.0	0.0	6.0	5365.79980469	2398.69995117	0.0	286.5	0.0	0.0	0.0	0.0	-2898534.0	-2898534.0	-2898534.0	-2898534.0	
1.0	2850.6496582	160659.09375	-104.599998474	6102.0	0.0	-10.3999996185	11.3000001907	351.0	524.0	0.0	3.0	5394.79980469	2451.69995117	0.0	279.5	0.0	0.0	0.0	0.0	-2568854.0	-2568854.0	-2568854.0	-2568854.0	
1.0	2850.79956055	160748.09375	-105.599998474	6100.0	0.0	-8.39999961853	11.3000001907	355.0	502.0	0.0	3.0	5246.79980469	2501.69995117	0.0	221.5	0.0	0.0	0.0	0.0	-2780745.0	-2780745.0	-2780745.0	-2780745.0	
1.0	2850.94946289	160667.09375	-108.599998474	6100.0	0.0	-9.39999961853	8.30000019073	326.0	492.0	0.0	6.0	5349.79980469	2415.69995117	0.0	275.5	0.0	0.0	0.0	0.0	-3331214.0	-3331214.0	-3331214.0	-3331214.0	
1.0	2851.09936523	160581.09375	-105.599998474	6101.0	0.0	-12.3999996185	12.3000001907	312.0	495.0	0.0	2.0	5199.79980469	2473.69995117	0.0	236.5	0.0	0.0	0.0	0.0	-3777019.0	-3777019.0	-3777019.0	-3777019.0	
1.0	2851.24926758	160602.09375	-101.599998474	6093.0	0.0	-12.3999996185	7.30000019073	318.0	537.0	0.0	1.0	5137.79980469	2564.69995117	0.0	247.5	0.0	0.0	0.0	0.0	-3260327.0	-3260327.0	-3260327.0	-3260327.0	
1.0	2851.39941406	160595.09375	-102.599998474	6101.0	0.0	-7.40000009537	-6.69999980927	320.0	512.0	0.0	4.0	5039.79980469	2510.69995117	0.0	267.5	0.0	0.0	0.0	0.0	-2945292.0	-2945292.0	-2945292.0	-2945292.0	
1.0	2851.54931641	160573.09375	-104.599998474	6094.0	0.0	-7.40000009537	-9.69999980927	336.0	494.0	0.0	3.0	5257.79980469	2423.69995117	0.0	236.5	0.0	0.0	0.0	0.0	-3093164.0	-3093164.0	-3093164.0	-3093164.0	
1.0	2851.69946289	160582.09375	-99.5999984741	6107.0	0.0	-8.39999961853	-9.69999980927	305.0	503.0	0.0	4.0	5143.79980469	2383.69995117	0.0	238.5	0.0	0.0	0.0	0.0	-2704404.0	-2704404.0	-2704404.0	-2704404.0	
1.0	2851.84936523	160414.09375	-102.599998474	6091.0	0.0	-11.3999996185	-16.7000007629	313.0	484.0	0.0	4.0	5157.79980469	2423.69995117	0.0	280.5	0.0	0.0	0.0	0.0	-3158108.0	-3158108.0	-3158108.0	-3158108.0	
1.0	2851.99951172	160385.09375	-102.599998474	6099.0	0.0	-9.39999961853	-19.7000007629	317.0	486.0	0.0	3.0	4981.79980469	2496.69995117	0.0	253.5	0.0	0.0	0.0	0.0	-2544348.0	-2544348.0	-2544348.0	-2544348.0	
1.0	2852.1496582	160587.09375	-103.599998474	6105.0	0.0	-6.40000009537	-17.7000007629	321.0	475.0	0.0	1.0	5177.79980469	2531.69995117	0.0	237.5	0.0	0.0	0.0	0.0	-3069986.0	-3069986.0	-3069986.0	-3069986.0	
1.0	2852.29956055	160549.09375	-101.599998474	6115.0	0.0	-7.40000009537	-17.7000007629	314.0	454.0	0.0	3.0	5184.79980469	2399.69995117	0.0	297.5	0.0	0.0	0.0	0.0	-3254181.0	-3254181.0	-3254181.0	-3254181.0	
1.0	2852.44970703	160405.09375	-100.599998474	6104.0	0.0	-10.3999996185	-19.7000007629	307.0	497.0	0.0	4.0	5359.79980469	2423.69995117	0.0	264.5	0.0	0.0	0.0	0.0	-2761168.0	-2761168.0	-2761168.0	-2761168.0	
1.0	2852.60009766	160422.09375	-111.599998474	6103.0	0.0	-10.3999996185	-13.6999998093	282.0	471.0	0.0	1.0	4932.79980469	2528.69995117	0.0	238.5	0.0	0.0	0.0	0.0	-3059820.0	-3059820.0	-3059820.0	-3059820.0	
1.0	2852.75024414	160525.09375	-101.599998474	6095.0	0.0	-10.3999996185	0.300000011921	298.0	459.0	0.0	2.0	4987.79980469	2439.69995117	0.0	254.5	0.0	0.0	0.0	0.0	-2801925.0	-2801925.0	-2801925.0	-2801925.0	
1.0	2852.90039062	160312.09375	-102.599998474	6103.0	0.0	4.59999990463	0.300000011921	304.0	433.0	0.0	4.0	5410.79980469	2436.69995117	0.0	247.5	0.0	0.0	0.0	0.0	-2487209.0	-2487209.0	-2487209.0	-2487209.0	
1.0	2853.05053711	160543.09375	-102.599998474	6109.0	0.0	5.59999990463	-0.699999988079	276.0	467.0	0.0	3.0	5127.79980469	2398.69995117	0.0	275.5	0.0	0.0	0.0	0.0	-2844359.0	-2844359.0	-2844359.0	-2844359.0	
1.0	2853.20092773	160404.09375	-102.599998474	6095.0	0.0	6.59999990463	0.300000011921	255.0	436.0	0.0	1.0	5153.79980469	2457.69995117	0.0	225.5	0.0	0.0	0.0	0.0	-2554821.0	-2554821.0	-2554821.0	-2554821.0	
1.0	2853.35107422	160524.09375	-101.599998474	6094.0	0.0	4.59999990463	-1.70000004768	257.0	428.0	0.0	2.0	5087.79980469	2360.69995117	0.0	245.5	0.0	0.0	0.0	0.0	-3857389.0	-3857389.0	-3857389.0	-3857389.0	
1.0	2853.4987793	160175.09375	-98.5999984741	6101.0	0.0	5.59999990463	-0.699999988079	272.0	408.0	0.0	4.0	4943.79980469	2428.69995117	0.0	248.5	0.0	0.0	0.0	0.0	-2550250.0	-2550250.0	-2550250.0	-2550250.0	
1.0	2853.64916992	160377.09375	-104.599998474	6104.0	0.0	6.59999990463	-6.69999980927	265.0	439.0	0.0	1.0	5039.79980469	2483.69995117	0.0	297.5	0.0	0.0	0.0	0.0	-2609586.0	-2609586.0	-2609586.0	-2609586.0	
1.0	2853.79956055	160363.09375	-99.5999984741	6104.0	0.0	4.59999990463	-6.69999980927	282.0	443.0	0.0	2.0	5045.79980469	2464.69995117	0.0	257.5	0.0	0.0	0.0	0.0	-3450411.0	-3450411.0	-3450411.0	-3450411.0	
1.0	2853.94995117	160219.09375	-99.5999984741	6091.0	0.0	8.60000038147	-7.69999980927	278.0	450.0	0.0	5.0	5002.79980469	2391.69995117	0.0	268.5	0.0	0.0	0.0	0.0	-3265142.0	-3265142.0	-3265142.0	-3265142.0	
1.0	2854.1003418	160289.09375	-99.5999984741	6105.0	0.0	6.59999990463	-6.69999980927	264.0	420.0	0.0	7.0	5102.79980469	2403.69995117	0.0	282.5	0.0	0.0	0.0	0.0	-2678072.0	-2678072.0	-2678072.0	-2678072.0	
1.0	2854.25073242	160278.09375	-99.5999984741	6104.0	0.0	3.59999990463	-6.69999980927	263.0	412.0	0.0	1.0	5110.79980469	2380.69995117	0.0	244.5	0.0	0.0	0.0	0.0	-2987153.0	-2987153.0	-2987153.0	-2987153.0	
1.0	2854.40112305	160305.09375	-99.5999984741	6092.0	0.0	2.59999990463	-5.69999980927	271.0	410.0	0.0	3.0	5004.79980469	2363.69995117	0.0	250.5	0.0	0.0	0.0	0.0	-3061086.0	-3061086.0	-3061086.0	-3061086.0	
1.0	2854.54907227	160274.09375	-98.5999984741	6106.0	0.0	5.59999990463	-6.69999980927	283.0	445.0	0.0	1.0	4972.79980469	2415.69995117	0.0	272.5	0.0	0.0	0.0	0.0	-3322066.0	-3322066.0	-3322066.0	-3322066.0	
1.0	2854.69946289	160170.09375	-97.5999984741	6101.0	0.0	4.59999990463	-6.69999980927	271.0	415.0	0.0	0.0	5324.79980469	2434.69995117	0.0	207.5	0.0	0.0	0.0	0.0	-3024481.0	-3024481.0	-3024481.0	-3024481.0	
1.0	2854.85009766	160329.09375	-102.599998474	6100.0	0.0	6.59999990463	-5.69999980927	268.0	406.0	0.0	0.0	5214.79980469	2406.69995117	0.0	264.5	0.0	0.0	0.0	0.0	-2734806.0	-2734806.0	-2734806.0	-2734806.0	
1.0	2855.00048828	160255.09375	-100.599998474	6094.0	0.0	4.59999990463	-7.69999980927	279.0	401.0	0.0	1.0	5161.79980469	2353.69995117	0.0	261.5	0.0	0.0	0.0	0.0	-3349438.0	-3349438.0	-3349438.0	-3349438.0	
1.0	2855.15112305	160260.09375	-98.5999984741	6107.0	0.0	12.6000003815	-0.699999988079	275.0	399.0	0.0	2.0	5239.79980469	2356.69995117	0.0	284.5	0.0	0.0	0.0	0.0	-3445443.0	-3445443.0	-3445443.0	-3445443.0	
1.0	2855.29907227	160285.09375	-102.599998474	6108.0	0.0	1.60000002384	3.29999995232	280.0	398.0	0.0	3.0	5353.79980469	2395.69995117	0.0	253.5	0.0	0.0	0.0	0.0	-3276728.0	-3276728.0	-3276728.0	-3276728.0	
1.0	2855.44970703	160286.09375	-113.599998474	6110.0	0.0	3.59999990463	3.29999995232	285.0	402.0	0.0	5.0	5060.79980469	2373.69995117	0.0	260.5	0.0	0.0	0.0	0.0	-3113224.0	-3113224.0	-3113224.0	-3113224.0	
1.0	2855.6003418	160223.09375	-117.599998474	6095.0	0.0	2.59999990463	2.29999995232	247.0	409.0	0.0	4.0	5211.79980469	2286.69995117	0.0	250.5	0.0	0.0	0.0	0.0	-3599691.0	-3599691.0	-3599691.0	-3599691.0	
1.0	2855.75097656	160141.09375	-114.599998474	6101.0	0.0	0.600000023842	6.30000019073	300.0	394.0	0.0	5.0	5313.79980469	2358.69995117	0.0	244.5	0.0	0.0	0.0	0.0	-3124682.0	-3124682.0	-3124682.0	-3124682.0	
1.0	2855.89916992	160218.09375	-117.599998474	6107.0	0.0	0.600000023842	7.30000019073	257.0	376.0	0.0	3.0	5271.79980469	2387.69995117	0.0	263.5	0.0	0.0	0.0	0.0	-2850972.0	-2850972.0	-2850972.0	-2850972.0	
1.0	2856.04980469	160118.09375	-112.599998474	6137.0	0.0	1.60000002384	8.30000019073	263.0	389.0	0.0	4.0	5168.79980469	2275.69995117	0.0	271.5	0.0	0.0	0.0	0.0	-3819927.0	-3819927.0	-3819927.0	-3819927.0	
1.0	2856.20043945	160214.09375	-111.599998474	6103.0	0.0	0.600000023842	9.30000019073	288.0	397.0	0.0	5.0	5275.79980469	2374.69995117	0.0	242.5	0.0	0.0	0.0	0.0	-2826225.0	-2826225.0	-2826225.0	-2826225.0	
1.0	2856.35131836	159880.09375	-115.599998474	6117.0	0.0	-2.40000009537	9.30000019073	280.0	382.0	0.0	3.0	5048.79980469	2336.69995117	0.0	242.5	0.0	0.0	0.0	0.0	-3150944.0	-3150944.0	-3150944.0	-3150944.0	
1.0	2856.49926758	160120.09375	-115.599998474	6100.0	0.0	12.6000003815	8.30000019073	272.0	423.0	0.0	4.0	5220.79980469	2453.69995117	0.0	242.5	0.0	0.0	0.0	0.0	-3588221.0	-3588221.0	-3588221.0	-3588221.0	
1.0	2856.65014648	160021.09375	-113.599998474	6113.0	0.0	14.6000003815	8.30000019073	272.0	408.0	0.0	3.0	5291.79980469	2480.69995117	0.0	261.5	0.0	0.0	0.0	0.0	-3169284.0	-3169284.0	-3169284.0	-3169284.0	
1.0	2856.80102539	160131.09375	-112.599998474	6103.0	0.0	18.6000003815	8.30000019073	249.0	376.0	0.0	4.0	5371.79980469	2293.69995117	0.0	258.5	0.0	0.0	0.0	0.0	-2710626.0	-2710626.0	-2710626.0	-2710626.0	
1.0	2856.94921875	160037.09375	-110.599998474	6105.0	0.0	15.6000003815	10.3000001907	288.0	430.0	0.0	3.0	5244.79980469	2388.69995117	0.0	256.5	0.0	0.0	0.0	0.0	-3212713.0	-3212713.0	-3212713.0	-3212713.0	
1.0	2857.10009766	159994.09375	-118.599998474	6095.0	0.0	14.6000003815	9.30000019073	273.0	400.0	0.0	2.0	5186.79980469	2362.69995117	0.0	264.5	0.0	0.0	0.0	0.0	-2841573.0	-2841573.0	-2841573.0	-2841573.0	
1.0	2857.25097656	159927.09375	-113.599998474	6108.0	0.0	13.6000003815	10.3000001907	264.0	427.0	0.0	3.0	5320.79980469	2445.69995117	0.0	271.5	0.0	0.0	0.0	0.0	-2559301.0	-2559301.0	-2559301.0	-2559301.0	
1.0	2857.39916992	159973.09375	-114.599998474	6111.0	0.0	15.6000003815	11.3000001907	292.0	409.0	0.0	2.0	5272.79980469	2339.69995117	0.0	254.5	0.0	0.0	0.0	0.0	-3326477.0	-3326477.0	-3326477.0	-3326477.0	
1.0	2857.55029297	160137.09375	-113.599998474	6102.0	0.0	14.6000003815	9.30000019073	297.0	391.0	0.0	1.0	5303.79980469	2331.69995117	0.0	267.5	0.0	0.0	0.0	0.0	-2916096.0	-2916096.0	-2916096.0	-2916096.0	
1.0	2857.70117188	160010.09375	-113.599998474	6107.0	0.0	12.6000003815	-1.70000004768	273.0	410.0	0.0	1.0	5127.79980469	2414.69995117	0.0	253.5	0.0	0.0	0.0	0.0	-2529731.0	-2529731.0	-2529731.0	-2529731.0	
1.0	2857.84960938	159993.09375	-115.599998474	6106.0	0.0	12.6000003815	-2.70000004768	307.0	411.0	0.0	1.0	5277.79980469	2427.69995117	0.0	268.5	0.0	0.0	0.0	0.0	-3064355.0	-3064355.0	-3064355.0	-3064355.0	
1.0	2858.00048828	159984.09375	-118.599998474	6089.0	0.0	16.6000003815	-3.70000004768	281.0	456.0	0.0	4.0	5274.79980469	2536.69995117	0.0	252.5	0.0	0.0	0.0	0.0	-2750517.0	-2750517.0	-2750517.0	-2750517.0	
1.0	2858.14892578	159848.09375	-116.599998474	6099.0	0.0	4.59999990463	-2.70000004768	268.0	405.0	0.0	1.0	5054.79980469	2403.69995117	0.0	225.5	0.0	0.0	0.0	0.0	-2621921.0	-2621921.0	-2621921.0	-2621921.0	
1.0	2858.30004883	159838.09375	-116.599998474	6100.0	0.0	5.59999990463	-12.6999998093	286.0	409.0	0.0	1.0	5222.79980469	2423.69995117	0.0	260.5	0.0	0.0	0.0	0.0	-3204640.0	-3204640.0	-3204640.0	-3204640.0	
1.0	2858.45092773	159972.09375	-114.599998474	6106.0	0.0	3.59999990463	-17.7000007629	262.0	418.0	0.0	3.0	5463.79980469	2391.69995117	0.0	279.5	0.0	0.0	0.0	0.0	-2705231.0	-2705231.0	-2705231.0	-2705231.0	
1.0	2858.59960938	159797.09375	-115.599998474	6098.0	0.0	6.59999990463	-16.7000007629	288.0	378.0	0.0	4.0	5335.79980469	2302.69995117	0.0	275.5	0.0	0.0	0.0	0.0	-3015049.0	-3015049.0	-3015049.0	-3015049.0	
1.0	2858.75073242	159813.09375	-114.599998474	6107.0	0.0	8.60000038147	-16.7000007629	269.0	412.0	0.0	1.0	5097.79980469	2447.69995117	0.0	297.5	0.0	0.0	0.0	0.0	-3194882.0	-3194882.0	-3194882.0	-3194882.0	
1.0	2858.89916992	159743.09375	-114.599998474	6101.0	0.0	9.60000038147	-15.6999998093	283.0	435.0	0.0	4.0	5168.79980469	2378.69995117	0.0	294.5	0.0	0.0	0.0	0.0	-2759612.0	-2759612.0	-2759612.0	-2759612.0	
1.0	2859.05029297	159639.09375	-113.599998474	6102.0	0.0	9.60000038147	-11.6999998093	289.0	460.0	0.0	1.0	5151.79980469	2424.69995117	0.0	290.5	0.0	0.0	0.0	0.0	-3149568.0	-3149568.0	-3149568.0	-3149568.0	
1.0	2859.19897461	159746.09375	-114.599998474	6103.0	0.0	7.59999990463	-3.70000004768	291.0	410.0	0.0	4.0	5292.79980469	2412.69995117	0.0	260.5	0.0	0.0	0.0	0.0	-3410242.0	-3410242.0	-3410242.0	-3410242.0	
1.0	2859.35009766	159718.09375	-114.599998474	6107.0	0.0	7.59999990463	-3.70000004768	289.0	394.0	0.0	2.0	5270.79980469	2397.69995117	0.0	253.5	0.0	0.0	0.0	0.0	-3151943.0	-3151943.0	-3151943.0	-3151943.0	
1.0	2859.4987793	159798.09375	-114.599998474	6106.0	0.0	8.60000038147	-3.70000004768	291.0	419.0	0.0	2.0	5242.79980469	2320.69995117	0.0	265.5	0.0	0.0	0.0	0.0	-3095976.0	-3095976.0	-3095976.0	-3095976.0	
1.0	2859.64990234	159707.09375	-111.599998474	6107.0	0.0	4.59999990463	-2.70000004768	276.0	468.0	0.0	2.0	5111.79980469	2443.69995117	0.0	230.5	0.0	0.0	0.0	0.0	-3692304.0	-3692304.0	-3692304.0	-3692304.0	
1.0	2859.80126953	159763.09375	-117.599998474	6101.0	0.0	6.59999990463	-0.699999988079	286.0	436.0	0.0	8.0	5148.79980469	2425.69995117	0.0	261.5	0.0	0.0	0.0	0.0	-3175061.0	-3175061.0	-3175061.0	-3175061.0	
1.0	2859.94995117	159690.09375	-116.599998474	6105.0	0.0	9.60000038147	-1.70000004768	287.0	449.0	0.0	4.0	5236.79980469	2389.69995117	0.0	255.5	0.0	0.0	0.0	0.0	-2796974.0	-2796974.0	-2796974.0	-2796974.0	
1.0	2859.99951172	159773.09375	-117.599998474	6090.0	0.0	-3.40000009537	-0.699999988079	289.0	419.0	0.0	2.0	5114.79980469	2438.69995117	0.0	214.5	0.0	0.0	0.0	0.0	-2784608.0	-2784608.0	-2784608.0	-2784608.0	
1.0	2860.59960938	159584.09375	-115.599998474	6095.0	0.0	5.59999990463	0.300000011921	261.0	464.0	0.0	3.0	5313.79980469	2408.69995117	0.0	260.5	0.0	0.0	0.0	0.0	-2575381.0	-2575381.0	-2575381.0	-2575381.0	
1.0	2861.20043945	159661.09375	-116.599998474	6101.0	0.0	5.59999990463	-1.70000004768	251.0	468.0	0.0	3.0	4989.79980469	2454.69995117	0.0	256.5	0.0	0.0	0.0	0.0	-3029255.0	-3029255.0	-3029255.0	-3029255.0	
1.0	2861.80126953	159568.09375	-117.599998474	6109.0	0.0	11.6000003815	-1.70000004768	278.0	457.0	0.0	5.0	5369.79980469	2432.69995117	0.0	267.5	0.0	0.0	0.0	0.0	-3220174.0	-3220174.0	-3220174.0	-3220174.0	
1.0	2862.39990234	159526.09375	-115.599998474	6104.0	0.0	11.6000003815	6.30000019073	314.0	446.0	0.0	3.0	5378.79980469	2418.69995117	0.0	280.5	0.0	0.0	0.0	0.0	-2545738.0	-2545738.0	-2545738.0	-2545738.0	
1.0	2862.99902344	159597.09375	-123.599998474	6109.0	0.0	12.6000003815	10.3000001907	327.0	448.0	0.0	2.0	5541.79980469	2472.69995117	0.0	251.5	0.0	0.0	0.0	0.0	-3083125.0	-3083125.0	-3083125.0	-3083125.0	
1.0	2863.60107422	159494.09375	-122.599998474	6096.0	0.0	11.6000003815	8.30000019073	306.0	419.0	0.0	0.0	5329.79980469	2405.69995117	0.0	268.5	0.0	0.0	0.0	0.0	-2835300.0	-2835300.0	-2835300.0	-2835300.0	
1.0	2864.20092773	159524.09375	-125.599998474	6109.0	0.0	7.59999990463	9.30000019073	266.0	445.0	0.0	1.0	5127.79980469	2457.69995117	0.0	246.5	0.0	0.0	0.0	0.0	-3276267.0	-3276267.0	-3276267.0	-3276267.0	
1.0	2864.80102539	159383.09375	-126.599998474	6099.0	0.0	9.60000038147	7.30000019073	300.0	434.0	0.0	1.0	5157.79980469	2419.69995117	0.0	258.5	0.0	0.0	0.0	0.0	-2877411.0	-2877411.0	-2877411.0	-2877411.0	
1.0	2865.39916992	159432.09375	-114.599998474	6108.0	0.0	8.60000038147	5.30000019073	283.0	450.0	0.0	2.0	5302.79980469	2410.69995117	0.0	242.5	0.0	0.0	0.0	0.0	-2940085.0	-2940085.0	-2940085.0	-2940085.0	
1.0	2866.0	159354.09375	-115.599998474	6110.0	0.0	8.60000038147	4.30000019073	304.0	439.0	0.0	4.0	5390.79980469	2513.69995117	0.0	238.5	0.0	0.0	0.0	0.0	-3274159.0	-3274159.0	-3274159.0	-3274159.0	
1.0	2866.60131836	159511.09375	-115.599998474	6106.0	0.0	6.59999990463	4.30000019073	270.0	433.0	0.0	1.0	5335.79980469	2410.69995117	0.0	229.5	0.0	0.0	0.0	0.0	-3108688.0	-3108688.0	-3108688.0	-3108688.0	
1.0	2867.20019531	159339.09375	-115.599998474	6105.0	0.0	10.6000003815	7.30000019073	290.0	429.0	0.0	2.0	5432.79980469	2456.69995117	0.0	226.5	0.0	0.0	0.0	0.0	-3255229.0	-3255229.0	-3255229.0	-3255229.0	
1.0	2867.79956055	159291.09375	-110.599998474	6094.0	0.0	8.60000038147	4.30000019073	306.0	453.0	0.0	3.0	5388.79980469	2403.69995117	0.0	245.5	0.0	0.0	0.0	0.0	-3611035.0	-3611035.0	-3611035.0	-3611035.0	
1.0	2868.39941406	159364.09375	-115.599998474	6123.0	0.0	8.60000038147	3.29999995232	265.0	397.0	0.0	5.0	5404.79980469	2358.69995117	0.0	253.5	0.0	0.0	0.0	0.0	-3115905.0	-3115905.0	-3115905.0	-3115905.0	
1.0	2868.99951172	159321.09375	-114.599998474	6117.0	0.0	12.6000003815	6.30000019073	266.0	449.0	0.0	2.0	5333.79980469	2434.69995117	0.0	275.5	0.0	0.0	0.0	0.0	-2845013.0	-2845013.0	-2845013.0	-2845013.0	
1.0	2869.60009766	159438.09375	-115.599998474	6119.0	0.0	9.60000038147	3.29999995232	304.0	419.0	0.0	0.0	5485.79980469	2380.69995117	0.0	246.5	0.0	0.0	0.0	0.0	-2849550.0	-2849550.0	-2849550.0	-2849550.0	
1.0	2870.00048828	159284.09375	-111.599998474	6104.0	0.0	9.60000038147	6.30000019073	273.0	423.0	0.0	2.0	5218.79980469	2455.69995117	0.0	267.5	0.0	0.0	0.0	0.0	-2705160.0	-2705160.0	-2705160.0	-2705160.0	
1.0	2871.5012207	159328.09375	-114.599998474	6088.0	0.0	12.6000003815	-4.69999980927	295.0	471.0	0.0	3.0	5088.79980469	2452.69995117	0.0	245.5	0.0	0.0	0.0	0.0	-3336241.0	-3336241.0	-3336241.0	-3336241.0	
1.0	2872.99902344	159194.09375	-112.599998474	6098.0	0.0	10.6000003815	-4.69999980927	300.0	437.0	0.0	3.0	5254.79980469	2453.69995117	0.0	252.5	0.0	0.0	0.0	0.0	-3179263.0	-3179263.0	-3179263.0	-3179263.0	
1.0	2874.49902344	158990.09375	-112.599998474	6102.0	0.0	12.6000003815	-6.69999980927	314.0	450.0	0.0	3.0	5260.79980469	2467.69995117	0.0	250.5	0.0	0.0	0.0	0.0	-3639367.0	-3639367.0	-3639367.0	-3639367.0	
1.0	2876.0012207	158928.09375	-115.599998474	6100.0	0.0	12.6000003815	2.29999995232	299.0	506.0	0.0	1.0	5257.79980469	2529.69995117	0.0	305.5	0.0	0.0	0.0	0.0	-2585242.0	-2585242.0	-2585242.0	-2585242.0	
1.0	2877.50048828	158876.09375	-113.599998474	6096.0	0.0	11.6000003815	5.30000019073	296.0	491.0	0.0	3.0	5314.79980469	2637.69995117	0.0	291.5	0.0	0.0	0.0	0.0	-2795854.0	-2795854.0	-2795854.0	-2795854.0	
1.0	2878.99951172	158913.09375	-99.5999984741	6106.0	0.0	11.6000003815	1.29999995232	330.0	496.0	0.0	1.0	5310.79980469	2566.69995117	0.0	269.5	0.0	0.0	0.0	0.0	-2615101.0	-2615101.0	-2615101.0	-2615101.0	
1.0	2880.50048828	158729.09375	-100.599998474	6104.0	0.0	11.6000003815	0.300000011921	294.0	536.0	0.0	0.0	5328.79980469	2558.69995117	0.0	272.5	0.0	0.0	0.0	0.0	-3066624.0	-3066624.0	-3066624.0	-3066624.0	
1.0	2882.0012207	158676.09375	-99.5999984741	6108.0	0.0	12.6000003815	-3.70000004768	347.0	617.0	0.0	0.0	5220.79980469	2674.69995117	0.0	292.5	0.0	0.0	0.0	0.0	-2677659.0	-2677659.0	-2677659.0	-2677659.0	
1.0	2883.4987793	158657.09375	-98.5999984741	6102.0	0.0	12.6000003815	-0.699999988079	346.0	556.0	0.0	3.0	5345.79980469	2604.69995117	0.0	270.5	0.0	0.0	0.0	0.0	-3223912.0	-3223912.0	-3223912.0	-3223912.0	
1.0	2884.9987793	158484.09375	-98.5999984741	6100.0	0.0	8.60000038147	-6.69999980927	342.0	542.0	0.0	2.0	5532.79980469	2634.69995117	0.0	254.5	0.0	0.0	0.0	0.0	-2907125.0	-2907125.0	-2907125.0	-2907125.0	
1.0	2886.50097656	158610.09375	-97.5999984741	6105.0	0.0	9.60000038147	-6.69999980927	328.0	541.0	0.0	2.0	5202.79980469	2600.69995117	0.0	267.5	0.0	0.0	0.0	0.0	-2792560.0	-2792560.0	-2792560.0	-2792560.0	
1.0	2886.99951172	158504.09375	-98.5999984741	6098.0	0.0	12.6000003815	-3.70000004768	345.0	530.0	0.0	4.0	5284.79980469	2482.69995117	0.0	262.5	0.0	0.0	0.0	0.0	-2810901.0	-2810901.0	-2810901.0	-2810901.0	
1.0	2890.0012207	158386.09375	-101.599998474	6103.0	0.0	8.60000038147	-4.69999980927	365.0	550.0	0.0	4.0	5678.79980469	2551.69995117	0.0	271.5	0.0	0.0	0.0	0.0	-3104689.0	-3104689.0	-3104689.0	-3104689.0	
1.0	2893.0012207	158412.09375	-101.599998474	6102.0	0.0	15.6000003815	9.30000019073	330.0	509.0	0.0	6.0	5573.79980469	2531.69995117	0.0	297.5	0.0	0.0	0.0	0.0	-2918958.0	-2918958.0	-2918958.0	-2918958.0	
1.0	2895.99926758	158181.09375	-102.599998474	6106.0	0.0	3.59999990463	14.3000001907	313.0	467.0	0.0	1.0	5273.79980469	2503.69995117	0.0	276.5	0.0	0.0	0.0	0.0	-2766085.0	-2766085.0	-2766085.0	-2766085.0	
1.0	2899.00097656	158032.09375	-103.599998474	6108.0	0.0	6.59999990463	15.3000001907	318.0	489.0	0.0	3.0	5297.79980469	2669.69995117	0.0	242.5	0.0	0.0	0.0	0.0	-2726311.0	-2726311.0	-2726311.0	-2726311.0	
1.0	2902.00073242	157941.09375	-102.599998474	6105.0	0.0	-1.39999997616	13.3000001907	291.0	465.0	0.0	3.0	5461.79980469	2483.69995117	0.0	280.5	0.0	0.0	0.0	0.0	-3326534.0	-3326534.0	-3326534.0	-3326534.0	
1.0	2905.0012207	157744.09375	-106.599998474	6117.0	0.0	12.6000003815	-4.69999980927	312.0	495.0	0.0	1.0	5446.79980469	2573.69995117	0.0	316.5	0.0	0.0	0.0	0.0	-3214515.0	-3214515.0	-3214515.0	-3214515.0	
