SSRL   MicroEXAFS Data Collector 2.0 
Wed Jul 03 11:54:04 2019
PTS:	221	COLS:	24
alexbox-4ch-xspress.det
RuL3_edge_cell.rgn
SSRL BEAMLINE
COMMENTS





S1VGAP: 0.800000	S1HGAP: 0.400000	TABLEHORZ: 6.000000	SAMPLEV: 41.503226	CALVERT: 4.100521	BPVRT: 46.657988	M1VERT: 6.971044	SAMPLEHOLD: 25.998010	S1HTRAN: 4.775000	

Weights:
 1.000	1.000	1.000	1.000	1.000	1.000	1.000	1.000	1.000	1.000	1.000	1.000	1.000	1.000	1.000	1.000	1.000	1.000	1.000	1.000	1.000	1.000	
Offsets:
 480.9	1036.6	3120.0	0.0	112.4	585.7	0.0	0.0	0.0	0.0	0.2	1.3	0.0	1.5	0.0	0.0	0.0	0.0	79708896.9	79708896.9	79708896.9	79708896.9	
Data:
Real Time Clock
Requested Energy
I0   
I1   
I2   
I3   
MPFB1   
MPFB2   
FF1   
FF2   
FF3   
FF4   
ICR1   
ICR2   
ICR3   
ICR4   
SCA2.1   
SCA2.2   
SCA2.3   
SCA2.4   
TIME1   
TIME2   
TIME3   
TIME4   

1.0	2810.00097656	162081.09375	-99.5999984741	6095.0	0.0	-23.3999996185	8.30000019073	52.0	39.0	0.0	1.0	4825.79980469	1878.69995117	0.0	242.5	0.0	0.0	0.0	0.0	-2784644.0	-2784644.0	-2784644.0	-2784644.0	
1.0	2810.99975586	161806.09375	-98.5999984741	6093.0	0.0	-21.3999996185	10.3000001907	62.0	37.0	0.0	3.0	4733.79980469	1761.69995117	0.0	261.5	0.0	0.0	0.0	0.0	-3073475.0	-3073475.0	-3073475.0	-3073475.0	
1.0	2811.99951172	161901.09375	-101.599998474	6094.0	0.0	-16.3999996185	10.3000001907	48.0	27.0	0.0	4.0	4795.79980469	1854.69995117	0.0	268.5	0.0	0.0	0.0	0.0	-2752598.0	-2752598.0	-2752598.0	-2752598.0	
1.0	2813.00024414	161826.09375	-100.599998474	6101.0	0.0	-9.39999961853	11.3000001907	53.0	49.0	0.0	3.0	4775.79980469	1926.69995117	0.0	263.5	0.0	0.0	0.0	0.0	-3347345.0	-3347345.0	-3347345.0	-3347345.0	
1.0	2813.99951172	161783.09375	-103.599998474	6105.0	0.0	-12.3999996185	9.30000019073	55.0	38.0	0.0	3.0	4882.79980469	1838.69995117	0.0	262.5	0.0	0.0	0.0	0.0	-3040602.0	-3040602.0	-3040602.0	-3040602.0	
1.0	2815.0	161729.09375	-104.599998474	6101.0	0.0	-12.3999996185	7.30000019073	53.0	37.0	0.0	3.0	4649.79980469	1885.69995117	0.0	255.5	0.0	0.0	0.0	0.0	-3045347.0	-3045347.0	-3045347.0	-3045347.0	
1.0	2815.99902344	161762.09375	-100.599998474	6089.0	0.0	-15.3999996185	13.3000001907	44.0	34.0	0.0	4.0	4756.79980469	1816.69995117	0.0	250.5	0.0	0.0	0.0	0.0	-2933660.0	-2933660.0	-2933660.0	-2933660.0	
1.0	2816.99902344	161630.09375	-102.599998474	6091.0	0.0	-13.3999996185	14.3000001907	66.0	37.0	0.0	5.0	4661.79980469	1916.69995117	0.0	236.5	0.0	0.0	0.0	0.0	-3134247.0	-3134247.0	-3134247.0	-3134247.0	
1.0	2818.0	161662.09375	-103.599998474	6101.0	0.0	-12.3999996185	13.3000001907	41.0	41.0	0.0	3.0	4830.79980469	1905.69995117	0.0	247.5	0.0	0.0	0.0	0.0	-2938041.0	-2938041.0	-2938041.0	-2938041.0	
1.0	2818.99975586	161478.09375	-105.599998474	6101.0	0.0	-6.40000009537	19.2999992371	51.0	42.0	0.0	0.0	4865.79980469	1804.69995117	0.0	241.5	0.0	0.0	0.0	0.0	-2909254.0	-2909254.0	-2909254.0	-2909254.0	
1.0	2820.00048828	161382.09375	-103.599998474	6100.0	0.0	2.59999990463	14.3000001907	56.0	34.0	0.0	2.0	4971.79980469	1878.69995117	0.0	242.5	0.0	0.0	0.0	0.0	-2767594.0	-2767594.0	-2767594.0	-2767594.0	
1.0	2820.99975586	161433.09375	-105.599998474	6088.0	0.0	1.60000002384	6.30000019073	56.0	43.0	0.0	2.0	4927.79980469	1879.69995117	0.0	215.5	0.0	0.0	0.0	0.0	-2754384.0	-2754384.0	-2754384.0	-2754384.0	
1.0	2822.0	161311.09375	-101.599998474	6074.0	0.0	12.6000003815	1.29999995232	52.0	49.0	0.0	3.0	5010.79980469	1884.69995117	0.0	237.5	0.0	0.0	0.0	0.0	-2997287.0	-2997287.0	-2997287.0	-2997287.0	
1.0	2822.9987793	161387.09375	-103.599998474	6098.0	0.0	17.6000003815	1.29999995232	66.0	51.0	0.0	3.0	4660.79980469	1881.69995117	0.0	258.5	0.0	0.0	0.0	0.0	-2919766.0	-2919766.0	-2919766.0	-2919766.0	
1.0	2824.0012207	161285.09375	-105.599998474	6093.0	0.0	18.6000003815	1.29999995232	52.0	48.0	0.0	3.0	4855.79980469	1920.69995117	0.0	246.5	0.0	0.0	0.0	0.0	-2721596.0	-2721596.0	-2721596.0	-2721596.0	
1.0	2824.99951172	161067.09375	-103.599998474	6101.0	0.0	18.6000003815	-4.69999980927	60.0	52.0	0.0	5.0	4901.79980469	1920.69995117	0.0	274.5	0.0	0.0	0.0	0.0	-2937589.0	-2937589.0	-2937589.0	-2937589.0	
1.0	2825.99902344	161076.09375	-102.599998474	6087.0	0.0	20.6000003815	1.29999995232	65.0	62.0	0.0	3.0	4908.79980469	1898.69995117	0.0	264.5	0.0	0.0	0.0	0.0	-3046968.0	-3046968.0	-3046968.0	-3046968.0	
1.0	2826.99951172	160913.09375	-104.599998474	6096.0	0.0	18.6000003815	4.30000019073	59.0	54.0	0.0	7.0	5069.79980469	2002.69995117	0.0	256.5	0.0	0.0	0.0	0.0	-3113901.0	-3113901.0	-3113901.0	-3113901.0	
1.0	2828.0012207	160833.09375	-106.599998474	6097.0	0.0	18.6000003815	3.29999995232	64.0	49.0	0.0	2.0	4946.79980469	1915.69995117	0.0	276.5	0.0	0.0	0.0	0.0	-2649997.0	-2649997.0	-2649997.0	-2649997.0	
1.0	2829.0012207	160796.09375	-104.599998474	6093.0	0.0	16.6000003815	4.30000019073	70.0	51.0	0.0	3.0	4822.79980469	1843.69995117	0.0	303.5	0.0	0.0	0.0	0.0	-3163421.0	-3163421.0	-3163421.0	-3163421.0	
1.0	2829.99975586	160806.09375	-107.599998474	6102.0	0.0	18.6000003815	1.29999995232	53.0	57.0	0.0	6.0	5049.79980469	1906.69995117	0.0	245.5	0.0	0.0	0.0	0.0	-2587207.0	-2587207.0	-2587207.0	-2587207.0	
1.0	2830.99951172	160687.09375	-104.599998474	6099.0	0.0	19.6000003815	7.30000019073	87.0	73.0	0.0	3.0	5114.79980469	1887.69995117	0.0	236.5	0.0	0.0	0.0	0.0	-3109390.0	-3109390.0	-3109390.0	-3109390.0	
1.0	2832.00024414	160603.09375	-103.599998474	6097.0	0.0	18.6000003815	-3.70000004768	80.0	70.0	0.0	4.0	5054.79980469	1955.69995117	0.0	240.5	0.0	0.0	0.0	0.0	-2604272.0	-2604272.0	-2604272.0	-2604272.0	
1.0	2832.99926758	160720.09375	-105.599998474	6094.0	0.0	16.6000003815	6.30000019073	83.0	91.0	0.0	1.0	5070.79980469	1982.69995117	0.0	228.5	0.0	0.0	0.0	0.0	-3096661.0	-3096661.0	-3096661.0	-3096661.0	
1.0	2833.99951172	160726.09375	-103.599998474	6090.0	0.0	16.6000003815	8.30000019073	89.0	115.0	0.0	2.0	5104.79980469	2084.69995117	0.0	265.5	0.0	0.0	0.0	0.0	-2574393.0	-2574393.0	-2574393.0	-2574393.0	
1.0	2835.00073242	160529.09375	-103.599998474	6104.0	0.0	17.6000003815	4.30000019073	106.0	121.0	0.0	1.0	5035.79980469	2041.69995117	0.0	266.5	0.0	0.0	0.0	0.0	-2838880.0	-2838880.0	-2838880.0	-2838880.0	
1.0	2836.00073242	160581.09375	-102.599998474	6094.0	0.0	5.59999990463	3.29999995232	132.0	166.0	0.0	4.0	5060.79980469	2031.69995117	0.0	246.5	0.0	0.0	0.0	0.0	-2545144.0	-2545144.0	-2545144.0	-2545144.0	
1.0	2836.40039062	160601.09375	-101.599998474	6104.0	0.0	-0.40000000596	6.30000019073	133.0	214.0	0.0	5.0	5153.79980469	2017.69995117	0.0	247.5	0.0	0.0	0.0	0.0	-3152033.0	-3152033.0	-3152033.0	-3152033.0	
1.0	2836.55053711	160537.09375	-103.599998474	6092.0	0.0	-0.40000000596	4.30000019073	154.0	180.0	0.0	1.0	4931.79980469	2140.69995117	0.0	276.5	0.0	0.0	0.0	0.0	-3051215.0	-3051215.0	-3051215.0	-3051215.0	
1.0	2836.70092773	160541.09375	-103.599998474	6107.0	0.0	-1.39999997616	-4.69999980927	156.0	217.0	0.0	1.0	5082.79980469	2207.69995117	0.0	272.5	0.0	0.0	0.0	0.0	-2953988.0	-2953988.0	-2953988.0	-2953988.0	
1.0	2836.85107422	160489.09375	-105.599998474	6102.0	0.0	-0.40000000596	-15.6999998093	120.0	207.0	0.0	3.0	4912.79980469	2180.69995117	0.0	256.5	0.0	0.0	0.0	0.0	-2816382.0	-2816382.0	-2816382.0	-2816382.0	
1.0	2836.9987793	160475.09375	-114.599998474	6098.0	0.0	-2.40000009537	-11.6999998093	171.0	188.0	0.0	6.0	5189.79980469	2108.69995117	0.0	240.5	0.0	0.0	0.0	0.0	-2918839.0	-2918839.0	-2918839.0	-2918839.0	
1.0	2837.14916992	160473.09375	-106.599998474	6097.0	0.0	-2.40000009537	-13.6999998093	183.0	244.0	0.0	5.0	5410.79980469	2250.69995117	0.0	239.5	0.0	0.0	0.0	0.0	-2893188.0	-2893188.0	-2893188.0	-2893188.0	
1.0	2837.29956055	160477.09375	-105.599998474	6095.0	0.0	1.60000002384	-14.6999998093	176.0	235.0	0.0	1.0	5110.79980469	2145.69995117	0.0	274.5	0.0	0.0	0.0	0.0	-3402096.0	-3402096.0	-3402096.0	-3402096.0	
1.0	2837.44995117	160359.09375	-107.599998474	6107.0	0.0	-2.40000009537	-2.70000004768	203.0	263.0	0.0	2.0	5051.79980469	2230.69995117	0.0	258.5	0.0	0.0	0.0	0.0	-2911760.0	-2911760.0	-2911760.0	-2911760.0	
1.0	2837.6003418	160455.09375	-105.599998474	6113.0	0.0	-2.40000009537	11.3000001907	173.0	244.0	0.0	4.0	4871.79980469	2233.69995117	0.0	249.5	0.0	0.0	0.0	0.0	-3362728.0	-3362728.0	-3362728.0	-3362728.0	
1.0	2837.75073242	160445.09375	-105.599998474	6080.0	0.0	4.59999990463	13.3000001907	175.0	264.0	0.0	3.0	5085.79980469	2236.69995117	0.0	266.5	0.0	0.0	0.0	0.0	-3121469.0	-3121469.0	-3121469.0	-3121469.0	
1.0	2837.90136719	160433.09375	-105.599998474	6100.0	0.0	2.59999990463	16.2999992371	218.0	293.0	0.0	5.0	4928.79980469	2198.69995117	0.0	237.5	0.0	0.0	0.0	0.0	-3144741.0	-3144741.0	-3144741.0	-3144741.0	
1.0	2838.04907227	160308.09375	-102.599998474	6100.0	0.0	7.59999990463	17.2999992371	249.0	344.0	0.0	8.0	5450.79980469	2241.69995117	0.0	262.5	0.0	0.0	0.0	0.0	-3702872.0	-3702872.0	-3702872.0	-3702872.0	
1.0	2838.19970703	160456.09375	-102.599998474	6089.0	0.0	8.60000038147	16.2999992371	235.0	367.0	0.0	5.0	5270.79980469	2273.69995117	0.0	266.5	0.0	0.0	0.0	0.0	-2803408.0	-2803408.0	-2803408.0	-2803408.0	
1.0	2838.35009766	160331.09375	-101.599998474	6095.0	0.0	6.59999990463	15.3000001907	262.0	416.0	0.0	1.0	4990.79980469	2357.69995117	0.0	279.5	0.0	0.0	0.0	0.0	-3289683.0	-3289683.0	-3289683.0	-3289683.0	
1.0	2838.50073242	160415.09375	-104.599998474	6087.0	0.0	-1.39999997616	13.3000001907	299.0	444.0	0.0	2.0	5054.79980469	2367.69995117	0.0	245.5	0.0	0.0	0.0	0.0	-3806871.0	-3806871.0	-3806871.0	-3806871.0	
1.0	2838.64868164	160374.09375	-105.599998474	6089.0	0.0	-3.40000009537	13.3000001907	303.0	506.0	0.0	5.0	5118.79980469	2434.69995117	0.0	268.5	0.0	0.0	0.0	0.0	-3268154.0	-3268154.0	-3268154.0	-3268154.0	
1.0	2838.79931641	160294.09375	-104.599998474	6099.0	0.0	-3.40000009537	15.3000001907	334.0	577.0	0.0	4.0	4917.79980469	2544.69995117	0.0	315.5	0.0	0.0	0.0	0.0	-3058020.0	-3058020.0	-3058020.0	-3058020.0	
1.0	2838.94995117	160230.09375	-106.599998474	6091.0	0.0	5.59999990463	4.30000019073	405.0	588.0	0.0	1.0	5533.79980469	2547.69995117	0.0	269.5	0.0	0.0	0.0	0.0	-3672916.0	-3672916.0	-3672916.0	-3672916.0	
1.0	2839.10058594	160189.09375	-115.599998474	6098.0	0.0	5.59999990463	3.29999995232	471.0	707.0	0.0	1.0	5466.79980469	2671.69995117	0.0	249.5	0.0	0.0	0.0	0.0	-2679668.0	-2679668.0	-2679668.0	-2679668.0	
1.0	2839.2487793	160293.09375	-113.599998474	6092.0	0.0	7.59999990463	3.29999995232	524.0	775.0	0.0	1.0	5635.79980469	2837.69995117	0.0	233.5	0.0	0.0	0.0	0.0	-2719604.0	-2719604.0	-2719604.0	-2719604.0	
1.0	2839.39941406	160208.09375	-116.599998474	6087.0	0.0	6.59999990463	-12.6999998093	549.0	823.0	0.0	1.0	5578.79980469	2825.69995117	0.0	262.5	0.0	0.0	0.0	0.0	-4116678.0	-4116678.0	-4116678.0	-4116678.0	
1.0	2839.55004883	160279.09375	-116.599998474	6095.0	0.0	4.59999990463	-16.7000007629	635.0	981.0	0.0	3.0	5573.79980469	3116.69995117	0.0	271.5	0.0	0.0	0.0	0.0	-2541155.0	-2541155.0	-2541155.0	-2541155.0	
1.0	2839.70092773	160260.09375	-115.599998474	6098.0	0.0	3.59999990463	-15.6999998093	746.0	1040.0	0.0	6.0	6077.79980469	3149.69995117	0.0	253.5	0.0	0.0	0.0	0.0	-2905238.0	-2905238.0	-2905238.0	-2905238.0	
1.0	2839.84912109	160157.09375	-115.599998474	6092.0	0.0	3.59999990463	-13.6999998093	768.0	1285.0	0.0	5.0	5355.79980469	3390.69995117	0.0	264.5	0.0	0.0	0.0	0.0	-2654616.0	-2654616.0	-2654616.0	-2654616.0	
1.0	2840.0	160156.09375	-116.599998474	6097.0	0.0	5.59999990463	-14.6999998093	814.0	1466.0	0.0	2.0	5543.79980469	3564.69995117	0.0	237.5	0.0	0.0	0.0	0.0	-3124749.0	-3124749.0	-3124749.0	-3124749.0	
1.0	2840.15063477	160112.09375	-114.599998474	6090.0	0.0	7.59999990463	-10.6999998093	970.0	1680.0	0.0	3.0	5512.79980469	3849.69995117	0.0	231.5	0.0	0.0	0.0	0.0	-2899449.0	-2899449.0	-2899449.0	-2899449.0	
1.0	2840.29907227	160088.09375	-115.599998474	6095.0	0.0	7.59999990463	-12.6999998093	1102.0	1925.0	0.0	3.0	5719.79980469	4174.70019531	0.0	271.5	0.0	0.0	0.0	0.0	-4000940.0	-4000940.0	-4000940.0	-4000940.0	
1.0	2840.44970703	160194.09375	-117.599998474	6095.0	0.0	5.59999990463	-12.6999998093	1292.0	2150.0	0.0	2.0	5940.79980469	4391.70019531	0.0	247.5	0.0	0.0	0.0	0.0	-2831003.0	-2831003.0	-2831003.0	-2831003.0	
1.0	2840.60058594	160118.09375	-111.599998474	6100.0	0.0	7.59999990463	4.30000019073	1349.0	2297.0	0.0	2.0	5999.79980469	4551.70019531	0.0	237.5	0.0	0.0	0.0	0.0	-3057679.0	-3057679.0	-3057679.0	-3057679.0	
1.0	2840.74902344	160081.09375	-116.599998474	6089.0	0.0	2.59999990463	2.29999995232	1431.0	2417.0	0.0	5.0	6159.79980469	4795.70019531	0.0	260.5	0.0	0.0	0.0	0.0	-2573280.0	-2573280.0	-2573280.0	-2573280.0	
1.0	2840.89990234	160086.09375	-113.599998474	6086.0	0.0	5.59999990463	1.29999995232	1459.0	2640.0	0.0	4.0	6062.79980469	5002.70019531	0.0	283.5	0.0	0.0	0.0	0.0	-3091900.0	-3091900.0	-3091900.0	-3091900.0	
1.0	2841.05102539	159984.09375	-114.599998474	6084.0	0.0	8.60000038147	-0.699999988079	1525.0	2820.0	0.0	6.0	6225.79980469	5147.70019531	0.0	255.5	0.0	0.0	0.0	0.0	-2907137.0	-2907137.0	-2907137.0	-2907137.0	
1.0	2841.19921875	159988.09375	-113.599998474	6088.0	0.0	9.60000038147	-6.69999980927	1558.0	2797.0	0.0	2.0	6224.79980469	5238.70019531	0.0	277.5	0.0	0.0	0.0	0.0	-2665342.0	-2665342.0	-2665342.0	-2665342.0	
1.0	2841.3503418	159934.09375	-114.599998474	6098.0	0.0	1.60000002384	-3.70000004768	1539.0	2809.0	0.0	2.0	6186.79980469	5175.70019531	0.0	256.5	0.0	0.0	0.0	0.0	-2850737.0	-2850737.0	-2850737.0	-2850737.0	
1.0	2841.4987793	160041.09375	-114.599998474	6091.0	0.0	-0.40000000596	3.29999995232	1450.0	2683.0	0.0	2.0	6186.79980469	5002.70019531	0.0	233.5	0.0	0.0	0.0	0.0	-2704199.0	-2704199.0	-2704199.0	-2704199.0	
1.0	2841.64990234	159955.09375	-109.599998474	6089.0	0.0	2.59999990463	4.30000019073	1378.0	2457.0	0.0	5.0	5935.79980469	4858.70019531	0.0	247.5	0.0	0.0	0.0	0.0	-3221570.0	-3221570.0	-3221570.0	-3221570.0	
1.0	2841.80078125	159865.09375	-103.599998474	6085.0	0.0	1.60000002384	4.30000019073	1341.0	2296.0	0.0	4.0	5999.79980469	4452.70019531	0.0	256.5	0.0	0.0	0.0	0.0	-2914748.0	-2914748.0	-2914748.0	-2914748.0	
1.0	2841.94946289	160001.09375	-105.599998474	6093.0	0.0	0.600000023842	2.29999995232	1221.0	2098.0	0.0	2.0	5860.79980469	4258.70019531	0.0	242.5	0.0	0.0	0.0	0.0	-2696793.0	-2696793.0	-2696793.0	-2696793.0	
1.0	2842.10058594	159916.09375	-102.599998474	6084.0	0.0	1.60000002384	2.29999995232	1084.0	1895.0	0.0	4.0	5843.79980469	4029.69995117	0.0	251.5	0.0	0.0	0.0	0.0	-2796868.0	-2796868.0	-2796868.0	-2796868.0	
1.0	2842.24902344	159958.09375	-101.599998474	6084.0	0.0	17.6000003815	-10.6999998093	1008.0	1652.0	0.0	2.0	5865.79980469	3785.69995117	0.0	255.5	0.0	0.0	0.0	0.0	-3129722.0	-3129722.0	-3129722.0	-3129722.0	
1.0	2842.40014648	159867.09375	-99.5999984741	6081.0	0.0	18.6000003815	-8.69999980927	863.0	1485.0	0.0	4.0	5419.79980469	3618.69995117	0.0	244.5	0.0	0.0	0.0	0.0	-2622326.0	-2622326.0	-2622326.0	-2622326.0	
1.0	2842.54882812	159859.09375	-100.599998474	6092.0	0.0	17.6000003815	3.29999995232	862.0	1343.0	0.0	3.0	5877.79980469	3515.69995117	0.0	243.5	0.0	0.0	0.0	0.0	-2786699.0	-2786699.0	-2786699.0	-2786699.0	
1.0	2842.69995117	159782.09375	-103.599998474	6103.0	0.0	16.6000003815	4.30000019073	742.0	1176.0	0.0	1.0	5676.79980469	3326.69995117	0.0	241.5	0.0	0.0	0.0	0.0	-3208772.0	-3208772.0	-3208772.0	-3208772.0	
1.0	2842.84863281	159826.09375	-104.599998474	6088.0	0.0	16.6000003815	5.30000019073	757.0	1072.0	0.0	0.0	6159.79980469	3161.69995117	0.0	266.5	0.0	0.0	0.0	0.0	-3078622.0	-3078622.0	-3078622.0	-3078622.0	
1.0	2843.0	159939.09375	-100.599998474	6100.0	0.0	17.6000003815	3.29999995232	639.0	1023.0	0.0	2.0	5862.79980469	3130.69995117	0.0	249.5	0.0	0.0	0.0	0.0	-2997867.0	-2997867.0	-2997867.0	-2997867.0	
1.0	2843.15136719	159811.09375	-105.599998474	6093.0	0.0	16.6000003815	3.29999995232	656.0	934.0	0.0	5.0	5555.79980469	2902.69995117	0.0	252.5	0.0	0.0	0.0	0.0	-3193915.0	-3193915.0	-3193915.0	-3193915.0	
1.0	2843.30004883	159793.09375	-103.599998474	6093.0	0.0	17.6000003815	6.30000019073	572.0	891.0	0.0	2.0	5534.79980469	2926.69995117	0.0	249.5	0.0	0.0	0.0	0.0	-2782646.0	-2782646.0	-2782646.0	-2782646.0	
1.0	2843.44873047	159785.09375	-95.5999984741	6086.0	0.0	16.6000003815	9.30000019073	515.0	922.0	0.0	1.0	5508.79980469	2904.69995117	0.0	256.5	0.0	0.0	0.0	0.0	-2621473.0	-2621473.0	-2621473.0	-2621473.0	
1.0	2843.60009766	159827.09375	-94.5999984741	6094.0	0.0	18.6000003815	7.30000019073	539.0	857.0	0.0	3.0	5254.79980469	2896.69995117	0.0	264.5	0.0	0.0	0.0	0.0	-2897740.0	-2897740.0	-2897740.0	-2897740.0	
1.0	2843.74902344	159822.09375	-96.5999984741	6095.0	0.0	15.6000003815	15.3000001907	516.0	838.0	0.0	5.0	5300.79980469	2868.69995117	0.0	291.5	0.0	0.0	0.0	0.0	-2575836.0	-2575836.0	-2575836.0	-2575836.0	
1.0	2843.90039062	159729.09375	-99.5999984741	6092.0	0.0	16.6000003815	17.2999992371	470.0	835.0	0.0	3.0	5171.79980469	2860.69995117	0.0	239.5	0.0	0.0	0.0	0.0	-2642081.0	-2642081.0	-2642081.0	-2642081.0	
1.0	2844.04907227	159750.09375	-108.599998474	6082.0	0.0	17.6000003815	16.2999992371	536.0	820.0	0.0	1.0	5533.79980469	2854.69995117	0.0	275.5	0.0	0.0	0.0	0.0	-2900551.0	-2900551.0	-2900551.0	-2900551.0	
1.0	2844.20068359	159790.09375	-103.599998474	6089.0	0.0	9.60000038147	12.3000001907	527.0	779.0	0.0	2.0	5164.79980469	2752.69995117	0.0	241.5	0.0	0.0	0.0	0.0	-3305761.0	-3305761.0	-3305761.0	-3305761.0	
1.0	2844.34936523	159606.09375	-105.599998474	6097.0	0.0	7.59999990463	11.3000001907	561.0	791.0	0.0	5.0	5696.79980469	2780.69995117	0.0	271.5	0.0	0.0	0.0	0.0	-2789461.0	-2789461.0	-2789461.0	-2789461.0	
1.0	2844.50097656	159669.09375	-104.599998474	6083.0	0.0	8.60000038147	11.3000001907	516.0	728.0	0.0	3.0	5521.79980469	2780.69995117	0.0	257.5	0.0	0.0	0.0	0.0	-3147162.0	-3147162.0	-3147162.0	-3147162.0	
1.0	2844.64990234	159808.09375	-95.5999984741	6085.0	0.0	15.6000003815	12.3000001907	482.0	742.0	0.0	3.0	5476.79980469	2683.69995117	0.0	242.5	0.0	0.0	0.0	0.0	-2961459.0	-2961459.0	-2961459.0	-2961459.0	
1.0	2844.79882812	159787.09375	-93.5999984741	6084.0	0.0	18.6000003815	15.3000001907	444.0	758.0	0.0	3.0	5386.79980469	2723.69995117	0.0	256.5	0.0	0.0	0.0	0.0	-2929581.0	-2929581.0	-2929581.0	-2929581.0	
1.0	2844.95043945	159741.09375	-96.5999984741	6089.0	0.0	16.6000003815	15.3000001907	451.0	729.0	0.0	5.0	5275.79980469	2755.69995117	0.0	266.5	0.0	0.0	0.0	0.0	-2494718.0	-2494718.0	-2494718.0	-2494718.0	
1.0	2845.09936523	159696.09375	-102.599998474	6087.0	0.0	14.6000003815	11.3000001907	495.0	676.0	0.0	3.0	5637.79980469	2677.69995117	0.0	275.5	0.0	0.0	0.0	0.0	-3140738.0	-3140738.0	-3140738.0	-3140738.0	
1.0	2845.25097656	159605.09375	-101.599998474	6082.0	0.0	13.6000003815	-1.70000004768	451.0	710.0	0.0	3.0	5144.79980469	2739.69995117	0.0	271.5	0.0	0.0	0.0	0.0	-2987774.0	-2987774.0	-2987774.0	-2987774.0	
1.0	2845.40014648	159599.09375	-100.599998474	6082.0	0.0	7.59999990463	14.3000001907	395.0	646.0	0.0	1.0	5065.79980469	2693.69995117	0.0	284.5	0.0	0.0	0.0	0.0	-2712110.0	-2712110.0	-2712110.0	-2712110.0	
1.0	2845.54907227	159722.09375	-103.599998474	6089.0	0.0	8.60000038147	16.2999992371	397.0	620.0	0.0	4.0	5267.79980469	2622.69995117	0.0	281.5	0.0	0.0	0.0	0.0	-2940825.0	-2940825.0	-2940825.0	-2940825.0	
1.0	2845.70092773	159574.09375	-105.599998474	6082.0	0.0	8.60000038147	18.2999992371	402.0	608.0	0.0	2.0	5318.79980469	2572.69995117	0.0	246.5	0.0	0.0	0.0	0.0	-2996800.0	-2996800.0	-2996800.0	-2996800.0	
1.0	2845.85009766	159537.09375	-102.599998474	6094.0	0.0	7.59999990463	10.3000001907	370.0	556.0	0.0	3.0	5311.79980469	2601.69995117	0.0	313.5	0.0	0.0	0.0	0.0	-2529624.0	-2529624.0	-2529624.0	-2529624.0	
1.0	2845.99902344	159518.09375	-101.599998474	6086.0	0.0	7.59999990463	0.300000011921	379.0	536.0	0.0	3.0	5221.79980469	2541.69995117	0.0	281.5	0.0	0.0	0.0	0.0	-2617928.0	-2617928.0	-2617928.0	-2617928.0	
1.0	2846.15087891	159618.09375	-100.599998474	6081.0	0.0	8.60000038147	-1.70000004768	340.0	535.0	0.0	2.0	4967.79980469	2512.69995117	0.0	244.5	0.0	0.0	0.0	0.0	-3199534.0	-3199534.0	-3199534.0	-3199534.0	
1.0	2846.30004883	159641.09375	-102.599998474	6082.0	0.0	-7.40000009537	14.3000001907	333.0	477.0	0.0	2.0	5212.79980469	2489.69995117	0.0	246.5	0.0	0.0	0.0	0.0	-2523946.0	-2523946.0	-2523946.0	-2523946.0	
1.0	2846.44921875	159546.09375	-103.599998474	6084.0	0.0	-7.40000009537	16.2999992371	343.0	448.0	0.0	0.0	5300.79980469	2462.69995117	0.0	276.5	0.0	0.0	0.0	0.0	-2912136.0	-2912136.0	-2912136.0	-2912136.0	
1.0	2846.60107422	159460.09375	-96.5999984741	6093.0	0.0	-9.39999961853	14.3000001907	311.0	471.0	0.0	3.0	5102.79980469	2460.69995117	0.0	222.5	0.0	0.0	0.0	0.0	-3141859.0	-3141859.0	-3141859.0	-3141859.0	
1.0	2846.75024414	159431.09375	-95.5999984741	6089.0	0.0	-10.3999996185	16.2999992371	351.0	463.0	0.0	3.0	5227.79980469	2482.69995117	0.0	228.5	0.0	0.0	0.0	0.0	-2835047.0	-2835047.0	-2835047.0	-2835047.0	
1.0	2846.8996582	159514.09375	-97.5999984741	6082.0	0.0	-12.3999996185	16.2999992371	342.0	432.0	0.0	3.0	5490.79980469	2402.69995117	0.0	269.5	0.0	0.0	0.0	0.0	-2902883.0	-2902883.0	-2902883.0	-2902883.0	
1.0	2847.04907227	159516.09375	-94.5999984741	6089.0	0.0	-11.3999996185	15.3000001907	322.0	424.0	0.0	3.0	5309.79980469	2302.69995117	0.0	228.5	0.0	0.0	0.0	0.0	-3228310.0	-3228310.0	-3228310.0	-3228310.0	
1.0	2847.20092773	159693.09375	-93.5999984741	6088.0	0.0	-10.3999996185	11.3000001907	312.0	444.0	0.0	3.0	5288.79980469	2415.69995117	0.0	222.5	0.0	0.0	0.0	0.0	-2662681.0	-2662681.0	-2662681.0	-2662681.0	
1.0	2847.3503418	160047.09375	-92.5999984741	6087.0	0.0	-11.3999996185	11.3000001907	284.0	463.0	0.0	4.0	5436.79980469	2388.69995117	0.0	271.5	0.0	0.0	0.0	0.0	-3148711.0	-3148711.0	-3148711.0	-3148711.0	
1.0	2847.49951172	160666.09375	-97.5999984741	6090.0	0.0	-5.40000009537	11.3000001907	289.0	431.0	0.0	4.0	5411.79980469	2445.69995117	0.0	277.5	0.0	0.0	0.0	0.0	-2648271.0	-2648271.0	-2648271.0	-2648271.0	
1.0	2847.64892578	161159.09375	-97.5999984741	6093.0	0.0	-0.40000000596	11.3000001907	338.0	457.0	0.0	5.0	5353.79980469	2495.69995117	0.0	263.5	0.0	0.0	0.0	0.0	-2767899.0	-2767899.0	-2767899.0	-2767899.0	
1.0	2847.80102539	161533.09375	-105.599998474	6087.0	0.0	-2.40000009537	13.3000001907	285.0	443.0	0.0	3.0	5283.79980469	2477.69995117	0.0	248.5	0.0	0.0	0.0	0.0	-2620351.0	-2620351.0	-2620351.0	-2620351.0	
1.0	2847.95043945	161555.09375	-107.599998474	6096.0	0.0	0.600000023842	11.3000001907	285.0	415.0	0.0	1.0	5154.79980469	2348.69995117	0.0	232.5	0.0	0.0	0.0	0.0	-3170704.0	-3170704.0	-3170704.0	-3170704.0	
1.0	2848.09985352	161530.09375	-106.599998474	6091.0	0.0	-3.40000009537	11.3000001907	300.0	439.0	0.0	1.0	5258.79980469	2370.69995117	0.0	256.5	0.0	0.0	0.0	0.0	-2912743.0	-2912743.0	-2912743.0	-2912743.0	
1.0	2848.24951172	161521.09375	-105.599998474	6093.0	0.0	-2.40000009537	12.3000001907	286.0	489.0	0.0	1.0	5480.79980469	2509.69995117	0.0	251.5	0.0	0.0	0.0	0.0	-2663371.0	-2663371.0	-2663371.0	-2663371.0	
1.0	2848.39892578	161455.09375	-104.599998474	6094.0	0.0	-3.40000009537	14.3000001907	281.0	439.0	0.0	0.0	5188.79980469	2524.69995117	0.0	251.5	0.0	0.0	0.0	0.0	-2889483.0	-2889483.0	-2889483.0	-2889483.0	
1.0	2848.55102539	161337.09375	-106.599998474	6087.0	0.0	-4.40000009537	12.3000001907	264.0	451.0	0.0	2.0	5090.79980469	2494.69995117	0.0	260.5	0.0	0.0	0.0	0.0	-3027891.0	-3027891.0	-3027891.0	-3027891.0	
1.0	2848.70068359	161280.09375	-108.599998474	6099.0	0.0	9.60000038147	6.30000019073	283.0	468.0	0.0	6.0	5065.79980469	2439.69995117	0.0	303.5	0.0	0.0	0.0	0.0	-2552812.0	-2552812.0	-2552812.0	-2552812.0	
1.0	2848.85009766	161350.09375	-106.599998474	6095.0	0.0	9.60000038147	1.29999995232	326.0	472.0	0.0	3.0	5119.79980469	2448.69995117	0.0	294.5	0.0	0.0	0.0	0.0	-2736984.0	-2736984.0	-2736984.0	-2736984.0	
1.0	2848.99975586	161322.09375	-105.599998474	6087.0	0.0	12.6000003815	0.300000011921	342.0	478.0	0.0	2.0	5335.79980469	2465.69995117	0.0	251.5	0.0	0.0	0.0	0.0	-2736052.0	-2736052.0	-2736052.0	-2736052.0	
1.0	2849.14941406	161251.09375	-109.599998474	6090.0	0.0	12.6000003815	9.30000019073	340.0	477.0	0.0	2.0	5260.79980469	2451.69995117	0.0	263.5	0.0	0.0	0.0	0.0	-2574789.0	-2574789.0	-2574789.0	-2574789.0	
1.0	2849.29907227	161402.09375	-113.599998474	6098.0	0.0	13.6000003815	11.3000001907	317.0	491.0	0.0	5.0	5312.79980469	2526.69995117	0.0	222.5	0.0	0.0	0.0	0.0	-2884532.0	-2884532.0	-2884532.0	-2884532.0	
1.0	2849.44873047	161393.09375	-116.599998474	6087.0	0.0	14.6000003815	12.3000001907	329.0	486.0	0.0	5.0	5285.79980469	2464.69995117	0.0	278.5	0.0	0.0	0.0	0.0	-2666989.0	-2666989.0	-2666989.0	-2666989.0	
1.0	2849.60107422	161332.09375	-110.599998474	6086.0	0.0	15.6000003815	13.3000001907	320.0	476.0	0.0	3.0	5560.79980469	2422.69995117	0.0	300.5	0.0	0.0	0.0	0.0	-3208580.0	-3208580.0	-3208580.0	-3208580.0	
1.0	2849.75073242	161239.09375	-112.599998474	6094.0	0.0	13.6000003815	12.3000001907	294.0	531.0	0.0	4.0	5184.79980469	2534.69995117	0.0	251.5	0.0	0.0	0.0	0.0	-2573030.0	-2573030.0	-2573030.0	-2573030.0	
1.0	2849.90063477	161209.09375	-107.599998474	6087.0	0.0	17.6000003815	10.3000001907	320.0	482.0	0.0	2.0	5484.79980469	2526.69995117	0.0	300.5	0.0	0.0	0.0	0.0	-2994480.0	-2994480.0	-2994480.0	-2994480.0	
1.0	2850.05029297	161156.09375	-111.599998474	6081.0	0.0	15.6000003815	6.30000019073	317.0	467.0	0.0	4.0	5335.79980469	2465.69995117	0.0	291.5	0.0	0.0	0.0	0.0	-2592272.0	-2592272.0	-2592272.0	-2592272.0	
1.0	2850.20019531	161202.09375	-106.599998474	6095.0	0.0	14.6000003815	8.30000019073	325.0	512.0	0.0	4.0	5084.79980469	2457.69995117	0.0	264.5	0.0	0.0	0.0	0.0	-3110368.0	-3110368.0	-3110368.0	-3110368.0	
1.0	2850.34985352	161224.09375	-108.599998474	6091.0	0.0	13.6000003815	13.3000001907	339.0	502.0	0.0	1.0	5323.79980469	2568.69995117	0.0	263.5	0.0	0.0	0.0	0.0	-2915776.0	-2915776.0	-2915776.0	-2915776.0	
1.0	2850.49975586	161185.09375	-112.599998474	6100.0	0.0	20.6000003815	10.3000001907	342.0	510.0	0.0	1.0	5423.79980469	2609.69995117	0.0	262.5	0.0	0.0	0.0	0.0	-2762860.0	-2762860.0	-2762860.0	-2762860.0	
1.0	2850.6496582	161193.09375	-107.599998474	6097.0	0.0	19.6000003815	10.3000001907	326.0	553.0	0.0	4.0	5219.79980469	2654.69995117	0.0	280.5	0.0	0.0	0.0	0.0	-2553196.0	-2553196.0	-2553196.0	-2553196.0	
1.0	2850.79956055	161139.09375	-106.599998474	6092.0	0.0	22.6000003815	12.3000001907	335.0	543.0	0.0	1.0	5397.79980469	2531.69995117	0.0	226.5	0.0	0.0	0.0	0.0	-2846778.0	-2846778.0	-2846778.0	-2846778.0	
1.0	2850.94946289	161015.09375	-106.599998474	6090.0	0.0	16.6000003815	9.30000019073	288.0	511.0	0.0	3.0	5138.79980469	2563.69995117	0.0	270.5	0.0	0.0	0.0	0.0	-2532389.0	-2532389.0	-2532389.0	-2532389.0	
1.0	2851.09936523	161009.09375	-104.599998474	6095.0	0.0	4.59999990463	11.3000001907	321.0	475.0	0.0	4.0	5475.79980469	2525.69995117	0.0	264.5	0.0	0.0	0.0	0.0	-2977818.0	-2977818.0	-2977818.0	-2977818.0	
1.0	2851.24926758	161129.09375	-106.599998474	6094.0	0.0	7.59999990463	8.30000019073	314.0	534.0	0.0	5.0	5067.79980469	2549.69995117	0.0	273.5	0.0	0.0	0.0	0.0	-3029126.0	-3029126.0	-3029126.0	-3029126.0	
1.0	2851.39941406	161057.09375	-103.599998474	6089.0	0.0	15.6000003815	10.3000001907	321.0	487.0	0.0	2.0	5289.79980469	2469.69995117	0.0	256.5	0.0	0.0	0.0	0.0	-3161242.0	-3161242.0	-3161242.0	-3161242.0	
1.0	2851.54931641	161127.09375	-106.599998474	6099.0	0.0	11.6000003815	10.3000001907	297.0	488.0	0.0	5.0	5116.79980469	2529.69995117	0.0	300.5	0.0	0.0	0.0	0.0	-2871019.0	-2871019.0	-2871019.0	-2871019.0	
1.0	2851.69946289	161115.09375	-109.599998474	6086.0	0.0	14.6000003815	11.3000001907	347.0	496.0	0.0	6.0	5394.79980469	2531.69995117	0.0	255.5	0.0	0.0	0.0	0.0	-2557089.0	-2557089.0	-2557089.0	-2557089.0	
1.0	2851.84936523	160983.09375	-124.599998474	6094.0	0.0	14.6000003815	10.3000001907	329.0	483.0	0.0	3.0	5449.79980469	2482.69995117	0.0	270.5	0.0	0.0	0.0	0.0	-3106614.0	-3106614.0	-3106614.0	-3106614.0	
1.0	2851.99951172	161060.09375	-121.599998474	6114.0	0.0	18.6000003815	10.3000001907	302.0	477.0	0.0	4.0	5298.79980469	2587.69995117	0.0	283.5	0.0	0.0	0.0	0.0	-2701438.0	-2701438.0	-2701438.0	-2701438.0	
1.0	2852.1496582	161179.09375	-122.599998474	6089.0	0.0	23.6000003815	11.3000001907	336.0	506.0	0.0	4.0	5335.79980469	2569.69995117	0.0	264.5	0.0	0.0	0.0	0.0	-3120270.0	-3120270.0	-3120270.0	-3120270.0	
1.0	2852.29956055	161084.09375	-123.599998474	6093.0	0.0	25.6000003815	11.3000001907	290.0	502.0	0.0	1.0	5089.79980469	2538.69995117	0.0	274.5	0.0	0.0	0.0	0.0	-2603720.0	-2603720.0	-2603720.0	-2603720.0	
1.0	2852.44970703	160992.09375	-120.599998474	6093.0	0.0	26.6000003815	14.3000001907	305.0	487.0	0.0	0.0	5342.79980469	2529.69995117	0.0	278.5	0.0	0.0	0.0	0.0	-2977093.0	-2977093.0	-2977093.0	-2977093.0	
1.0	2852.60009766	160975.09375	-105.599998474	6094.0	0.0	23.6000003815	16.2999992371	301.0	459.0	0.0	3.0	5330.79980469	2395.69995117	0.0	266.5	0.0	0.0	0.0	0.0	-2727502.0	-2727502.0	-2727502.0	-2727502.0	
1.0	2852.75024414	160946.09375	-105.599998474	6093.0	0.0	21.6000003815	14.3000001907	319.0	456.0	0.0	9.0	5293.79980469	2442.69995117	0.0	255.5	0.0	0.0	0.0	0.0	-3028680.0	-3028680.0	-3028680.0	-3028680.0	
1.0	2852.90039062	160815.09375	-108.599998474	6091.0	0.0	17.6000003815	15.3000001907	313.0	420.0	0.0	1.0	5568.79980469	2481.69995117	0.0	253.5	0.0	0.0	0.0	0.0	-2728141.0	-2728141.0	-2728141.0	-2728141.0	
1.0	2853.05053711	161037.09375	-104.599998474	6094.0	0.0	8.60000038147	13.3000001907	308.0	438.0	0.0	1.0	5205.79980469	2437.69995117	0.0	267.5	0.0	0.0	0.0	0.0	-3295093.0	-3295093.0	-3295093.0	-3295093.0	
1.0	2853.20092773	160877.09375	-108.599998474	6091.0	0.0	7.59999990463	11.3000001907	285.0	446.0	0.0	2.0	5065.79980469	2437.69995117	0.0	266.5	0.0	0.0	0.0	0.0	-3037413.0	-3037413.0	-3037413.0	-3037413.0	
1.0	2853.35107422	160946.09375	-104.599998474	6090.0	0.0	7.59999990463	16.2999992371	280.0	464.0	0.0	3.0	5001.79980469	2455.69995117	0.0	250.5	0.0	0.0	0.0	0.0	-2875881.0	-2875881.0	-2875881.0	-2875881.0	
1.0	2853.4987793	160911.09375	-108.599998474	6099.0	0.0	11.6000003815	17.2999992371	308.0	472.0	0.0	3.0	5322.79980469	2369.69995117	0.0	277.5	0.0	0.0	0.0	0.0	-2878071.0	-2878071.0	-2878071.0	-2878071.0	
1.0	2853.64916992	160775.09375	-107.599998474	6097.0	0.0	7.59999990463	12.3000001907	295.0	425.0	0.0	2.0	5145.79980469	2392.69995117	0.0	256.5	0.0	0.0	0.0	0.0	-3041240.0	-3041240.0	-3041240.0	-3041240.0	
1.0	2853.79956055	160780.09375	-105.599998474	6094.0	0.0	7.59999990463	12.3000001907	287.0	429.0	0.0	2.0	5192.79980469	2407.69995117	0.0	250.5	0.0	0.0	0.0	0.0	-2678594.0	-2678594.0	-2678594.0	-2678594.0	
1.0	2853.94995117	160829.09375	-106.599998474	6107.0	0.0	7.59999990463	11.3000001907	267.0	429.0	0.0	4.0	5196.79980469	2447.69995117	0.0	267.5	0.0	0.0	0.0	0.0	-3356984.0	-3356984.0	-3356984.0	-3356984.0	
1.0	2854.1003418	160838.09375	-106.599998474	6100.0	0.0	7.59999990463	12.3000001907	271.0	346.0	0.0	2.0	5410.79980469	2375.69995117	0.0	271.5	0.0	0.0	0.0	0.0	-2937625.0	-2937625.0	-2937625.0	-2937625.0	
1.0	2854.25073242	160884.09375	-105.599998474	6094.0	0.0	5.59999990463	16.2999992371	265.0	428.0	0.0	0.0	5238.79980469	2497.69995117	0.0	258.5	0.0	0.0	0.0	0.0	-2791154.0	-2791154.0	-2791154.0	-2791154.0	
1.0	2854.40112305	160778.09375	-108.599998474	6111.0	0.0	6.59999990463	14.3000001907	270.0	392.0	0.0	4.0	5215.79980469	2387.69995117	0.0	225.5	0.0	0.0	0.0	0.0	-2799050.0	-2799050.0	-2799050.0	-2799050.0	
1.0	2854.54907227	160887.09375	-107.599998474	6099.0	0.0	6.59999990463	13.3000001907	271.0	441.0	0.0	5.0	5126.79980469	2518.69995117	0.0	241.5	0.0	0.0	0.0	0.0	-3235240.0	-3235240.0	-3235240.0	-3235240.0	
1.0	2854.69946289	160783.09375	-108.599998474	6094.0	0.0	7.59999990463	12.3000001907	285.0	423.0	0.0	2.0	5421.79980469	2486.69995117	0.0	244.5	0.0	0.0	0.0	0.0	-2831681.0	-2831681.0	-2831681.0	-2831681.0	
1.0	2854.85009766	160581.09375	-108.599998474	6104.0	0.0	8.60000038147	13.3000001907	264.0	403.0	0.0	1.0	5296.79980469	2385.69995117	0.0	252.5	0.0	0.0	0.0	0.0	-3300639.0	-3300639.0	-3300639.0	-3300639.0	
1.0	2855.00048828	160685.09375	-108.599998474	6088.0	0.0	6.59999990463	15.3000001907	284.0	430.0	0.0	4.0	5096.79980469	2396.69995117	0.0	235.5	0.0	0.0	0.0	0.0	-3010707.0	-3010707.0	-3010707.0	-3010707.0	
1.0	2855.15112305	160685.09375	-107.599998474	6096.0	0.0	6.59999990463	15.3000001907	289.0	405.0	0.0	5.0	5263.79980469	2392.69995117	0.0	257.5	0.0	0.0	0.0	0.0	-2954250.0	-2954250.0	-2954250.0	-2954250.0	
1.0	2855.29907227	160752.09375	-107.599998474	6089.0	0.0	0.600000023842	15.3000001907	289.0	397.0	0.0	1.0	5115.79980469	2424.69995117	0.0	275.5	0.0	0.0	0.0	0.0	-2856886.0	-2856886.0	-2856886.0	-2856886.0	
1.0	2855.44970703	160739.09375	-109.599998474	6095.0	0.0	-1.39999997616	18.2999992371	261.0	446.0	0.0	4.0	5013.79980469	2509.69995117	0.0	263.5	0.0	0.0	0.0	0.0	-3278355.0	-3278355.0	-3278355.0	-3278355.0	
1.0	2855.6003418	160635.09375	-103.599998474	6093.0	0.0	-2.40000009537	18.2999992371	290.0	420.0	0.0	8.0	5353.79980469	2401.69995117	0.0	286.5	0.0	0.0	0.0	0.0	-2698486.0	-2698486.0	-2698486.0	-2698486.0	
1.0	2855.75097656	160557.09375	-96.5999984741	6083.0	0.0	-3.40000009537	16.2999992371	262.0	422.0	0.0	1.0	5386.79980469	2431.69995117	0.0	256.5	0.0	0.0	0.0	0.0	-2959634.0	-2959634.0	-2959634.0	-2959634.0	
1.0	2855.89916992	160626.09375	-97.5999984741	6095.0	0.0	4.59999990463	16.2999992371	299.0	429.0	0.0	3.0	5393.79980469	2380.69995117	0.0	224.5	0.0	0.0	0.0	0.0	-3091439.0	-3091439.0	-3091439.0	-3091439.0	
1.0	2856.04980469	160547.09375	-94.5999984741	6099.0	0.0	8.60000038147	16.2999992371	288.0	444.0	0.0	2.0	5237.79980469	2430.69995117	0.0	258.5	0.0	0.0	0.0	0.0	-2913923.0	-2913923.0	-2913923.0	-2913923.0	
1.0	2856.20043945	160518.09375	-94.5999984741	6099.0	0.0	6.59999990463	17.2999992371	286.0	432.0	0.0	4.0	5305.79980469	2452.69995117	0.0	271.5	0.0	0.0	0.0	0.0	-2565967.0	-2565967.0	-2565967.0	-2565967.0	
1.0	2856.35131836	160507.09375	-94.5999984741	6093.0	0.0	7.59999990463	16.2999992371	276.0	406.0	0.0	2.0	5391.79980469	2426.69995117	0.0	228.5	0.0	0.0	0.0	0.0	-3100229.0	-3100229.0	-3100229.0	-3100229.0	
1.0	2856.49926758	160539.09375	-95.5999984741	6089.0	0.0	8.60000038147	16.2999992371	302.0	452.0	0.0	0.0	5347.79980469	2498.69995117	0.0	252.5	0.0	0.0	0.0	0.0	-3026616.0	-3026616.0	-3026616.0	-3026616.0	
1.0	2856.65014648	160415.09375	-97.5999984741	6095.0	0.0	7.59999990463	19.2999992371	265.0	432.0	0.0	1.0	4986.79980469	2443.69995117	0.0	239.5	0.0	0.0	0.0	0.0	-3231304.0	-3231304.0	-3231304.0	-3231304.0	
1.0	2856.80102539	160550.09375	-97.5999984741	6097.0	0.0	11.6000003815	21.2999992371	267.0	435.0	0.0	1.0	5285.79980469	2461.69995117	0.0	258.5	0.0	0.0	0.0	0.0	-3140794.0	-3140794.0	-3140794.0	-3140794.0	
1.0	2856.94921875	160436.09375	-97.5999984741	6094.0	0.0	22.6000003815	20.2999992371	270.0	418.0	0.0	1.0	5297.79980469	2456.69995117	0.0	258.5	0.0	0.0	0.0	0.0	-3075400.0	-3075400.0	-3075400.0	-3075400.0	
1.0	2857.10009766	160528.09375	-94.5999984741	6082.0	0.0	26.6000003815	17.2999992371	312.0	396.0	0.0	2.0	5413.79980469	2448.69995117	0.0	246.5	0.0	0.0	0.0	0.0	-2664578.0	-2664578.0	-2664578.0	-2664578.0	
1.0	2857.25097656	160496.09375	-94.5999984741	6090.0	0.0	11.6000003815	17.2999992371	263.0	438.0	0.0	1.0	5095.79980469	2428.69995117	0.0	277.5	0.0	0.0	0.0	0.0	-3038038.0	-3038038.0	-3038038.0	-3038038.0	
1.0	2857.39916992	160484.09375	-100.599998474	6094.0	0.0	7.59999990463	16.2999992371	278.0	463.0	0.0	1.0	5297.79980469	2421.69995117	0.0	273.5	0.0	0.0	0.0	0.0	-2683452.0	-2683452.0	-2683452.0	-2683452.0	
1.0	2857.55029297	160461.09375	-95.5999984741	6085.0	0.0	7.59999990463	13.3000001907	270.0	389.0	0.0	0.0	5160.79980469	2463.69995117	0.0	266.5	0.0	0.0	0.0	0.0	-2627079.0	-2627079.0	-2627079.0	-2627079.0	
1.0	2857.70117188	160315.09375	-92.5999984741	6090.0	0.0	-2.40000009537	6.30000019073	237.0	398.0	0.0	1.0	5048.79980469	2557.69995117	0.0	233.5	0.0	0.0	0.0	0.0	-2983411.0	-2983411.0	-2983411.0	-2983411.0	
1.0	2857.84960938	160409.09375	-99.5999984741	6089.0	0.0	-3.40000009537	5.30000019073	300.0	438.0	0.0	5.0	5240.79980469	2470.69995117	0.0	289.5	0.0	0.0	0.0	0.0	-2516433.0	-2516433.0	-2516433.0	-2516433.0	
1.0	2858.00048828	160268.09375	-94.5999984741	6076.0	0.0	-5.40000009537	16.2999992371	245.0	414.0	0.0	1.0	4887.79980469	2515.69995117	0.0	250.5	0.0	0.0	0.0	0.0	-3003167.0	-3003167.0	-3003167.0	-3003167.0	
1.0	2858.14892578	160415.09375	-97.5999984741	6084.0	0.0	2.59999990463	20.2999992371	261.0	416.0	0.0	0.0	5283.79980469	2450.69995117	0.0	265.5	0.0	0.0	0.0	0.0	-2689397.0	-2689397.0	-2689397.0	-2689397.0	
1.0	2858.30004883	160362.09375	-95.5999984741	6084.0	0.0	8.60000038147	18.2999992371	268.0	435.0	0.0	2.0	5142.79980469	2431.69995117	0.0	295.5	0.0	0.0	0.0	0.0	-2656444.0	-2656444.0	-2656444.0	-2656444.0	
1.0	2858.45092773	160352.09375	-99.5999984741	6084.0	0.0	15.6000003815	16.2999992371	285.0	415.0	0.0	3.0	5549.79980469	2367.69995117	0.0	261.5	0.0	0.0	0.0	0.0	-2965051.0	-2965051.0	-2965051.0	-2965051.0	
1.0	2858.59960938	160293.09375	-94.5999984741	6090.0	0.0	23.6000003815	12.3000001907	278.0	449.0	0.0	1.0	4944.79980469	2471.69995117	0.0	267.5	0.0	0.0	0.0	0.0	-2578705.0	-2578705.0	-2578705.0	-2578705.0	
1.0	2858.75073242	160409.09375	-95.5999984741	6097.0	0.0	21.6000003815	5.30000019073	268.0	403.0	0.0	1.0	5148.79980469	2391.69995117	0.0	262.5	0.0	0.0	0.0	0.0	-3160860.0	-3160860.0	-3160860.0	-3160860.0	
1.0	2858.89916992	160220.09375	-96.5999984741	6087.0	0.0	18.6000003815	13.3000001907	291.0	415.0	0.0	5.0	5078.79980469	2428.69995117	0.0	277.5	0.0	0.0	0.0	0.0	-2864036.0	-2864036.0	-2864036.0	-2864036.0	
1.0	2859.05029297	160217.09375	-95.5999984741	6096.0	0.0	10.6000003815	14.3000001907	250.0	400.0	0.0	4.0	5017.79980469	2435.69995117	0.0	271.5	0.0	0.0	0.0	0.0	-3308547.0	-3308547.0	-3308547.0	-3308547.0	
1.0	2859.19897461	160126.09375	-90.5999984741	6095.0	0.0	7.59999990463	13.3000001907	286.0	431.0	0.0	1.0	5360.79980469	2378.69995117	0.0	239.5	0.0	0.0	0.0	0.0	-2961282.0	-2961282.0	-2961282.0	-2961282.0	
1.0	2859.35009766	160264.09375	-95.5999984741	6096.0	0.0	7.59999990463	14.3000001907	283.0	423.0	0.0	1.0	5316.79980469	2421.69995117	0.0	258.5	0.0	0.0	0.0	0.0	-2841136.0	-2841136.0	-2841136.0	-2841136.0	
1.0	2859.4987793	160254.09375	-98.5999984741	6085.0	0.0	6.59999990463	12.3000001907	313.0	435.0	0.0	5.0	5248.79980469	2407.69995117	0.0	263.5	0.0	0.0	0.0	0.0	-2996982.0	-2996982.0	-2996982.0	-2996982.0	
1.0	2859.64990234	160202.09375	-96.5999984741	6092.0	0.0	6.59999990463	11.3000001907	283.0	437.0	0.0	2.0	5342.79980469	2450.69995117	0.0	270.5	0.0	0.0	0.0	0.0	-2570475.0	-2570475.0	-2570475.0	-2570475.0	
1.0	2859.80126953	160153.09375	-93.5999984741	6083.0	0.0	9.60000038147	0.300000011921	261.0	448.0	0.0	5.0	5187.79980469	2552.69995117	0.0	247.5	0.0	0.0	0.0	0.0	-2619005.0	-2619005.0	-2619005.0	-2619005.0	
1.0	2859.94995117	160278.09375	-93.5999984741	6085.0	0.0	10.6000003815	2.29999995232	264.0	432.0	0.0	1.0	5172.79980469	2500.69995117	0.0	246.5	0.0	0.0	0.0	0.0	-2958983.0	-2958983.0	-2958983.0	-2958983.0	
1.0	2859.99951172	160170.09375	-93.5999984741	6088.0	0.0	14.6000003815	1.29999995232	288.0	434.0	0.0	5.0	5152.79980469	2439.69995117	0.0	235.5	0.0	0.0	0.0	0.0	-2548302.0	-2548302.0	-2548302.0	-2548302.0	
1.0	2860.59960938	160146.09375	-94.5999984741	6097.0	0.0	19.6000003815	0.300000011921	282.0	448.0	0.0	7.0	5391.79980469	2493.69995117	0.0	254.5	0.0	0.0	0.0	0.0	-2867026.0	-2867026.0	-2867026.0	-2867026.0	
1.0	2861.20043945	160300.09375	-94.5999984741	6088.0	0.0	17.6000003815	3.29999995232	288.0	403.0	0.0	1.0	5337.79980469	2392.69995117	0.0	257.5	0.0	0.0	0.0	0.0	-2854778.0	-2854778.0	-2854778.0	-2854778.0	
1.0	2861.80126953	160018.09375	-95.5999984741	6095.0	0.0	18.6000003815	-10.6999998093	280.0	404.0	0.0	6.0	5310.79980469	2386.69995117	0.0	281.5	0.0	0.0	0.0	0.0	-2938184.0	-2938184.0	-2938184.0	-2938184.0	
1.0	2862.39990234	160076.09375	-94.5999984741	6095.0	0.0	19.6000003815	-14.6999998093	281.0	433.0	0.0	2.0	5382.79980469	2426.69995117	0.0	271.5	0.0	0.0	0.0	0.0	-2877812.0	-2877812.0	-2877812.0	-2877812.0	
1.0	2862.99902344	160038.09375	-97.5999984741	6087.0	0.0	18.6000003815	-14.6999998093	350.0	478.0	0.0	1.0	5509.79980469	2464.69995117	0.0	236.5	0.0	0.0	0.0	0.0	-2494008.0	-2494008.0	-2494008.0	-2494008.0	
1.0	2863.60107422	160012.09375	-93.5999984741	6092.0	0.0	16.6000003815	-13.6999998093	302.0	412.0	0.0	3.0	5504.79980469	2441.69995117	0.0	251.5	0.0	0.0	0.0	0.0	-3102738.0	-3102738.0	-3102738.0	-3102738.0	
1.0	2864.20092773	159959.09375	-93.5999984741	6087.0	0.0	15.6000003815	-11.6999998093	333.0	449.0	0.0	0.0	5358.79980469	2390.69995117	0.0	238.5	0.0	0.0	0.0	0.0	-3038526.0	-3038526.0	-3038526.0	-3038526.0	
1.0	2864.80102539	160090.09375	-94.5999984741	6085.0	0.0	13.6000003815	-13.6999998093	271.0	480.0	0.0	1.0	5174.79980469	2545.69995117	0.0	281.5	0.0	0.0	0.0	0.0	-3523291.0	-3523291.0	-3523291.0	-3523291.0	
1.0	2865.39916992	160007.09375	-90.5999984741	6100.0	0.0	10.6000003815	-12.6999998093	265.0	446.0	0.0	6.0	5324.79980469	2415.69995117	0.0	265.5	0.0	0.0	0.0	0.0	-2871721.0	-2871721.0	-2871721.0	-2871721.0	
1.0	2866.0	159922.09375	-97.5999984741	6081.0	0.0	9.60000038147	-13.6999998093	297.0	466.0	0.0	4.0	5255.79980469	2518.69995117	0.0	265.5	0.0	0.0	0.0	0.0	-2682070.0	-2682070.0	-2682070.0	-2682070.0	
1.0	2866.60131836	159816.09375	-96.5999984741	6086.0	0.0	12.6000003815	2.29999995232	274.0	472.0	0.0	3.0	5224.79980469	2462.69995117	0.0	270.5	0.0	0.0	0.0	0.0	-2680366.0	-2680366.0	-2680366.0	-2680366.0	
1.0	2867.20019531	159886.09375	-94.5999984741	6089.0	0.0	11.6000003815	3.29999995232	268.0	485.0	0.0	3.0	5144.79980469	2567.69995117	0.0	247.5	0.0	0.0	0.0	0.0	-3164760.0	-3164760.0	-3164760.0	-3164760.0	
1.0	2867.79956055	159731.09375	-95.5999984741	6093.0	0.0	9.60000038147	1.29999995232	303.0	431.0	0.0	1.0	5444.79980469	2407.69995117	0.0	276.5	0.0	0.0	0.0	0.0	-3281004.0	-3281004.0	-3281004.0	-3281004.0	
1.0	2868.39941406	159771.09375	-96.5999984741	6088.0	0.0	6.59999990463	0.300000011921	264.0	404.0	0.0	1.0	5187.79980469	2399.69995117	0.0	255.5	0.0	0.0	0.0	0.0	-3042968.0	-3042968.0	-3042968.0	-3042968.0	
1.0	2868.99951172	159717.09375	-96.5999984741	6084.0	0.0	-4.40000009537	-1.70000004768	299.0	390.0	0.0	1.0	5469.79980469	2385.69995117	0.0	290.5	0.0	0.0	0.0	0.0	-3080112.0	-3080112.0	-3080112.0	-3080112.0	
1.0	2869.60009766	159764.09375	-99.5999984741	6086.0	0.0	-4.40000009537	-0.699999988079	288.0	386.0	0.0	2.0	5339.79980469	2464.69995117	0.0	313.5	0.0	0.0	0.0	0.0	-2628026.0	-2628026.0	-2628026.0	-2628026.0	
1.0	2870.00048828	159754.09375	-96.5999984741	6103.0	0.0	-2.40000009537	-1.70000004768	256.0	401.0	0.0	1.0	5415.79980469	2436.69995117	0.0	241.5	0.0	0.0	0.0	0.0	-3206213.0	-3206213.0	-3206213.0	-3206213.0	
1.0	2871.5012207	159671.09375	-95.5999984741	6090.0	0.0	-1.39999997616	0.300000011921	271.0	424.0	0.0	3.0	5331.79980469	2379.69995117	0.0	228.5	0.0	0.0	0.0	0.0	-3091047.0	-3091047.0	-3091047.0	-3091047.0	
1.0	2872.99902344	159487.09375	-92.5999984741	6096.0	0.0	-2.40000009537	13.3000001907	268.0	466.0	0.0	4.0	5212.79980469	2516.69995117	0.0	269.5	0.0	0.0	0.0	0.0	-3160591.0	-3160591.0	-3160591.0	-3160591.0	
1.0	2874.49902344	159444.09375	-94.5999984741	6095.0	0.0	-5.40000009537	13.3000001907	310.0	474.0	0.0	4.0	5346.79980469	2555.69995117	0.0	255.5	0.0	0.0	0.0	0.0	-2698373.0	-2698373.0	-2698373.0	-2698373.0	
1.0	2876.0012207	159469.09375	-91.5999984741	6090.0	0.0	-5.40000009537	14.3000001907	289.0	440.0	0.0	4.0	5325.79980469	2475.69995117	0.0	264.5	0.0	0.0	0.0	0.0	-3253779.0	-3253779.0	-3253779.0	-3253779.0	
1.0	2877.50048828	159305.09375	-91.5999984741	6096.0	0.0	9.60000038147	18.2999992371	329.0	490.0	0.0	1.0	5542.79980469	2584.69995117	0.0	270.5	0.0	0.0	0.0	0.0	-3276520.0	-3276520.0	-3276520.0	-3276520.0	
1.0	2878.99951172	159261.09375	-94.5999984741	6085.0	0.0	6.59999990463	18.2999992371	334.0	528.0	0.0	2.0	5231.79980469	2662.69995117	0.0	253.5	0.0	0.0	0.0	0.0	-2652338.0	-2652338.0	-2652338.0	-2652338.0	
1.0	2880.50048828	159204.09375	-94.5999984741	6097.0	0.0	7.59999990463	16.2999992371	333.0	519.0	0.0	2.0	5222.79980469	2689.69995117	0.0	269.5	0.0	0.0	0.0	0.0	-2854964.0	-2854964.0	-2854964.0	-2854964.0	
1.0	2882.0012207	159143.09375	-91.5999984741	6102.0	0.0	5.59999990463	10.3000001907	361.0	535.0	0.0	7.0	5747.79980469	2614.69995117	0.0	270.5	0.0	0.0	0.0	0.0	-2907991.0	-2907991.0	-2907991.0	-2907991.0	
1.0	2883.4987793	159001.09375	-92.5999984741	6086.0	0.0	7.59999990463	-1.70000004768	359.0	521.0	0.0	1.0	5454.79980469	2583.69995117	0.0	266.5	0.0	0.0	0.0	0.0	-2978182.0	-2978182.0	-2978182.0	-2978182.0	
1.0	2884.9987793	159021.09375	-96.5999984741	6094.0	0.0	7.59999990463	-0.699999988079	338.0	547.0	0.0	6.0	5535.79980469	2601.69995117	0.0	271.5	0.0	0.0	0.0	0.0	-3277134.0	-3277134.0	-3277134.0	-3277134.0	
1.0	2886.50097656	158980.09375	-93.5999984741	6088.0	0.0	4.59999990463	-18.7000007629	314.0	502.0	0.0	4.0	5459.79980469	2560.69995117	0.0	291.5	0.0	0.0	0.0	0.0	-2514200.0	-2514200.0	-2514200.0	-2514200.0	
1.0	2886.99951172	158929.09375	-93.5999984741	6095.0	0.0	-2.40000009537	-2.70000004768	318.0	550.0	0.0	2.0	5397.79980469	2564.69995117	0.0	243.5	0.0	0.0	0.0	0.0	-2963988.0	-2963988.0	-2963988.0	-2963988.0	
1.0	2890.0012207	158872.09375	-97.5999984741	6092.0	0.0	-4.40000009537	-4.69999980927	340.0	548.0	0.0	5.0	5447.79980469	2600.69995117	0.0	297.5	0.0	0.0	0.0	0.0	-2730810.0	-2730810.0	-2730810.0	-2730810.0	
1.0	2893.0012207	158715.09375	-94.5999984741	6093.0	0.0	-2.40000009537	-5.69999980927	333.0	482.0	0.0	3.0	5520.79980469	2573.69995117	0.0	252.5	0.0	0.0	0.0	0.0	-2562518.0	-2562518.0	-2562518.0	-2562518.0	
1.0	2895.99926758	158517.09375	-97.5999984741	6084.0	0.0	2.59999990463	-5.69999980927	322.0	536.0	0.0	4.0	5549.79980469	2585.69995117	0.0	241.5	0.0	0.0	0.0	0.0	-3195270.0	-3195270.0	-3195270.0	-3195270.0	
1.0	2899.00097656	158479.09375	-97.5999984741	6089.0	0.0	0.600000023842	-5.69999980927	300.0	453.0	0.0	2.0	5587.79980469	2464.69995117	0.0	253.5	0.0	0.0	0.0	0.0	-2573447.0	-2573447.0	-2573447.0	-2573447.0	
1.0	2902.00073242	158343.09375	-96.5999984741	6092.0	0.0	-2.40000009537	-3.70000004768	262.0	468.0	0.0	1.0	5536.79980469	2554.69995117	0.0	276.5	0.0	0.0	0.0	0.0	-2819497.0	-2819497.0	-2819497.0	-2819497.0	
1.0	2905.0012207	158312.09375	-98.5999984741	6086.0	0.0	0.600000023842	-17.7000007629	334.0	501.0	0.0	2.0	5697.79980469	2612.69995117	0.0	274.5	0.0	0.0	0.0	0.0	-2740861.0	-2740861.0	-2740861.0	-2740861.0	
